0.000000000000000000e+00 9.997814007226694111e-01 2.031688151476128651e-04
5.000000000000000104e-03 9.998131201963826875e-01 1.728136822875849237e-04
1.000000000000000021e-02 9.996657943597812013e-01 3.102248035182048297e-04
1.499999999999999944e-02 9.993327665489966094e-01 6.277049438968921582e-04
2.000000000000000042e-02 9.992520561524406153e-01 7.163681549317884234e-04
2.500000000000000139e-02 9.994202234019912146e-01 5.674147779724340044e-04
2.999999999999999889e-02 9.994559227837985782e-01 5.331490210852228833e-04
3.499999999999999639e-02 9.993196530749792750e-01 6.618363376248518606e-04
4.000000000000000083e-02 9.991591287165216828e-01 8.189349123854063788e-04
4.499999999999999833e-02 9.990253026455501173e-01 9.486990966735498127e-04
5.000000000000000278e-02 9.990398980579926480e-01 9.356252540672843968e-04
5.500000000000000028e-02 9.991999412006935533e-01 7.856092320705044619e-04
5.999999999999999778e-02 9.992253205301500074e-01 7.611527792005950716e-04
6.500000000000000222e-02 9.990390999847644782e-01 9.370799407409375736e-04
6.999999999999999278e-02 9.988838805575447344e-01 1.088489196163878537e-03
7.499999999999999722e-02 9.988797376450814225e-01 1.098177462256054492e-03
8.000000000000000167e-02 9.989548953775390094e-01 1.029197078732170664e-03
8.500000000000000611e-02 9.990271834235948667e-01 9.604389887297846594e-04
8.999999999999999667e-02 9.990152322985217381e-01 9.702253455977091030e-04
9.500000000000000111e-02 9.989053425411827947e-01 1.071945144810542610e-03
1.000000000000000056e-01 9.988269160304797945e-01 1.145824930049941940e-03
1.050000000000000100e-01 9.988808595626338382e-01 1.097019581867096031e-03
1.100000000000000006e-01 9.989871609792529972e-01 9.981065333644005121e-04
1.150000000000000050e-01 9.990221203154574514e-01 9.648200982339677489e-04
1.199999999999999956e-01 9.989595963589144034e-01 1.023354680688010705e-03
1.250000000000000000e-01 9.988536662115850007e-01 1.123577652967751002e-03
1.300000000000000044e-01 9.987982084549188455e-01 1.177151101915016986e-03
1.350000000000000089e-01 9.988416467891169104e-01 1.138160519400716920e-03
1.399999999999999856e-01 9.989180588900400393e-01 1.067475813900185333e-03
1.449999999999999900e-01 9.989231814935987108e-01 1.062639375498155778e-03
1.499999999999999944e-01 9.988414906010860683e-01 1.139416234026155959e-03
1.549999999999999989e-01 9.987588811737235783e-01 1.217967947774258736e-03
1.600000000000000033e-01 9.987514201977705230e-01 1.226187352356503460e-03
1.650000000000000078e-01 9.988123897773864002e-01 1.169607463770546947e-03
1.700000000000000122e-01 9.988694192985001497e-01 1.116081082406422936e-03
1.750000000000000167e-01 9.988464110639473370e-01 1.137534889978612015e-03
1.799999999999999933e-01 9.987535950469986767e-01 1.225308828545166977e-03
1.849999999999999978e-01 9.986821348839547419e-01 1.294204731344972400e-03
1.900000000000000022e-01 9.986941842186686236e-01 1.284926098800100083e-03
1.950000000000000067e-01 9.987580043662617202e-01 1.225999691847636875e-03
2.000000000000000111e-01 9.987870782885505117e-01 1.198613769792283151e-03
2.050000000000000155e-01 9.987386099277236751e-01 1.243967558222255649e-03
2.100000000000000200e-01 9.986525482335003590e-01 1.325393236642500097e-03
2.150000000000000244e-01 9.986080840526049274e-01 1.368631223501984642e-03
2.200000000000000011e-01 9.986454440222479745e-01 1.335069672245522195e-03
2.250000000000000056e-01 9.987068687537107303e-01 1.277962520563935165e-03
2.300000000000000100e-01 9.987071794944930581e-01 1.277566446541415334e-03
2.350000000000000144e-01 9.986389784034196415e-01 1.341909705490102389e-03
2.399999999999999911e-01 9.985643732704335696e-01 1.413140841381245287e-03
2.450001209453085138e-01 9.985504774975156872e-01 1.427754486228893999e-03
2.500000000000000000e-01 9.985992721163342578e-01 1.383023067352133137e-03
2.549998790546914584e-01 9.986386475641655380e-01 1.346299512623794561e-03
2.600000000000000089e-01 9.986081177821379828e-01 1.375017791872288090e-03
2.649998790546914673e-01 9.985305863390215864e-01 1.448618246245273562e-03
2.700000000000000178e-01 9.984833853786556634e-01 1.494459586069734041e-03
2.749998790546914762e-01 9.985033481354531615e-01 1.476998019898475645e-03
2.799999999999999711e-01 9.985516591541558906e-01 1.432089279717579499e-03
2.849998790546914851e-01 9.985616743918861449e-01 1.422616210502939326e-03
2.899999999999999800e-01 9.985050595506435034e-01 1.476071712559170980e-03
2.950001209453085305e-01 9.984343104932610347e-01 1.543775561778575316e-03
2.999999999999999889e-01 9.984197584521545821e-01 1.559124457438625664e-03
3.050001209453085393e-01 9.984579613054093139e-01 1.524289325001348385e-03
3.099999999999999978e-01 9.984897725353744091e-01 1.494594987206904028e-03
3.150001209453085482e-01 9.984663579083188356e-01 1.516615917665716223e-03
3.200000000000000067e-01 9.983984711782818433e-01 1.581067470921646966e-03
3.250001209453085571e-01 9.983507229629030588e-01 1.627368169939624135e-03
3.300000000000000155e-01 9.983639440213091243e-01 1.616395382565499750e-03
3.350001209453085105e-01 9.984054962232234987e-01 1.578005523743388665e-03
3.400000000000000244e-01 9.984116844093242626e-01 1.572229243240075508e-03
3.450001209453085194e-01 9.983639772282210112e-01 1.617374292836483343e-03
3.500000000000000333e-01 9.983030118118602081e-01 1.675718748141678252e-03
3.550001209453085282e-01 9.982810623765888680e-01 1.697823516041988001e-03
3.599999999999999867e-01 9.983095811159775623e-01 1.672175378169391555e-03
3.650001209453085371e-01 9.983393333720625984e-01 1.644594330406598873e-03
3.699999999999999956e-01 9.983201953758686908e-01 1.662684886692518448e-03
3.750001209453084905e-01 9.982639365177308211e-01 1.716186790159490976e-03
3.800000000000000044e-01 9.982186622586901592e-01 1.760004718915599486e-03
3.849998790546914629e-01 9.982178979537775776e-01 1.762087767763937784e-03
3.900000000000000133e-01 9.982483625433253849e-01 1.734311113162160948e-03
3.949998790546914718e-01 9.982606293095240835e-01 1.723047620132528565e-03
4.000000000000000222e-01 9.982273975101304542e-01 1.754518501884890034e-03
4.049998790546914251e-01 9.981736029561041335e-01 1.805888547448981831e-03
4.100000000000000311e-01 9.981447883822929246e-01 1.834281266641993096e-03
4.149998790546914340e-01 9.981551346351730247e-01 1.825761114412799944e-03
4.200000000000000400e-01 9.981777996286593790e-01 1.805167037671645200e-03
4.249998790546914429e-01 9.981763917270938258e-01 1.806803076800326570e-03
4.300000000000000488e-01 9.981377640779954818e-01 1.843494974701068547e-03
4.349998790546915073e-01 9.980912598334077401e-01 1.888104263720151877e-03
4.400000000000000022e-01 9.980744230764027058e-01 1.905181933659696363e-03
4.449998790546915162e-01 9.980870639819916512e-01 1.894373499498112337e-03
4.500000000000000111e-01 9.981019459418870587e-01 1.881022241681896273e-03
4.549998790546915250e-01 9.980911823985136877e-01 1.891504811659454506e-03
4.600000000000000200e-01 9.980517257913360529e-01 1.929103109916830783e-03
4.649998790546914784e-01 9.980130687056263383e-01 1.966387996819601684e-03
4.700000000000000289e-01 9.980026280678232498e-01 1.977412249419207950e-03
4.750001209453085238e-01 9.980161893060589540e-01 1.965655672659272213e-03
4.799999999999999822e-01 9.980242637526151039e-01 1.958627527984928458e-03
4.850001209453085327e-01 9.980053784075315626e-01 1.976788698983451137e-03
4.899999999999999911e-01 9.979667575832421589e-01 2.013725523602358583e-03
4.950001209453085416e-01 9.979344989426139900e-01 2.045069138106056592e-03
5.000000000000000000e-01 9.979309610755543458e-01 2.049573965565943887e-03
5.050001209453085504e-01 9.979452705230812404e-01 2.036987859116282974e-03
5.100000000000000089e-01 9.979448677331305140e-01 2.037837544074027393e-03
5.150001209453085593e-01 9.979182821759142730e-01 2.063294229059132578e-03
5.200000000000000178e-01 9.978805742543095381e-01 2.099530432582914427e-03
5.250001209453084572e-01 9.978580305410614804e-01 2.121825331417216947e-03
5.300000000000000266e-01 9.978628252323492598e-01 2.118387429092189952e-03
5.350001209453084661e-01 9.978737885692067211e-01 2.108774355227176558e-03
5.400000000000000355e-01 9.978625708189482468e-01 2.119739503525324559e-03
5.450001209453084750e-01 9.978280181501422152e-01 2.152817376334804477e-03
5.499999999999999334e-01 9.977957663583890691e-01 2.184121715747828867e-03
5.550001209453084838e-01 9.977873468515706668e-01 2.193142555028101525e-03
5.599999999999999423e-01 9.977968768057789983e-01 2.185049770736280893e-03
5.650001209453084927e-01 9.977991353609879654e-01 2.183456077822232017e-03
5.699999999999999512e-01 9.977746524188559896e-01 2.206939247231961242e-03
5.750001209453086126e-01 9.977368658035067339e-01 2.243276335583809650e-03
5.799999999999999600e-01 9.977170392778130781e-01 2.263039631414374454e-03
5.850001209453086215e-01 9.977212432043432999e-01 2.260084020521669745e-03
5.899999999999999689e-01 9.977291384479013425e-01 2.253301010486001912e-03
5.950001209453085194e-01 9.977171906847457361e-01 2.264988333390423672e-03
5.999999999999999778e-01 9.976822160881170243e-01 2.298510135151683384e-03
6.050001209453085282e-01 9.976503565715491018e-01 2.329481218564064416e-03
6.099999999999999867e-01 9.976446725263199422e-01 2.335957552245775636e-03
6.150001209453085371e-01 9.976555808169860207e-01 2.326519587711778098e-03
6.199999999999999956e-01 9.976544127043350807e-01 2.328092462439649863e-03
6.249998790546914540e-01 9.976278549947548147e-01 2.353581287118888983e-03
6.300000000000000044e-01 9.975914595211551328e-01 2.388652533877608578e-03
6.349998790546914629e-01 9.975710139104430052e-01 2.408986765643716076e-03
6.400000000000000133e-01 9.975759668510496558e-01 2.405353772475397715e-03
6.449998790546914718e-01 9.975850617040099566e-01 2.397446828652221619e-03
6.500000000000000222e-01 9.975711580585950866e-01 2.410963250515531404e-03
6.549998790546914806e-01 9.975372502738688585e-01 2.443508765212777743e-03
6.600000000000000311e-01 9.975069107985230499e-01 2.473026112694992357e-03
6.649998790546913785e-01 9.974979469627024420e-01 2.482535332839605393e-03
6.700000000000000400e-01 9.975061979944171986e-01 2.475641678412648320e-03
6.749998790546913874e-01 9.975067692740496872e-01 2.475668839837425177e-03
6.800000000000000488e-01 9.974843123279546475e-01 2.497305629022522882e-03
6.849998790546915073e-01 9.974509790809342746e-01 2.529428693996392270e-03
6.900000000000000577e-01 9.974294146193087851e-01 2.550725138626303793e-03
6.949998790546915162e-01 9.974272083353111773e-01 2.553775489716146423e-03
7.000000000000000666e-01 9.974311425957164134e-01 2.550832820855696622e-03
7.050001209453085060e-01 9.974237044136963215e-01 2.558418586022526316e-03
7.099999999999999645e-01 9.973991000716198041e-01 2.582170619842749128e-03
7.150001209453085149e-01 9.973706841401243084e-01 2.609715432523640466e-03
7.199999999999999734e-01 9.973558837958735879e-01 2.624599534765951168e-03
7.250001209453085238e-01 9.973535585879215182e-01 2.627675135342180061e-03
7.299999999999999822e-01 9.973516319786488449e-01 2.630226777136698574e-03
7.350001209453085327e-01 9.973401708067635152e-01 2.641655078747757578e-03
7.399999999999999911e-01 9.973173609526487793e-01 2.663780568763994810e-03
7.450001209453085416e-01 9.972942114462737262e-01 2.686358880650524528e-03
7.500000000000000000e-01 9.972810881534910354e-01 2.699609390770723889e-03
7.550001209453085504e-01 9.972763208903020482e-01 2.704961431382091590e-03
7.600000000000000089e-01 9.972710702800455795e-01 2.710652428676428149e-03
7.650001209453085593e-01 9.972582015684235968e-01 2.723438157292404262e-03
7.700000000000000178e-01 9.972380347878058160e-01 2.743099061587283595e-03
7.750001209453084572e-01 9.972170603043404302e-01 2.763616827436412345e-03
7.800000000000000266e-01 9.972037730084536422e-01 2.777013230604325183e-03
7.850001209453084661e-01 9.971983770154883020e-01 2.782954198435454076e-03
7.900000000000000355e-01 9.971914790742273382e-01 2.790182260090522028e-03
7.950001209453084750e-01 9.971776791452462430e-01 2.803841469476312919e-03
8.000000000000000444e-01 9.971577454002110708e-01 2.823304344221567487e-03
8.049998790546915028e-01 9.971379208584042475e-01 2.842774536230788674e-03
8.099999999999999423e-01 9.971267218487236406e-01 2.854208600496033980e-03
8.150001209453084927e-01 9.971217746387568415e-01 2.859687672046171397e-03
8.200000000000000622e-01 9.971130501043984351e-01 2.868587402739650790e-03
8.250001209453086126e-01 9.970960247799062204e-01 2.885279360563608626e-03
8.299999999999999600e-01 9.970752841386046894e-01 2.905573131899547978e-03
8.350001209453085105e-01 9.970595006073178501e-01 2.921295452915818967e-03
8.400000000000000799e-01 9.970519520323585239e-01 2.929254546566614076e-03
8.450001209453085194e-01 9.970465447565931560e-01 2.935082161578281019e-03
8.499999999999999778e-01 9.970331940293666317e-01 2.948291076792626531e-03
8.550001209453085282e-01 9.970116702167625133e-01 2.969273785630514775e-03
8.600000000000000977e-01 9.969932379781755172e-01 2.987498166161115139e-03
8.650001209453085371e-01 9.969838352075605092e-01 2.997231851852019853e-03
8.699999999999999956e-01 9.969791714897333623e-01 3.002383843825486009e-03
8.750001209453084350e-01 9.969697874669646298e-01 3.011861394443794693e-03
8.800000000000000044e-01 9.969495921441741126e-01 3.031533426986060108e-03
8.850001209453085549e-01 9.969268739402386004e-01 3.053749673206233948e-03
8.899999999999999023e-01 9.969140995709193653e-01 3.066717408068664417e-03
8.949998790546914718e-01 9.969107991431179761e-01 3.070661117135073479e-03
9.000000000000000222e-01 9.969053446503661764e-01 3.076443986020754515e-03
9.050001209453085727e-01 9.968885244560340420e-01 3.092886640927340700e-03
9.099999999999999201e-01 9.968640614100106045e-01 3.116667282413468527e-03
9.149998790546914895e-01 9.968447221866632013e-01 3.135796877823339348e-03
9.200000000000000400e-01 9.968385636607978162e-01 3.142531890379690173e-03
9.250001209453085904e-01 9.968377969444843778e-01 3.143997885605230580e-03
9.299999999999999378e-01 9.968270014376395816e-01 3.154740330598386835e-03
9.349998790546915073e-01 9.968040292694737570e-01 3.177020403456769747e-03
9.400000000000000577e-01 9.967802221853895306e-01 3.200281796519147647e-03
9.450001209453084972e-01 9.967668848233729451e-01 3.213788871010745708e-03
9.499999999999999556e-01 9.967648982010671732e-01 3.216521640194749173e-03
9.549998790546915250e-01 9.967611908351510230e-01 3.220679099313468203e-03
9.599999999999999645e-01 9.967445937415824186e-01 3.236898769683224913e-03
9.650001209453085149e-01 9.967200625496784872e-01 3.260723128960480843e-03
9.699999999999999734e-01 9.967005989776608343e-01 3.279942225339881837e-03
9.749998790546915428e-01 9.966924745276806163e-01 3.288494139806175630e-03
9.799999999999999822e-01 9.966893992131825586e-01 3.292165981437223700e-03
9.850001209453085327e-01 9.966804236694626340e-01 3.301276493866969579e-03
9.899999999999998801e-01 9.966613729221056595e-01 3.319872179701678638e-03
9.949998790546914496e-01 9.966394703839517311e-01 3.341272197098492207e-03
1.000000000000000000e+00 9.966250192831553889e-01 3.355748439162864038e-03
1.005000120945308550e+00 9.966177579857544711e-01 3.363412620172299018e-03
1.010000000000000009e+00 9.966103718261799527e-01 3.371111582540868828e-03
1.014999879054691467e+00 9.965979136164513363e-01 3.383548139932701388e-03
1.020000000000000018e+00 9.965800791997536656e-01 3.401060280009137425e-03
1.025000120945308568e+00 9.965625997527253199e-01 3.418293854997548654e-03
1.030000000000000027e+00 9.965500526553223715e-01 3.430916986008435924e-03
1.034999879054691485e+00 9.965401671561613384e-01 3.441014843136968281e-03
1.040000000000000036e+00 9.965293303449477280e-01 3.451983462557536159e-03
1.045000120945308586e+00 9.965162468749247937e-01 3.465058351549725121e-03
1.050000000000000044e+00 9.965015958131172580e-01 3.479595275444386307e-03
1.055000120945308595e+00 9.964866373671630306e-01 3.494419687367480119e-03
1.060000000000000053e+00 9.964728012655683642e-01 3.508221325642242941e-03
1.065000120945308382e+00 9.964605587511083939e-01 3.520547367648930569e-03
1.070000000000000062e+00 9.964486539952294164e-01 3.532548981736333658e-03
1.075000120945308613e+00 9.964368320277251501e-01 3.544449731285276989e-03
1.080000000000000071e+00 9.964239900116441673e-01 3.557270222597634732e-03
1.085000120945308399e+00 9.964087484759954760e-01 3.572346247491268480e-03
1.090000000000000080e+00 9.963937728545936290e-01 3.587227661940148218e-03
1.095000120945308630e+00 9.963811926272463371e-01 3.599886665938778572e-03
1.099999999999999867e+00 9.963700285658766420e-01 3.611186640574118225e-03
1.105000120945308417e+00 9.963585129784462424e-01 3.622775020840894068e-03
1.110000000000000098e+00 9.963446975686357510e-01 3.636511435053432773e-03
1.115000120945308648e+00 9.963291833311371803e-01 3.651872452604639115e-03
1.119999999999999885e+00 9.963150998167473738e-01 3.665929816156695241e-03
1.124999879054691565e+00 9.963038360922084058e-01 3.677333021142730005e-03
1.130000000000000115e+00 9.962926753243154243e-01 3.688588864157685103e-03
1.135000120945308444e+00 9.962787926076372980e-01 3.702391056950890373e-03
1.139999999999999902e+00 9.962636807618374668e-01 3.717389759376747444e-03
1.144999879054691583e+00 9.962498669144264074e-01 3.731193064927973424e-03
1.150000000000000133e+00 9.962384542187663339e-01 3.742724790703788260e-03
1.155000120945308462e+00 9.962278687403651745e-01 3.753433645495199422e-03
1.159999999999999920e+00 9.962139315034131970e-01 3.767268511250185248e-03
1.164999879054691601e+00 9.961971666215031496e-01 3.783815420124211730e-03
1.169999999999999929e+00 9.961827156249386528e-01 3.798252533371385044e-03
1.175000120945308479e+00 9.961724680877369620e-01 3.808717124218396512e-03
1.179999999999999938e+00 9.961633717235625074e-01 3.818016809667801152e-03
1.184999879054691618e+00 9.961505237931380652e-01 3.830798640635170622e-03
1.189999999999999947e+00 9.961327932784956873e-01 3.848217693817416844e-03
1.195000120945308497e+00 9.961152484416109232e-01 3.865558881642638511e-03
1.199999999999999956e+00 9.961037030010844173e-01 3.877297790838549196e-03
1.204999879054691414e+00 9.960969468049751807e-01 3.884447528498569200e-03
1.209999999999999964e+00 9.960871632034514755e-01 3.894333201723303248e-03
1.215000120945308515e+00 9.960703940369795006e-01 3.910795392250338877e-03
1.219999999999999973e+00 9.960507288479656385e-01 3.930086908998753174e-03
1.224999879054691432e+00 9.960352118309787617e-01 3.945564584697151302e-03
1.229999999999999982e+00 9.960272276157311477e-01 3.953935279352555413e-03
1.235000120945308533e+00 9.960209738106138300e-01 3.960557870343468269e-03
1.239999999999999991e+00 9.960080740261011423e-01 3.973355805180921532e-03
1.244999879054691450e+00 9.959887218903207273e-01 3.992285028589831822e-03
1.250000000000000000e+00 9.959701366252159405e-01 4.010607866754388982e-03
1.255000120945308550e+00 9.959582039921501817e-01 4.022707416907573934e-03
1.260000000000000009e+00 9.959513977487071124e-01 4.029913995543353035e-03
1.264999879054691467e+00 9.959425005980253598e-01 4.038995626605874911e-03
1.270000000000000018e+00 9.959269013994420661e-01 4.054364603636759906e-03
1.275000120945308568e+00 9.959078724972189045e-01 4.073036681786002151e-03
1.280000000000000027e+00 9.958925805929651487e-01 4.088266178868865154e-03
1.285000120945308577e+00 9.958827072106934963e-01 4.098378376952401328e-03
1.290000000000000036e+00 9.958738165336200598e-01 4.107503927962784934e-03
1.295000120945308586e+00 9.958617308739804441e-01 4.119604909004271828e-03
1.300000000000000044e+00 9.958457185042511872e-01 4.135415669691535658e-03
1.305000120945308595e+00 9.958296096179729551e-01 4.151359392911823168e-03
1.310000000000000053e+00 9.958169571758971328e-01 4.164065464022495555e-03
1.315000120945308382e+00 9.958060658249602293e-01 4.175088486831477451e-03
1.320000000000000062e+00 9.957940245690120040e-01 4.187179220866821434e-03
1.325000120945308613e+00 9.957803688297545142e-01 4.200802373318169788e-03
1.330000000000000071e+00 9.957664165956330304e-01 4.214710105894723530e-03
1.335000120945308399e+00 9.957533111976175633e-01 4.227806538009484805e-03
1.340000000000000080e+00 9.957406274697789827e-01 4.240496705739143189e-03
1.345000120945308630e+00 9.957273124479915083e-01 4.253790150552490962e-03
1.349999999999999867e+00 9.957133300180422975e-01 4.267736626082863777e-03
1.355000120945308417e+00 9.957004169006533623e-01 4.280693166834354836e-03
1.360000000000000098e+00 9.956889735414542475e-01 4.292236511192578340e-03
1.365000120945308648e+00 9.956766050206071750e-01 4.304608225426050788e-03
1.369999999999999885e+00 9.956623595862993392e-01 4.318754092721808699e-03
1.375000120945308435e+00 9.956474598498983308e-01 4.333557511161754451e-03
1.380000000000000115e+00 9.956337457710897620e-01 4.347273787638628387e-03
1.385000120945308444e+00 9.956224076974391490e-01 4.358742013067387101e-03
1.389999999999999902e+00 9.956114547338372756e-01 4.369802397179469756e-03
1.394999879054691583e+00 9.955981382911884836e-01 4.383061871367141364e-03
1.400000000000000133e+00 9.955829278002814586e-01 4.398132524950183059e-03
1.405000120945308462e+00 9.955684625605892846e-01 4.412543431413900805e-03
1.409999999999999920e+00 9.955561456031356560e-01 4.424932704450341286e-03
1.414999879054691601e+00 9.955447547112645790e-01 4.436421982873766170e-03
1.419999999999999929e+00 9.955324214318994613e-01 4.448779987308019122e-03
1.425000120945308479e+00 9.955184177875311402e-01 4.462713629057445987e-03
1.429999999999999938e+00 9.955041160460749161e-01 4.476949655323052800e-03
1.434999879054691618e+00 9.954913768915625294e-01 4.489721571807162720e-03
1.439999999999999947e+00 9.954791369971460746e-01 4.502001670284615405e-03
1.445000120945308497e+00 9.954658264157453251e-01 4.515285546806239135e-03
1.449999999999999956e+00 9.954520949439793487e-01 4.528988716921568403e-03
1.454999879054691414e+00 9.954390291795683909e-01 4.542075356602469360e-03
1.459999999999999964e+00 9.954270793932318284e-01 4.554092846249567852e-03
1.465000120945308515e+00 9.954149979159904182e-01 4.566204481608588002e-03
1.469999999999999973e+00 9.954008828912421780e-01 4.580225946974171222e-03
1.474999879054691432e+00 9.953855173997565586e-01 4.595464274053486127e-03
1.479999999999999982e+00 9.953719177894359005e-01 4.609083192476858166e-03
1.485000120945308533e+00 9.953612992022606853e-01 4.619878437035356694e-03
1.489999999999999991e+00 9.953508830786504946e-01 4.630418695886987651e-03
1.494999879054691450e+00 9.953373956251830856e-01 4.643820838845361988e-03
1.500000000000000000e+00 9.953210041915474537e-01 4.659995064213045581e-03
1.505000120945308550e+00 9.953051347316188568e-01 4.675744377657536227e-03
1.510000000000000009e+00 9.952934533122533844e-01 4.687575327176903006e-03
1.515000120945308559e+00 9.952847188771734022e-01 4.696574126012933829e-03
1.520000000000000018e+00 9.952736285463407162e-01 4.707717133398871961e-03
1.525000120945308568e+00 9.952579743438118021e-01 4.723159573846046413e-03
1.530000000000000027e+00 9.952406900980358406e-01 4.740206428709886448e-03
1.535000120945308577e+00 9.952264250438722648e-01 4.754465919083857017e-03
1.540000000000000036e+00 9.952166441763978799e-01 4.764486690197828646e-03
1.545000120945308586e+00 9.952075248389987694e-01 4.773815698217121102e-03
1.550000000000000044e+00 9.951944914893461336e-01 4.786786405656008256e-03
1.555000120945308595e+00 9.951777274984352495e-01 4.803302856020913621e-03
1.560000000000000053e+00 9.951617804051883232e-01 4.819115048086476324e-03
1.565000120945308382e+00 9.951496954146188401e-01 4.831305548192740482e-03
1.570000000000000062e+00 9.951398368313262299e-01 4.841361090764899691e-03
1.575000120945308613e+00 9.951286318247508644e-01 4.852644372062563626e-03
1.580000000000000071e+00 9.951141556472925531e-01 4.867003689005299817e-03
1.585000120945308399e+00 9.950984391172020826e-01 4.882565303508893534e-03
1.590000000000000080e+00 9.950848865112544850e-01 4.896114595793136202e-03
1.595000120945308408e+00 9.950734046087095219e-01 4.907698509349089216e-03
1.600000000000000089e+00 9.950616409629118309e-01 4.919526079931784736e-03
1.605000120945308417e+00 9.950483583077879279e-01 4.932786774991292263e-03
1.609999999999999876e+00 9.950342672646510511e-01 4.946822324982774223e-03
1.614999879054691556e+00 9.950209805404722774e-01 4.960101796107277070e-03
1.619999999999999885e+00 9.950086836673240898e-01 4.972435382341597494e-03
1.624999879054691343e+00 9.949959470654227145e-01 4.985172860214367140e-03
1.630000000000000115e+00 9.949819957425193317e-01 4.999068449132582428e-03
1.635000120945308444e+00 9.949681835687143039e-01 5.012861018760030388e-03
1.640000000000000124e+00 9.949559738486598581e-01 5.025142288580358198e-03
1.645000120945308453e+00 9.949443598668998856e-01 5.036826382475082312e-03
1.649999999999999911e+00 9.949315210923734831e-01 5.049642618443326084e-03
1.654999879054691592e+00 9.949169806241705549e-01 5.064078664966010709e-03
1.659999999999999920e+00 9.949021778303331898e-01 5.078800174319440461e-03
1.664999879054691378e+00 9.948894902045888333e-01 5.091548952565159124e-03
1.669999999999999929e+00 9.948787093825415262e-01 5.102472771359962272e-03
1.675000120945308257e+00 9.948670133297600193e-01 5.114214218188942347e-03
1.680000000000000160e+00 9.948528705905743674e-01 5.128256645149294538e-03
1.685000120945308488e+00 9.948375853730153651e-01 5.143412927801496205e-03
1.689999999999999947e+00 9.948236884849144257e-01 5.157292850256962879e-03
1.694999879054691627e+00 9.948120817412831052e-01 5.169009089335441405e-03
1.699999999999999956e+00 9.948010518407675029e-01 5.180148994922672764e-03
1.704999879054691414e+00 9.947882586166492125e-01 5.192926348418417000e-03
1.709999999999999964e+00 9.947735834525830434e-01 5.207490507013783770e-03
1.715000120945308737e+00 9.947592843355227421e-01 5.221729925060565949e-03
1.720000000000000195e+00 9.947465873702279193e-01 5.234463465592669416e-03
1.725000120945308524e+00 9.947346157357939145e-01 5.246498330820427956e-03
1.729999999999999760e+00 9.947221587358663353e-01 5.258981637237078455e-03
1.734999879054691663e+00 9.947086933179859480e-01 5.272417668717821297e-03
1.739999999999999991e+00 9.946951211639835089e-01 5.285962092356183417e-03
1.744999879054691228e+00 9.946823438322180966e-01 5.298754680783337827e-03
1.750000000000000000e+00 9.946695903905792280e-01 5.311512374984109740e-03
1.755000120945308772e+00 9.946560577655975122e-01 5.325007928970883382e-03
1.760000000000000009e+00 9.946423774987319666e-01 5.338665208619941017e-03
1.765000120945308337e+00 9.946297102388759193e-01 5.351376956089941295e-03
1.770000000000000240e+00 9.946179553169696153e-01 5.363206150267692957e-03
1.775000120945308568e+00 9.946056011192738744e-01 5.375571571987556273e-03
1.779999999999999805e+00 9.945915235421350920e-01 5.389560504700376814e-03
1.784999879054691263e+00 9.945765113430965476e-01 5.404463867691431701e-03
1.790000000000000036e+00 9.945630386438163439e-01 5.417951980684135305e-03
1.795000120945308586e+00 9.945520358567239150e-01 5.429100889204986624e-03
1.800000000000000044e+00 9.945411288808740924e-01 5.440109492761121233e-03
1.805000120945308373e+00 9.945278297061563855e-01 5.453346400785813800e-03
1.810000000000000053e+00 9.945123007172607110e-01 5.468711077285949573e-03
1.815000120945308382e+00 9.944972186939906589e-01 5.483703572203299861e-03
1.819999999999999840e+00 9.944851102356447869e-01 5.495912117006759683e-03
1.824999879054691743e+00 9.944749881092578292e-01 5.506212978559520653e-03
1.830000000000000071e+00 9.944634183161633612e-01 5.517829023317015989e-03
1.835000120945308622e+00 9.944487736766521868e-01 5.532339546499862558e-03
1.840000000000000080e+00 9.944330505024133737e-01 5.547909706475770419e-03
1.845000120945308408e+00 9.944193159622850553e-01 5.561640057770198854e-03
1.850000000000000089e+00 9.944081571904123118e-01 5.572933647995037369e-03
1.855000120945308417e+00 9.943973602887087315e-01 5.583849760287587331e-03
1.859999999999999876e+00 9.943843787195985051e-01 5.596801326660717779e-03
1.864999879054691556e+00 9.943693823195340897e-01 5.611668083280358515e-03
1.869999999999999885e+00 9.943550100728983931e-01 5.625977793071865012e-03
1.875000120945308657e+00 9.943425772022793652e-01 5.638463729723264262e-03
1.880000000000000115e+00 9.943309598902829727e-01 5.650162550736401168e-03
1.885000120945308444e+00 9.943184967666053309e-01 5.662646263108981129e-03
1.890000000000000124e+00 9.943047315247608431e-01 5.676362235196720507e-03
1.895000120945308453e+00 9.942909276466921353e-01 5.690126202827886642e-03
1.899999999999999911e+00 9.942781727005126635e-01 5.702900881809609170e-03
1.904999879054691592e+00 9.942658075560771858e-01 5.715295171942409540e-03
1.909999999999999920e+00 9.942526477479843861e-01 5.728435771961500403e-03
1.914999879054691378e+00 9.942388698173829642e-01 5.742176862681081830e-03
1.919999999999999929e+00 9.942257576227249150e-01 5.755303241964777883e-03
1.925000120945308257e+00 9.942136461128737723e-01 5.767472081398021186e-03
1.930000000000000160e+00 9.942014617688765821e-01 5.779685475862850544e-03
1.935000120945308488e+00 9.941880007533243635e-01 5.793096523422838241e-03
1.939999999999999947e+00 9.941734431168922637e-01 5.807564212186943665e-03
1.944999879054691627e+00 9.941597330188610693e-01 5.821262938774332367e-03
1.949999999999999956e+00 9.941479612329061633e-01 5.833131507747324300e-03
1.954999879054691414e+00 9.941366616891780250e-01 5.844519371138980068e-03
1.959999999999999964e+00 9.941238292786962472e-01 5.857328409332003376e-03
1.965000120945308737e+00 9.941091757231140802e-01 5.871868780747420413e-03
1.970000000000000195e+00 9.940945183585113698e-01 5.886447674970290110e-03
1.975000120945308524e+00 9.940818091186397476e-01 5.899206746640898134e-03
1.979999999999999760e+00 9.940707016790578665e-01 5.910435567453105679e-03
1.985000120945308533e+00 9.940589381008293479e-01 5.922248944567937504e-03
1.989999999999999991e+00 9.940451156063171423e-01 5.935996711756290865e-03
1.994999879054691228e+00 9.940303865383800508e-01 5.950624838312424530e-03
2.000000000000000000e+00 9.940167338161418620e-01 5.964260318360375263e-03
2.005000120945308772e+00 9.940046459615253793e-01 5.976417417296868428e-03
2.010000000000000231e+00 9.939929610841909957e-01 5.988175868627537181e-03
2.015000120945308559e+00 9.939801424544296715e-01 6.000990049905848868e-03
2.020000000000000018e+00 9.939662121999141009e-01 6.014859228317394509e-03
2.025000120945308346e+00 9.939525765979619898e-01 6.028463835261818442e-03
2.029999999999999805e+00 9.939397910119009971e-01 6.041266255585419145e-03
2.034999879054691263e+00 9.939272198972451955e-01 6.053858985625562572e-03
2.040000000000000036e+00 9.939142337147576223e-01 6.066844656438742829e-03
2.045000120945308808e+00 9.939009866389749703e-01 6.080084252644711931e-03
2.050000000000000266e+00 9.938881103242658277e-01 6.092974196293614308e-03
2.055000120945308595e+00 9.938756126772075872e-01 6.105495040263642093e-03
2.060000000000000053e+00 9.938626911901228267e-01 6.118404267868218088e-03
2.065000120945308382e+00 9.938488623265598898e-01 6.132176428366075717e-03
2.069999999999999840e+00 9.938350471400996256e-01 6.145960008522671075e-03
2.074999879054691743e+00 9.938225059312884024e-01 6.158552230465042313e-03
2.080000000000000071e+00 9.938108692230095409e-01 6.170269955580650993e-03
2.085000120945308844e+00 9.937985844675106817e-01 6.182571196298022528e-03
2.089999999999999858e+00 9.937846631836017020e-01 6.196413535461240026e-03
2.095000120945308186e+00 9.937699178904643160e-01 6.211060864110117680e-03
2.100000000000000089e+00 9.937564557562351686e-01 6.224527338265182022e-03
2.105000120945308417e+00 9.937449733022236664e-01 6.236120965114235436e-03
2.109999999999999876e+00 9.937337164784257881e-01 6.247465798448780840e-03
2.114999879054691778e+00 9.937206714680902886e-01 6.260474346477585585e-03
2.120000000000000107e+00 9.937058900799222716e-01 6.275136645073277515e-03
2.124999879054691565e+00 9.936914172205588702e-01 6.289541794344845164e-03
2.129999999999999893e+00 9.936789110861912189e-01 6.302105651725538674e-03
2.135000120945308222e+00 9.936677675375484853e-01 6.313364461010039300e-03
2.140000000000000124e+00 9.936558034762038583e-01 6.325366848886006428e-03
2.145000120945308453e+00 9.936418918910301379e-01 6.339201709228288115e-03
2.149999999999999911e+00 9.936273423251423820e-01 6.353661979445195986e-03
2.154999879054691814e+00 9.936139442356261009e-01 6.367054661113556724e-03
2.160000000000000142e+00 9.936019136308114064e-01 6.379152651533851089e-03
2.164999879054691156e+00 9.935900084896547302e-01 6.391115436179491995e-03
2.169999999999999929e+00 9.935769725251051288e-01 6.404136272019404774e-03
2.175000120945308257e+00 9.935631123089886385e-01 6.417942783066129565e-03
2.180000000000000160e+00 9.935497110218411976e-01 6.431326708964615543e-03
2.185000120945308488e+00 9.935371214901123071e-01 6.443941621431790480e-03
2.189999999999999947e+00 9.935245476593591585e-01 6.456532866564105265e-03
2.194999879054691405e+00 9.935113563826496463e-01 6.469709091951452232e-03
2.199999999999999734e+00 9.934979610202058220e-01 6.483088832004046953e-03
2.204999879054691192e+00 9.934851126420605194e-01 6.495954336836988821e-03
2.209999999999999964e+00 9.934727735382927749e-01 6.508327105290654183e-03
2.215000120945308737e+00 9.934600472160881601e-01 6.521051857430688013e-03
2.220000000000000195e+00 9.934463064815765021e-01 6.534737868737129640e-03
2.225000120945308524e+00 9.934323985643640498e-01 6.548604100615104326e-03
2.229999999999999982e+00 9.934196264803802912e-01 6.561411194759829424e-03
2.235000120945308311e+00 9.934078552727603206e-01 6.573258032966859503e-03
2.239999999999999769e+00 9.933957075102930467e-01 6.585434604949468376e-03
2.244999879054691228e+00 9.933821048573453494e-01 6.598978055418914385e-03
2.250000000000000000e+00 9.933676163176102802e-01 6.613378818949734901e-03
2.255000120945308772e+00 9.933540305827450734e-01 6.626953505533422946e-03
2.260000000000000231e+00 9.933421215600573007e-01 6.638945526505924191e-03
2.265000120945308559e+00 9.933306381300941457e-01 6.650508858110164810e-03
2.270000000000000018e+00 9.933178333212658861e-01 6.663298234782009596e-03
2.275000120945308346e+00 9.933035674864922893e-01 6.677475400272336534e-03
2.279999999999999805e+00 9.932893634842354658e-01 6.691619199657613572e-03
2.284999879054691263e+00 9.932765532454913560e-01 6.704460185843040369e-03
2.290000000000000036e+00 9.932648668829159311e-01 6.716229047441312806e-03
2.295000120945308808e+00 9.932527403175551717e-01 6.728392164329658962e-03
2.300000000000000266e+00 9.932392671344376645e-01 6.741820993147159061e-03
2.305000120945308595e+00 9.932252783212393021e-01 6.755750279332200202e-03
2.310000000000000053e+00 9.932119584829638415e-01 6.769059651792495858e-03
2.315000120945308382e+00 9.931994847291463202e-01 6.781568244385052097e-03
2.319999999999999840e+00 9.931871031408719963e-01 6.793981760673314420e-03
2.324999879054691743e+00 9.931741187444806940e-01 6.806961607292690355e-03
2.330000000000000071e+00 9.931607785790168563e-01 6.820281516910179677e-03
2.335000120945308844e+00 9.931477418801833990e-01 6.833316869914988871e-03
2.339999999999999858e+00 9.931350224527912829e-01 6.846046744070814240e-03
2.345000120945308186e+00 9.931220342493489728e-01 6.859025792372222020e-03
2.350000000000000089e+00 9.931086293165319878e-01 6.872406485357120988e-03
2.355000120945308417e+00 9.930954545039842873e-01 6.885582116738135985e-03
2.359999999999999876e+00 9.930829582079576667e-01 6.898115227686667066e-03
2.364999879054691778e+00 9.930707094021681280e-01 6.910398729769459160e-03
2.370000000000000107e+00 9.930577780092696427e-01 6.923313812994623395e-03
2.375000120945308435e+00 9.930438603804130349e-01 6.937167082892712819e-03
2.379999999999999893e+00 9.930300213617098137e-01 6.950969173665497332e-03
2.385000120945308222e+00 9.930174162507757751e-01 6.963617534066273915e-03
2.390000000000000124e+00 9.930057076960943085e-01 6.975403269386560613e-03
2.395000120945308453e+00 9.929934634262285176e-01 6.987670117929363836e-03
2.399999999999999911e+00 9.929797846665768812e-01 7.001286544134479456e-03
2.404999879054691814e+00 9.929654227046216253e-01 7.015568402549726863e-03
2.410000000000000142e+00 9.929519935639613548e-01 7.028992235732162489e-03
2.414999879054691156e+00 9.929400530780531087e-01 7.041009665039082814e-03
2.419999516218765745e+00 9.929283925353274975e-01 7.052739197409895432e-03
2.424999395273457203e+00 9.929154908152619807e-01 7.065622968056875682e-03
2.429999274328149106e+00 9.929013839761258176e-01 7.079652761720746888e-03
2.434999153382840564e+00 9.928874474517470627e-01 7.093542443803832649e-03
2.439999032437531579e+00 9.928747106983655257e-01 7.106308567450972044e-03
2.444998911492223037e+00 9.928628100981640170e-01 7.118275313378013940e-03
2.449998790546914496e+00 9.928504365351601413e-01 7.130672724699016300e-03
2.455001088507776874e+00 9.928370032845322823e-01 7.144068167203132362e-03
2.460000967562468333e+00 9.928232905097085226e-01 7.157738388586965851e-03
2.465000846617159791e+00 9.928101970896938688e-01 7.170830923486166443e-03
2.470000725671851249e+00 9.927976863798809726e-01 7.183369303676421028e-03
2.475000604726542708e+00 9.927850497213532854e-01 7.196020864908729726e-03
2.480000483781234166e+00 9.927719123799751966e-01 7.209146713917585249e-03
2.485000362835925625e+00 9.927586802964076806e-01 7.222367354597258177e-03
2.490000241890617083e+00 9.927458629202472462e-01 7.235196006687012217e-03
2.495000120945308542e+00 9.927332734858455021e-01 7.247800941563770950e-03
