0.000000000000000000e+00 9.997814007226694111e-01 2.031688151476128651e-04
5.000000000000000104e-03 9.998131202016441454e-01 1.728137319125510067e-04
1.000000000000000021e-02 9.996657405373495786e-01 3.102758108708643706e-04
1.499999999999999944e-02 9.993328263625820274e-01 6.276506393710585890e-04
2.000000000000000042e-02 9.992526435900502824e-01 7.158113295211381401e-04
2.500000000000000139e-02 9.994204047844722494e-01 5.672244634458782067e-04
2.999999999999999889e-02 9.994563959772833073e-01 5.326823967725320729e-04
3.499999999999999639e-02 9.993201300062625192e-01 6.613429357165177087e-04
4.000000000000000083e-02 9.991566102572687624e-01 8.213067255822017977e-04
4.499999999999999833e-02 9.990254416303930851e-01 9.486754279042838986e-04
5.000000000000000278e-02 9.990440004697359599e-01 9.317983062123933987e-04
5.500000000000000028e-02 9.992008620643388905e-01 7.846780326892860901e-04
5.999999999999999778e-02 9.992257117531272437e-01 7.607114964062467984e-04
6.500000000000000222e-02 9.990343536007308956e-01 9.414930168356206320e-04
6.999999999999999278e-02 9.988737621027788949e-01 1.098205804918353859e-03
7.499999999999999722e-02 9.988800747051864715e-01 1.098276871186895870e-03
8.000000000000000167e-02 9.989596885495458656e-01 1.024960367385880722e-03
8.500000000000000611e-02 9.990236413876556476e-01 9.639015882522809515e-04
8.999999999999999667e-02 9.990036567111638677e-01 9.813002524837696229e-04
9.500000000000000111e-02 9.988848179305558350e-01 1.091630047413430938e-03
1.000000000000000056e-01 9.988120247366365501e-01 1.160516136953465170e-03
1.050000000000000100e-01 9.988855935450495771e-01 1.093303546014559417e-03
1.100000000000000006e-01 9.989934236018332969e-01 9.926044050672057015e-04
1.150000000000000050e-01 9.990080339123746933e-01 9.782571380724707291e-04
1.199999999999999956e-01 9.989255621055960210e-01 1.055858297891311241e-03
1.250000000000000000e-01 9.988180266024133669e-01 1.158138096963772911e-03
1.300000000000000044e-01 9.987849875970472580e-01 1.190961482324871161e-03
1.350000000000000089e-01 9.988523640055265718e-01 1.129242734929963160e-03
1.399999999999999856e-01 9.989183405927254400e-01 1.067802265656547832e-03
1.449999999999999900e-01 9.988852801610992316e-01 1.098739767664195718e-03
1.499999999999999944e-01 9.987814938568780887e-01 1.196906173621093599e-03
1.549999999999999989e-01 9.987153029100154233e-01 1.260779290745479841e-03
1.600000000000000033e-01 9.987467199085668934e-01 1.232621323243724473e-03
1.650000000000000078e-01 9.988241321507865811e-01 1.160050590134431266e-03
1.700000000000000122e-01 9.988475677550571197e-01 1.137565197734654709e-03
1.750000000000000167e-01 9.987756831487969444e-01 1.205192252955448800e-03
1.799999999999999933e-01 9.986714597631003443e-01 1.304609198651837795e-03
1.849999999999999978e-01 9.986391483766241528e-01 1.337442487032222379e-03
1.900000000000000022e-01 9.986966410389289672e-01 1.285240382601537902e-03
1.950000000000000067e-01 9.987535455954837937e-01 1.232053839386995338e-03
2.000000000000000111e-01 9.987288396516099676e-01 1.254958918767474238e-03
2.050000000000000155e-01 9.986353616265999378e-01 1.343265886246028124e-03
2.100000000000000200e-01 9.985591552333499266e-01 1.416485079541782112e-03
2.150000000000000244e-01 9.985716263226442901e-01 1.406669447391946121e-03
2.200000000000000011e-01 9.986414620106772722e-01 1.342023848636790962e-03
2.250000000000000056e-01 9.986683156908682246e-01 1.316716771621079859e-03
2.300000000000000100e-01 9.986068452530441064e-01 1.374550722973562084e-03
2.350000000000000144e-01 9.985112140792715696e-01 1.465634834036588004e-03
2.399999999999999911e-01 9.984704925643842488e-01 1.505949309299200317e-03
2.450001209453085138e-01 9.985128114891649309e-01 1.467822106629948714e-03
2.500000000000000000e-01 9.985689661067543854e-01 1.415510761841028446e-03
2.549998790546914584e-01 9.985541644113139492e-01 1.429312102938596089e-03
2.600000000000000089e-01 9.984684324708882341e-01 1.510481319504829644e-03
2.649998790546914673e-01 9.983903602364048169e-01 1.585618781096171694e-03
2.700000000000000178e-01 9.983898427176991497e-01 1.588176880834069483e-03
2.749998790546914762e-01 9.984493234134966810e-01 1.533390628480540106e-03
2.799999999999999711e-01 9.984800414705660154e-01 1.504471132982043843e-03
2.849998790546914851e-01 9.984287430218330428e-01 1.552621889719331969e-03
2.899999999999999800e-01 9.983367492986769953e-01 1.640155055962983291e-03
2.950001209453085305e-01 9.982880328340145715e-01 1.688039536725613509e-03
2.999999999999999889e-01 9.983189628049108366e-01 1.660900263908476763e-03
3.050001209453085393e-01 9.983746564333653151e-01 1.609294945534844911e-03
3.099999999999999978e-01 9.983698985208873111e-01 1.613646165605090235e-03
3.150001209453085482e-01 9.982922315321254292e-01 1.686984451385166754e-03
3.200000000000000067e-01 9.982111883361383109e-01 1.764686530555913341e-03
3.250001209453085571e-01 9.981975736549599798e-01 1.779593587629153774e-03
3.300000000000000155e-01 9.982481684529764809e-01 1.733500686937861643e-03
3.350001209453085105e-01 9.982849379236833354e-01 1.699232934045753025e-03
3.400000000000000244e-01 9.982453544720981675e-01 1.736399825097465844e-03
3.450001209453085194e-01 9.981571273194898009e-01 1.820172967022097707e-03
3.500000000000000333e-01 9.981002356713117862e-01 1.875546526440291821e-03
3.550001209453085282e-01 9.981184709476021988e-01 1.860373310056135732e-03
3.599999999999999867e-01 9.981722178908830623e-01 1.810832393416254285e-03
3.650001209453085371e-01 9.981788019905216691e-01 1.804680957809204258e-03
3.699999999999999956e-01 9.981110599298121944e-01 1.868604770700751753e-03
3.750001209453084905e-01 9.980277922448727024e-01 1.948219033075028342e-03
3.800000000000000044e-01 9.980018930352116957e-01 1.974633823394277617e-03
3.849998790546914629e-01 9.980429582550029988e-01 1.937679850712940941e-03
3.900000000000000133e-01 9.980849471346077140e-01 1.898737010117091794e-03
3.949998790546914718e-01 9.980586247172620329e-01 1.923455092348751606e-03
4.000000000000000222e-01 9.979755517453279268e-01 2.002180398469121953e-03
4.049998790546914251e-01 9.979105277155465581e-01 2.065020695152826671e-03
4.100000000000000311e-01 9.979154504399444514e-01 2.062412273832949384e-03
4.149998790546914340e-01 9.979658112984244323e-01 2.016308847225013311e-03
4.200000000000000400e-01 9.979839913720196520e-01 1.999445415237769384e-03
4.249998790546914429e-01 9.979285720705106666e-01 2.051693720921939166e-03
4.300000000000000488e-01 9.978444947743925209e-01 2.131817105290934218e-03
4.349998790546915073e-01 9.978060074289391013e-01 2.169929125303824737e-03
4.400000000000000022e-01 9.978357057813630471e-01 2.143784394820132024e-03
4.449998790546915162e-01 9.978812340025661198e-01 2.101778722041335035e-03
4.500000000000000111e-01 9.978697858922866981e-01 2.112623775897031625e-03
4.549998790546915250e-01 9.977950013854929301e-01 2.183400742958490574e-03
4.600000000000000200e-01 9.977231364120137114e-01 2.252449009335084473e-03
4.649998790546914784e-01 9.977136668973591860e-01 2.263321192648417180e-03
4.700000000000000289e-01 9.977576740252017684e-01 2.223365252751492629e-03
4.750001209453085238e-01 9.977860334940577003e-01 2.197132955124984823e-03
4.799999999999999822e-01 9.977455268641212127e-01 2.235343562410960563e-03
4.850001209453085327e-01 9.976638507455818372e-01 2.312999493162487888e-03
4.899999999999999911e-01 9.976135818284205259e-01 2.362029615884036343e-03
4.950001209453085416e-01 9.976299367588157274e-01 2.348489765588363150e-03
5.000000000000000000e-01 9.976757984006160429e-01 2.306386367357424541e-03
5.050001209453085504e-01 9.976791083587770448e-01 2.303475803559252265e-03
5.100000000000000089e-01 9.976161015076870919e-01 2.363050179307379060e-03
5.150001209453085593e-01 9.975401788636218958e-01 2.435685022319254017e-03
5.200000000000000178e-01 9.975160423542764887e-01 2.460265815587784483e-03
5.250001209453084572e-01 9.975505321427167171e-01 2.429403305990358603e-03
5.300000000000000266e-01 9.975861963915572117e-01 2.396513950038015560e-03
5.350001209453084661e-01 9.975621055584733554e-01 2.419311120939358298e-03
5.400000000000000355e-01 9.974868835763571751e-01 2.490694469754328212e-03
5.450001209453084750e-01 9.974268937577628336e-01 2.548662704057322575e-03
5.499999999999999334e-01 9.974283332211120179e-01 2.549151777170996329e-03
5.550001209453084838e-01 9.974705323048767003e-01 2.510687949604070452e-03
5.599999999999999423e-01 9.974867820897914683e-01 2.495770085320770000e-03
5.650001209453084927e-01 9.974385942682602035e-01 2.541331710159843663e-03
5.699999999999999512e-01 9.973627243440116308e-01 2.613683744790739824e-03
5.750001209453086126e-01 9.973249369035326328e-01 2.650964827599452955e-03
5.799999999999999600e-01 9.973469926614272341e-01 2.631884829257363431e-03
5.850001209453086215e-01 9.973857856023783386e-01 2.596260909207994457e-03
5.899999999999999689e-01 9.973778432398252569e-01 2.603945106362231393e-03
5.950001209453085194e-01 9.973131841871214487e-01 2.665228398681449354e-03
5.999999999999999778e-01 9.972470414417946571e-01 2.728758312139014687e-03
6.050001209453085282e-01 9.972332303135418297e-01 2.743538737128954023e-03
6.099999999999999867e-01 9.972677542422069275e-01 2.712453876900347127e-03
6.150001209453085371e-01 9.972934512544202601e-01 2.688834806738380281e-03
6.199999999999999956e-01 9.972616158870507563e-01 2.718991822574858084e-03
6.249998790546914540e-01 9.971904092792098773e-01 2.786734610549363150e-03
6.300000000000000044e-01 9.971415006668467029e-01 2.834293287215340802e-03
6.349998790546914629e-01 9.971492513797912682e-01 2.828704269115194132e-03
6.400000000000000133e-01 9.971865442188744266e-01 2.794691383576670615e-03
6.449998790546914718e-01 9.971926395424817180e-01 2.789297112367824290e-03
6.500000000000000222e-01 9.971416917997426577e-01 2.837566803362907581e-03
6.549998790546914806e-01 9.970738895672763835e-01 2.902417556282556495e-03
6.600000000000000311e-01 9.970459707002349292e-01 2.930354340076118339e-03
6.649998790546913785e-01 9.970695076522587685e-01 2.909717357595036080e-03
6.700000000000000400e-01 9.971001341685871155e-01 2.881662616044643795e-03
6.749998790546913874e-01 9.970843486540905687e-01 2.896764398114741283e-03
6.800000000000000488e-01 9.970220721247330387e-01 2.955920300308194013e-03
6.849998790546915073e-01 9.969658415903656090e-01 3.010148704526311673e-03
6.900000000000000577e-01 9.969588413076837519e-01 3.018404873519609215e-03
6.949998790546915162e-01 9.969902604233010779e-01 2.990086028302852555e-03
7.000000000000000666e-01 9.970067629195455972e-01 2.975067330992294846e-03
7.050001209453085060e-01 9.969710823403368227e-01 3.008926501613762555e-03
7.099999999999999645e-01 9.969063426971748187e-01 3.070670866078237075e-03
7.150001209453085149e-01 9.968669379976584644e-01 3.109246999656929689e-03
7.199999999999999734e-01 9.968774302898456563e-01 3.100932911728429987e-03
7.250001209453085238e-01 9.969081741846872458e-01 3.072962048237577390e-03
7.299999999999999822e-01 9.969063298911547966e-01 3.075050711893599804e-03
7.350001209453085327e-01 9.968561153825673538e-01 3.122730500432750137e-03
7.399999999999999911e-01 9.967970801967653838e-01 3.179368642880811210e-03
7.450001209453085416e-01 9.967764407751024125e-01 3.200361465241919300e-03
7.500000000000000000e-01 9.967985246196270355e-01 3.180944759116314299e-03
7.550001209453085504e-01 9.968209278183450817e-01 3.160560861499391114e-03
7.600000000000000089e-01 9.968002504603977743e-01 3.180328037848313086e-03
7.650001209453085593e-01 9.967427472078429496e-01 3.235079087927741123e-03
7.700000000000000178e-01 9.966955903476523160e-01 3.280748706084986917e-03
7.750001209453084572e-01 9.966924901569934603e-01 3.285206210011944617e-03
7.800000000000000266e-01 9.967189472395709959e-01 3.261433123504368838e-03
7.850001209453084661e-01 9.967275593428435165e-01 3.253830749911183588e-03
7.900000000000000355e-01 9.966909560592071005e-01 3.288647232965717475e-03
7.950001209453084750e-01 9.966336814340096550e-01 3.343417342642204977e-03
8.000000000000000444e-01 9.966019036672426612e-01 3.374743768259672386e-03
8.049998790546915028e-01 9.966125101391325458e-01 3.366183131132426554e-03
8.099999999999999423e-01 9.966361216868463435e-01 3.344842773903258532e-03
8.150001209453084927e-01 9.966285078772616490e-01 3.352403288201956551e-03
8.200000000000000622e-01 9.965812609170470182e-01 3.397379243146667581e-03
8.250001209453086126e-01 9.965306620070989441e-01 3.446080687932177172e-03
8.299999999999999600e-01 9.965149499332692784e-01 3.462327056850761364e-03
8.350001209453085105e-01 9.965336813714342767e-01 3.445939296771974910e-03
8.400000000000000799e-01 9.965484900399662616e-01 3.432672628358494470e-03
8.450001209453085194e-01 9.965253273865526396e-01 3.454854633985407399e-03
8.499999999999999778e-01 9.964737625054037595e-01 3.504082132180564180e-03
8.550001209453085282e-01 9.964343500720291846e-01 3.542417538385750006e-03
8.600000000000000977e-01 9.964328482531950026e-01 3.545244052818133894e-03
8.650001209453085371e-01 9.964534390248473983e-01 3.526897937993895421e-03
8.699999999999999956e-01 9.964556925296066403e-01 3.525299803330585180e-03
8.750001209453084350e-01 9.964202033755663601e-01 3.559154612785053306e-03
8.800000000000000044e-01 9.963704233062347093e-01 3.606897775430879631e-03
8.850001209453085549e-01 9.963443888624401445e-01 3.632734060138630931e-03
8.899999999999999023e-01 9.963532770442946607e-01 3.625666961669793756e-03
8.949998790546914718e-01 9.963698995362555433e-01 3.610854200751934320e-03
9.000000000000000222e-01 9.963584612672533591e-01 3.622072698653778546e-03
9.050001209453085727e-01 9.963154263947897604e-01 3.663160132219403335e-03
9.099999999999999201e-01 9.962723606089047834e-01 3.704754594944369584e-03
9.149998790546914895e-01 9.962595889415808426e-01 3.718124714493926865e-03
9.200000000000000400e-01 9.962738906950129314e-01 3.705803859648206921e-03
9.250001209453085904e-01 9.962821225258765567e-01 3.698723874577263156e-03
9.299999999999999378e-01 9.962582955356067416e-01 3.721610346912362314e-03
9.349998790546915073e-01 9.962129661039067496e-01 3.765016723304349510e-03
9.400000000000000577e-01 9.961798117055901125e-01 3.797405375410357539e-03
9.450001209453084972e-01 9.961781987433163676e-01 3.800221391466684483e-03
9.499999999999999556e-01 9.961927201153955025e-01 3.787520827354792698e-03
9.549998790546915250e-01 9.961901453617233448e-01 3.790504886791368298e-03
9.599999999999999645e-01 9.961570390989381574e-01 3.822196482910432489e-03
9.650001209453085149e-01 9.961142025386775511e-01 3.863414458600893282e-03
9.699999999999999734e-01 9.960922207563579489e-01 3.885350489056176720e-03
9.749998790546915428e-01 9.960982373684654778e-01 3.880882400919180662e-03
9.799999999999999822e-01 9.961084742780609291e-01 3.872055037481102104e-03
9.850001209453085327e-01 9.960948060276354488e-01 3.885437997613432667e-03
9.899999999999998801e-01 9.960564848656312531e-01 3.922150694670781083e-03
9.949998790546914496e-01 9.960198102254386177e-01 3.957701442537930013e-03
1.000000000000000000e+00 9.960084176014455393e-01 3.969673497952703328e-03
1.005000120945308550e+00 9.960178483308290698e-01 3.961859681674306279e-03
1.010000000000000009e+00 9.960206703753858859e-01 3.959887463470573160e-03
1.014999879054691467e+00 9.959974328815198730e-01 3.982294707761519469e-03
1.020000000000000018e+00 9.959580821474157686e-01 4.020105926238957440e-03
1.025000120945308568e+00 9.959297623609201233e-01 4.047884215958657932e-03
1.030000000000000027e+00 9.959268699383587720e-01 4.051806256948137057e-03
1.034999879054691485e+00 9.959356039040745401e-01 4.044510473000629408e-03
1.040000000000000036e+00 9.959295746273045813e-01 4.050793608534014427e-03
1.045000120945308586e+00 9.958995068493982084e-01 4.079693611295395067e-03
1.050000000000000044e+00 9.958627685673848706e-01 4.115169813723926900e-03
1.055000120945308595e+00 9.958434293744786725e-01 4.134538474290288569e-03
1.060000000000000053e+00 9.958459771546260830e-01 4.133253297970125063e-03
1.065000120945308382e+00 9.958506883941377064e-01 4.129621742911040831e-03
1.070000000000000062e+00 9.958359994553407368e-01 4.144030617699715965e-03
1.075000120945308613e+00 9.958023795642650944e-01 4.176366202054739192e-03
1.080000000000000071e+00 9.957709119940856279e-01 4.206982481543459357e-03
1.085000120945308399e+00 9.957597527163605244e-01 4.218648038581577359e-03
1.090000000000000080e+00 9.957643504729759565e-01 4.215327798009295412e-03
1.095000120945308630e+00 9.957629257216646934e-01 4.217380455859165260e-03
1.099999999999999867e+00 9.957410411729679112e-01 4.238581899825449341e-03
1.105000120945308417e+00 9.957070842706129410e-01 4.271336410547586955e-03
1.110000000000000098e+00 9.956823394279553652e-01 4.295692272571299992e-03
1.115000120945308648e+00 9.956774713753662187e-01 4.301393455217549996e-03
1.119999999999999885e+00 9.956810171612049398e-01 4.298957654515317764e-03
1.124999879054691565e+00 9.956726719944333226e-01 4.307471209823871168e-03
1.130000000000000115e+00 9.956458351951613661e-01 4.333386756184703231e-03
1.135000120945308444e+00 9.956142354177274223e-01 4.364017309887986348e-03
1.139999999999999902e+00 9.955964374358504676e-01 4.381864044952233847e-03
1.144999879054691583e+00 9.955953628695215496e-01 4.383925841643316994e-03
1.150000000000000133e+00 9.955955074528795024e-01 4.384600843100236109e-03
1.155000120945308462e+00 9.955806316420814372e-01 4.399246480473491608e-03
1.159999999999999920e+00 9.955513688009205442e-01 4.427517150428854874e-03
1.164999879054691601e+00 9.955240014095468881e-01 4.454239407010982671e-03
1.169999999999999929e+00 9.955123126543817813e-01 4.466330260882720934e-03
1.175000120945308479e+00 9.955124469438186852e-01 4.467174258241064788e-03
1.179999999999999938e+00 9.955078224005358134e-01 4.472272399523568101e-03
1.184999879054691618e+00 9.954876601036592998e-01 4.491910999598855946e-03
1.189999999999999947e+00 9.954583580049244373e-01 4.520295266253205810e-03
1.195000120945308497e+00 9.954361438381306160e-01 4.542216356546739144e-03
1.199999999999999956e+00 9.954289874697531681e-01 4.550007870999389810e-03
1.204999879054691414e+00 9.954281056227812785e-01 4.551730566103378943e-03
1.209999999999999964e+00 9.954183180234527084e-01 4.561650943647257116e-03
1.215000120945308515e+00 9.953945946360905905e-01 4.584681228906334165e-03
1.219999999999999973e+00 9.953671842527478386e-01 4.611355165880390294e-03
1.224999879054691432e+00 9.953501194036256106e-01 4.628450904536511763e-03
1.229999999999999982e+00 9.953455861034907759e-01 4.633722783855180258e-03
1.235000120945308533e+00 9.953421023903690212e-01 4.637829000782724143e-03
1.239999999999999991e+00 9.953275567042089156e-01 4.652217328273499687e-03
1.244999879054691450e+00 9.953021297527738787e-01 4.676903565552260889e-03
1.250000000000000000e+00 9.952778895500996592e-01 4.700649265068633162e-03
1.255000120945308550e+00 9.952652268425316029e-01 4.713597769941169774e-03
1.260000000000000009e+00 9.952614648586622925e-01 4.718086215814012302e-03
1.264999879054691467e+00 9.952545198862355891e-01 4.725402845899377528e-03
1.270000000000000018e+00 9.952361680931467447e-01 4.743385242681203394e-03
1.275000120945308568e+00 9.952107391310721640e-01 4.768128974397690956e-03
1.280000000000000027e+00 9.951902280593629690e-01 4.788401248113076381e-03
1.285000120945308577e+00 9.951807627797402134e-01 4.798317345156094538e-03
1.290000000000000036e+00 9.951762623051840784e-01 4.803445856625584640e-03
1.295000120945308586e+00 9.951656576901362072e-01 4.814179310902964859e-03
1.300000000000000044e+00 9.951447397950964335e-01 4.834604304582074130e-03
1.305000120945308595e+00 9.951206418427989142e-01 4.858145998434601834e-03
1.310000000000000053e+00 9.951037638497804982e-01 4.875015522722847550e-03
1.315000120945308382e+00 9.950961465920374893e-01 4.883157878574960996e-03
1.320000000000000062e+00 9.950898782135928489e-01 4.889904110645774266e-03
1.325000120945308613e+00 9.950759281367017595e-01 4.903776869910078315e-03
1.330000000000000071e+00 9.950537389184587189e-01 4.925434362824221424e-03
1.335000120945308399e+00 9.950318130175909159e-01 4.946972085605801962e-03
1.340000000000000080e+00 9.950179914372286882e-01 4.960964631340302952e-03
1.345000120945308630e+00 9.950109880120348027e-01 4.968490816591719476e-03
1.349999999999999867e+00 9.950024106835787530e-01 4.977375845233548979e-03
1.355000120945308417e+00 9.949857679449904957e-01 4.993788170338100268e-03
1.360000000000000098e+00 9.949634622920064952e-01 5.015593333680315631e-03
1.365000120945308648e+00 9.949440386994352625e-01 5.034803468041713047e-03
1.369999999999999885e+00 9.949324474611862534e-01 5.046684219410835920e-03
1.375000120945308435e+00 9.949250944819966191e-01 5.054502412204813465e-03
1.380000000000000115e+00 9.949140817626659361e-01 5.065657561327072816e-03
1.385000120945308444e+00 9.948955677697509659e-01 5.083846762039777138e-03
1.389999999999999902e+00 9.948740201448611487e-01 5.104973772863836794e-03
1.394999879054691583e+00 9.948570030807600828e-01 5.121933928613489444e-03
1.400000000000000133e+00 9.948467840129394668e-01 5.132503193372446593e-03
1.405000120945308462e+00 9.948384358253361537e-01 5.141225797770011645e-03
1.409999999999999920e+00 9.948251693104593896e-01 5.154491391607868289e-03
1.414999879054691601e+00 9.948056199834407476e-01 5.173676952703890920e-03
1.419999999999999929e+00 9.947853595996838383e-01 5.193621786201038128e-03
1.425000120945308479e+00 9.947703815002134631e-01 5.208667313867946548e-03
1.429999999999999938e+00 9.947607912834892652e-01 5.218621373711421728e-03
1.434999879054691618e+00 9.947510918184724327e-01 5.228589809115477376e-03
1.439999999999999947e+00 9.947359508917732462e-01 5.243618260953770115e-03
1.445000120945308497e+00 9.947160908577610261e-01 5.263120643702556140e-03
1.449999999999999956e+00 9.946973221741516324e-01 5.281683521397246249e-03
1.454999879054691414e+00 9.946839093125112718e-01 5.295252411662599266e-03
1.459999999999999964e+00 9.946743795242782848e-01 5.305125825915585867e-03
1.465000120945308515e+00 9.946632026808052141e-01 5.316465520260800839e-03
1.469999999999999973e+00 9.946466602509123067e-01 5.332819022325091356e-03
1.474999879054691432e+00 9.946270233176367492e-01 5.352135243185425842e-03
1.479999999999999982e+00 9.946097143715657563e-01 5.369339053695662382e-03
1.485000120945308533e+00 9.945974105072979965e-01 5.381855509816840279e-03
1.489999999999999991e+00 9.945875429775200560e-01 5.392024314943059948e-03
1.494999879054691450e+00 9.945749297519046461e-01 5.404703184640736145e-03
1.500000000000000000e+00 9.945574583630211185e-01 5.421941901104239403e-03
1.505000120945308550e+00 9.945383686912807608e-01 5.440764435475729105e-03
1.510000000000000009e+00 9.945223663668829595e-01 5.456747284427103037e-03
1.515000120945308559e+00 9.945107911653279231e-01 5.468566026444944550e-03
1.520000000000000018e+00 9.945003255813563703e-01 5.479277361668492309e-03
1.525000120945308568e+00 9.944864242340255567e-01 5.493161662107016660e-03
1.530000000000000027e+00 9.944684234834461067e-01 5.510912334508632354e-03
1.535000120945308577e+00 9.944500357065603202e-01 5.529092624616429100e-03
1.540000000000000036e+00 9.944351625539078476e-01 5.544016827748537816e-03
1.545000120945308586e+00 9.944240151190358867e-01 5.555418876527591296e-03
1.550000000000000044e+00 9.944127946187274469e-01 5.566822915204073900e-03
1.555000120945308595e+00 9.943978018533435881e-01 5.581732460004063326e-03
1.560000000000000053e+00 9.943795642010089253e-01 5.599721283360383980e-03
1.565000120945308382e+00 9.943619387272270016e-01 5.617199616450151145e-03
1.570000000000000062e+00 9.943480425435560210e-01 5.631204497220902369e-03
1.575000120945308613e+00 9.943370781029867711e-01 5.642418544295377605e-03
1.580000000000000071e+00 9.943250193544873605e-01 5.654596592894790136e-03
1.585000120945308399e+00 9.943091284064221602e-01 5.670353742593021301e-03
1.590000000000000080e+00 9.942908525659813757e-01 5.688394499979405362e-03
1.595000120945308408e+00 9.942740280095265781e-01 5.705131839536844128e-03
1.600000000000000089e+00 9.942609826461569211e-01 5.718332270231229336e-03
1.605000120945308417e+00 9.942499878609273312e-01 5.729557939707483408e-03
1.609999999999999876e+00 9.942370527564053928e-01 5.742549181946200731e-03
1.614999879054691556e+00 9.942204239070703276e-01 5.759006805461755994e-03
1.619999999999999885e+00 9.942022631182116932e-01 5.776955686507918505e-03
1.624999879054691343e+00 9.941862935681883284e-01 5.792898159385914507e-03
1.630000000000000115e+00 9.941739724936781153e-01 5.805409298961303720e-03
1.635000120945308444e+00 9.941627503800823940e-01 5.816831642148088781e-03
1.640000000000000124e+00 9.941489203704821920e-01 5.830657260136379826e-03
1.645000120945308453e+00 9.941316852340216226e-01 5.847694827098615794e-03
1.649999999999999911e+00 9.941137997315098174e-01 5.865400992014356725e-03
1.654999879054691592e+00 9.940987485564863890e-01 5.880485338939303239e-03
1.659999999999999920e+00 9.940869976396432550e-01 5.892448490587584228e-03
1.664999879054691378e+00 9.940753604488264950e-01 5.904244883892714561e-03
1.669999999999999929e+00 9.940606220917619362e-01 5.918921573951042674e-03
1.675000120945308257e+00 9.940429162101833693e-01 5.936414544097344537e-03
1.680000000000000160e+00 9.940254998862511071e-01 5.953694746927462415e-03
1.685000120945308488e+00 9.940114064466372135e-01 5.967879557742803917e-03
1.689999999999999947e+00 9.940000310760049862e-01 5.979474688165817980e-03
1.694999879054691627e+00 9.939877965832203399e-01 5.991818343713398339e-03
1.699999999999999956e+00 9.939721473812966890e-01 6.007352767919938233e-03
1.704999879054691414e+00 9.939541501318626127e-01 6.025135024321438132e-03
1.709999999999999964e+00 9.939374200457691266e-01 6.041783093551258976e-03
1.715000120945308737e+00 9.939242641998042860e-01 6.055082328266783373e-03
1.720000000000000195e+00 9.939130300033020005e-01 6.066527725898711310e-03
1.725000120945308524e+00 9.939000224869455336e-01 6.079586800394522032e-03
1.729999999999999760e+00 9.938834981443148697e-01 6.095950034264403100e-03
1.734999879054691663e+00 9.938654554485349957e-01 6.113792084042885336e-03
1.739999999999999991e+00 9.938496136681291837e-01 6.129614472328845549e-03
1.744999879054691228e+00 9.938372944887063909e-01 6.142117921244528468e-03
1.750000000000000000e+00 9.938259346680268225e-01 6.153663686619619856e-03
1.755000120945308772e+00 9.938119980955111288e-01 6.167588966517235927e-03
1.760000000000000009e+00 9.937947093987004044e-01 6.184681576860801347e-03
1.765000120945308337e+00 9.937769246386342070e-01 6.202298451183359089e-03
1.770000000000000240e+00 9.937621123189193106e-01 6.217157406342710413e-03
1.775000120945308568e+00 9.937504434968039702e-01 6.229035700774039445e-03
1.779999999999999805e+00 9.937386708705994165e-01 6.240952746788520911e-03
1.784999879054691263e+00 9.937236994444769156e-01 6.255848869652022755e-03
1.790000000000000036e+00 9.937058582065457779e-01 6.273475853113796331e-03
1.795000120945308586e+00 9.936886526292104671e-01 6.290563748594804952e-03
1.800000000000000044e+00 9.936749141272748220e-01 6.304411648591663232e-03
1.805000120945308373e+00 9.936636314786911894e-01 6.315909886136034102e-03
1.810000000000000053e+00 9.936511608827302000e-01 6.328469037212377905e-03
1.815000120945308382e+00 9.936351400060601247e-01 6.344355536214089930e-03
1.819999999999999840e+00 9.936170558624479732e-01 6.362228445627457832e-03
1.824999879054691743e+00 9.936007141504171747e-01 6.378515924058557503e-03
1.830000000000000071e+00 9.935879793252051506e-01 6.391412759521891522e-03
1.835000120945308622e+00 9.935767578064292893e-01 6.402835042704189093e-03
1.840000000000000080e+00 9.935633432246507857e-01 6.416271938429562657e-03
1.845000120945308408e+00 9.935463824042662928e-01 6.433051537393212789e-03
1.850000000000000089e+00 9.935284269016634306e-01 6.450821718637222459e-03
1.855000120945308417e+00 9.935131473417671000e-01 6.466117007852908820e-03
1.859999999999999876e+00 9.935012315314163400e-01 6.478231191416848611e-03
1.864999879054691556e+00 9.934897131448294783e-01 6.489914557231016810e-03
1.869999999999999885e+00 9.934751943444862787e-01 6.504385423629082882e-03
1.875000120945308657e+00 9.934575340291974532e-01 6.521836865419132663e-03
1.880000000000000115e+00 9.934400842396451381e-01 6.539148222286618635e-03
1.885000120945308444e+00 9.934259462575064648e-01 6.553370469742357193e-03
1.890000000000000124e+00 9.934145639791849280e-01 6.564966526995111816e-03
1.895000120945308453e+00 9.934023985543162238e-01 6.577242641400395107e-03
1.899999999999999911e+00 9.933867427102758274e-01 6.592784629471663133e-03
1.904999879054691592e+00 9.933687289160343381e-01 6.610585772777084930e-03
1.909999999999999920e+00 9.933521095568764725e-01 6.627129334043196582e-03
1.914999879054691378e+00 9.933390603280747300e-01 6.640321894926095279e-03
1.919999999999999929e+00 9.933278509393852485e-01 6.651736790009645482e-03
1.925000120945308257e+00 9.933147469240626304e-01 6.664884134937529292e-03
1.930000000000000160e+00 9.932980695900065493e-01 6.681394839296691396e-03
1.935000120945308488e+00 9.932801042625607479e-01 6.699168774565149136e-03
1.939999999999999947e+00 9.932645416148264683e-01 6.714726403546771374e-03
1.944999879054691627e+00 9.932523982684304809e-01 6.727055526141342313e-03
1.949999999999999956e+00 9.932409650778685206e-01 6.738662349108608639e-03
1.954999879054691414e+00 9.932267405665455851e-01 6.752857845145379158e-03
1.959999999999999964e+00 9.932092970959210954e-01 6.770102375843748549e-03
1.965000120945308737e+00 9.931917785417585520e-01 6.787473128582924287e-03
1.970000000000000195e+00 9.931773707897424419e-01 6.801946139731620926e-03
1.975000120945308524e+00 9.931658367952796995e-01 6.813686404189460769e-03
1.979999999999999760e+00 9.931537993736199166e-01 6.825845302434571833e-03
1.985000120945308533e+00 9.931384189998295753e-01 6.841128781746860961e-03
1.989999999999999991e+00 9.931205677171425217e-01 6.858773500996644644e-03
1.994999879054691228e+00 9.931038346903854341e-01 6.875418857970185676e-03
2.000000000000000000e+00 9.930905385835749888e-01 6.888841524383990805e-03
2.005000120945308772e+00 9.930792362890114022e-01 6.900345829131941493e-03
2.010000000000000231e+00 9.930662887588371790e-01 6.913348850361616775e-03
2.015000120945308559e+00 9.930498738090212107e-01 6.929612515754500664e-03
2.020000000000000018e+00 9.930320212188632478e-01 6.947276132211021270e-03
2.025000120945308346e+00 9.930163091512533846e-01 6.962969478527370783e-03
2.029999999999999805e+00 9.930039431443320463e-01 6.975506874763497123e-03
2.034999879054691263e+00 9.929924630429779464e-01 6.987160347111270355e-03
2.040000000000000036e+00 9.929784240217803815e-01 7.001183855029706991e-03
2.045000120945308808e+00 9.929612321662169006e-01 7.018190441235528688e-03
2.050000000000000266e+00 9.929437741892264135e-01 7.035499306718932984e-03
2.055000120945308595e+00 9.929291869844359963e-01 7.050136857743965514e-03
2.060000000000000053e+00 9.929174526740384144e-01 7.062065415375061786e-03
2.065000120945308382e+00 9.929054129641499138e-01 7.074229363705243460e-03
2.069999999999999840e+00 9.928902527995424609e-01 7.089307554605453997e-03
2.074999879054691743e+00 9.928726349740851775e-01 7.106730269382296322e-03
2.080000000000000071e+00 9.928559052553908026e-01 7.123367281186857025e-03
2.085000120945308844e+00 9.928424037287756354e-01 7.136979742277127677e-03
2.089999999999999858e+00 9.928309253674505452e-01 7.148650493772825028e-03
2.095000120945308186e+00 9.928180291384187672e-01 7.161608346211502905e-03
2.100000000000000089e+00 9.928018688673354575e-01 7.177633405007567517e-03
2.105000120945308417e+00 9.927842161256700271e-01 7.195105558718845745e-03
2.109999999999999876e+00 9.927684462940054022e-01 7.210847992009467890e-03
2.114999879054691778e+00 9.927558538783145536e-01 7.223595888108992787e-03
2.120000000000000107e+00 9.927442321654930124e-01 7.235384307220078456e-03
2.124999879054691565e+00 9.927303092272365959e-01 7.249301658472299785e-03
2.129999999999999893e+00 9.927133950334464663e-01 7.266046934318477583e-03
2.135000120945308222e+00 9.926960857091615686e-01 7.283211558480696957e-03
2.140000000000000124e+00 9.926813788208611600e-01 7.297956693753175107e-03
2.145000120945308453e+00 9.926694062114782557e-01 7.310108011902217116e-03
2.149999999999999911e+00 9.926572770920703004e-01 7.322358665243325869e-03
2.154999879054691814e+00 9.926423025441656334e-01 7.337264964793538922e-03
2.160000000000000142e+00 9.926249644290106033e-01 7.354423146804510945e-03
2.164999879054691156e+00 9.926083169055683886e-01 7.370977661427000754e-03
2.169999999999999929e+00 9.925946362699701320e-01 7.384754153006030906e-03
2.175000120945308257e+00 9.925829241968951999e-01 7.396644666893471831e-03
2.180000000000000160e+00 9.925700110578697943e-01 7.409621725537269936e-03
2.185000120945308488e+00 9.925540991381017752e-01 7.425415107905986543e-03
2.189999999999999947e+00 9.925367025141517141e-01 7.442643482807422169e-03
2.194999879054691405e+00 9.925209368963717749e-01 7.458376321909741119e-03
2.199999999999999734e+00 9.925081139830220778e-01 7.471337590773692756e-03
2.204999879054691192e+00 9.924962881032829420e-01 7.483319394807776311e-03
2.209999999999999964e+00 9.924824362349675688e-01 7.497173479013253747e-03
2.215000120945308737e+00 9.924658139791578959e-01 7.513644786249436963e-03
2.220000000000000195e+00 9.924487109135438079e-01 7.530611179138097140e-03
2.225000120945308524e+00 9.924339236718671131e-01 7.545426355050313845e-03
2.229999999999999982e+00 9.924216865890137518e-01 7.557824408685635993e-03
2.235000120945308311e+00 9.924094129936804620e-01 7.570213559022636457e-03
2.239999999999999769e+00 9.923946008926348705e-01 7.584970285103451171e-03
2.244999879054691228e+00 9.923775695739410763e-01 7.601838949944649503e-03
2.250000000000000000e+00 9.923610549021497640e-01 7.618263316547491462e-03
2.255000120945308772e+00 9.923472108529878266e-01 7.632188617559770502e-03
2.260000000000000231e+00 9.923352289847646723e-01 7.644332452874974711e-03
2.265000120945308559e+00 9.923222581231787576e-01 7.657367224748148904e-03
2.270000000000000018e+00 9.923065878405672446e-01 7.672935611759282640e-03
2.275000120945308346e+00 9.922894796650044702e-01 7.689890173118530368e-03
2.279999999999999805e+00 9.922737560507239873e-01 7.705577855378944671e-03
2.284999879054691263e+00 9.922607000311857162e-01 7.718754582318352805e-03
2.290000000000000036e+00 9.922486351767865198e-01 7.730962235357777615e-03
2.295000120945308808e+00 9.922348274660853784e-01 7.744778466439495440e-03
2.300000000000000266e+00 9.922185004781446382e-01 7.760973054463844029e-03
2.305000120945308595e+00 9.922016354222993328e-01 7.777711725089214885e-03
2.310000000000000053e+00 9.921867913172397468e-01 7.792574745425624901e-03
2.315000120945308382e+00 9.921742775596474884e-01 7.805230628602291554e-03
2.319999999999999840e+00 9.921618312546167662e-01 7.817784627671070866e-03
2.324999879054691743e+00 9.921471641661010477e-01 7.832408373270777907e-03
2.330000000000000071e+00 9.921304485821000885e-01 7.848979559628026931e-03
2.335000120945308844e+00 9.921140944847031129e-01 7.865247952076334995e-03
2.339999999999999858e+00 9.921000987096404433e-01 7.879310843415410909e-03
2.345000120945308186e+00 9.920878324547512950e-01 7.891721388805297832e-03
2.350000000000000089e+00 9.920747817201409635e-01 7.904834648964095475e-03
2.355000120945308417e+00 9.920593414736712523e-01 7.920189288146183351e-03
2.359999999999999876e+00 9.920425341566279087e-01 7.936858743610298098e-03
2.364999879054691778e+00 9.920268743922053822e-01 7.952480763365788602e-03
2.370000000000000107e+00 9.920135891438994769e-01 7.965869019898517284e-03
2.375000120945308435e+00 9.920012718216110192e-01 7.978315065258695729e-03
2.379999999999999893e+00 9.919874899706043747e-01 7.992110751654627615e-03
2.385000120945308222e+00 9.919714512524452354e-01 8.008035495223296552e-03
2.390000000000000124e+00 9.919548380237691587e-01 8.024533655451164191e-03
2.395000120945308453e+00 9.919399523653613659e-01 8.039430091849196838e-03
2.399999999999999911e+00 9.919271622397299870e-01 8.052343399270155133e-03
2.404999879054691814e+00 9.919145315494143356e-01 8.065073177653992939e-03
2.410000000000000142e+00 9.918999936368743109e-01 8.079578911484293011e-03
2.414999879054691156e+00 9.918835906444007922e-01 8.095855751545970314e-03
2.419999516218765745e+00 9.918674096440015520e-01 8.111956566127970919e-03
2.424999395273457203e+00 9.918532723922434124e-01 8.126147471009512874e-03
2.429999274328149106e+00 9.918407220184836115e-01 8.138824449302322142e-03
2.434999153382840564e+00 9.918275808367202906e-01 8.152026046205639725e-03
2.439999032437531579e+00 9.918123563365240924e-01 8.167180342364323969e-03
2.444998911492223037e+00 9.917958487453184535e-01 8.183565951186428516e-03
2.449998790546914496e+00 9.917802627064917775e-01 8.199113279279954258e-03
2.455001088507776874e+00 9.917667572191934955e-01 8.212704774817376416e-03
2.460000967562468333e+00 9.917541890986930619e-01 8.225387512424566991e-03
2.465000846617159791e+00 9.917404215584925131e-01 8.239173266245973862e-03
2.470000725671851249e+00 9.917246573274309807e-01 8.254841162918614972e-03
2.475000604726542708e+00 9.917082952054043776e-01 8.271099831675194497e-03
2.480000483781234166e+00 9.916933770714063678e-01 8.286021470758570331e-03
2.485000362835925625e+00 9.916803216541530963e-01 8.299181796709933362e-03
2.490000241890617083e+00 9.916675078177707992e-01 8.312085933884334754e-03
2.495000120945308542e+00 9.916530844149261670e-01 8.326487248059823154e-03
2.500000000000000000e+00 9.916369803487214973e-01 8.342482819978250252e-03
2.504999879054691458e+00 9.916209725809584929e-01 8.358416318277391011e-03
2.509999758109382917e+00 9.916067055129303975e-01 8.372724486599612825e-03
2.514999637164074375e+00 9.915938842747388238e-01 8.385655309652481279e-03
2.519999516218765834e+00 9.915806496948632587e-01 8.398947723691138623e-03
2.524999395273457292e+00 9.915656227489207941e-01 8.413918769359150437e-03
2.529999274328148751e+00 9.915494022925692708e-01 8.430032680271136794e-03
2.534999153382840209e+00 9.915338931200919914e-01 8.445502703699215782e-03
2.539999032437531667e+00 9.915201833805467047e-01 8.459282472078170217e-03
2.544998911492223126e+00 9.915073765634320191e-01 8.472190362432446137e-03
2.550001209453085504e+00 9.914936139949366289e-01 8.485974788638522837e-03
2.555001088507776963e+00 9.914781041758745639e-01 8.501404780918334070e-03
2.560000967562468421e+00 9.914619831900188807e-01 8.517433611951669495e-03
2.565000846617159436e+00 9.914470405944789677e-01 8.532373176948590543e-03
2.570000725671850894e+00 9.914337391729586280e-01 8.545762475173803233e-03
2.575000604726542797e+00 9.914207494593286762e-01 8.558833967499731438e-03
2.580000483781234255e+00 9.914064253111921632e-01 8.573145031027747109e-03
2.585000362835925714e+00 9.913906001756984665e-01 8.588878193331778849e-03
2.590000241890617172e+00 9.913747595288429082e-01 8.604650419412541301e-03
2.595000120945308186e+00 9.913603764705332111e-01 8.619063172605870293e-03
2.600000000000000089e+00 9.913473042372795696e-01 8.632229214516621424e-03
2.604999879054691547e+00 9.913339768445974531e-01 8.645611643316414990e-03
2.609999758109383006e+00 9.913191278884407875e-01 8.660417612483792965e-03
2.614999637164074464e+00 9.913031757167247715e-01 8.676277695739137777e-03
2.619999516218765923e+00 9.912877425983709356e-01 8.691671588624636652e-03
2.624999395273457381e+00 9.912738482581922028e-01 8.705621506018626499e-03
2.629999274328148839e+00 9.912608202365128518e-01 8.718737967696258903e-03
2.634999153382840298e+00 9.912470559320351038e-01 8.732526995788402260e-03
2.639999032437531756e+00 9.912317777066672608e-01 8.747740415896326435e-03
2.644998911492223215e+00 9.912158813942179014e-01 8.763555212669589534e-03
2.650001209453085149e+00 9.912009210530939862e-01 8.778506901250648919e-03
2.655001088507776608e+00 9.911873976877512149e-01 8.792102702759213226e-03
2.660000967562468510e+00 9.911742441172750606e-01 8.805329910236230767e-03
2.665000846617159969e+00 9.911600049557411918e-01 8.819563789380601565e-03
2.670000725671850983e+00 9.911444338408234023e-01 8.835058059935049779e-03
2.675000604726542441e+00 9.911287491679718897e-01 8.850679983303924581e-03
2.680000483781233900e+00 9.911142658429229479e-01 8.865182927634244689e-03
2.685000362835925802e+00 9.911009675754374193e-01 8.878560618307610591e-03
2.690000241890617261e+00 9.910875509946449613e-01 8.892029261862534339e-03
2.695000120945308719e+00 9.910728588244385184e-01 8.906689927156914363e-03
2.699999999999999734e+00 9.910571506650193152e-01 8.922319260289633333e-03
2.704999879054691192e+00 9.910417912722421230e-01 8.937639691213748391e-03
2.709999758109383095e+00 9.910277357755942207e-01 8.951737905896241243e-03
2.714999637164074553e+00 9.910145075654757107e-01 8.965042972718747019e-03
2.719999516218766011e+00 9.910007354403301827e-01 8.978842001864054817e-03
2.724999395273457470e+00 9.909856629386107896e-01 8.993863150230450854e-03
2.729999274328148484e+00 9.909699715946882481e-01 9.009482764414164860e-03
2.734999153382840387e+00 9.909550016457486787e-01 9.024439320017818220e-03
2.739999032437531845e+00 9.909412833517547980e-01 9.038216310159533431e-03
2.744998911492223304e+00 9.909279791438301288e-01 9.051586548009155769e-03
2.750001209453085238e+00 9.909138102271317639e-01 9.065756864638060269e-03
2.755001088507776696e+00 9.908984658961115244e-01 9.081037884165102381e-03
2.760000967562468155e+00 9.908829252831925505e-01 9.096521040352667162e-03
2.765000846617159613e+00 9.908683591327883677e-01 9.111098166426287448e-03
2.770000725671851516e+00 9.908548606829207239e-01 9.124663222273347168e-03
2.775000604726542530e+00 9.908413590589305597e-01 9.138213872542974570e-03
2.780000483781233989e+00 9.908268023641602085e-01 9.152749015602940769e-03
2.785000362835925447e+00 9.908113127571175349e-01 9.168171669973098833e-03
2.790000241890616905e+00 9.907960247816766097e-01 9.183421253807512105e-03
2.795000120945308808e+00 9.907818319800216766e-01 9.197645690078297409e-03
2.800000000000000266e+00 9.907684248409699412e-01 9.211119222018556568e-03
2.804999879054691281e+00 9.907546401382069101e-01 9.224932327424387873e-03
2.809999758109382739e+00 9.907397474756023392e-01 9.239785358224672507e-03
2.814999637164074198e+00 9.907242403562847022e-01 9.255229613317294754e-03
2.819999516218766100e+00 9.907092686782370539e-01 9.270184142437926794e-03
2.824999395273457559e+00 9.906953823994678610e-01 9.284117163570290709e-03
2.829999274328149017e+00 9.906819419900400048e-01 9.297616541519518329e-03
2.834999153382840031e+00 9.906678298816112838e-01 9.311735515212348283e-03
2.839999032437531490e+00 9.906526842361254026e-01 9.326829741277431821e-03
2.844998911492223392e+00 9.906372749101606257e-01 9.342186633753827782e-03
2.850001209453085327e+00 9.906226432888857181e-01 9.356822029487737655e-03
2.855001088507776785e+00 9.906089709737347926e-01 9.370549618391945876e-03
2.860000967562468244e+00 9.905953899031587628e-01 9.384176601138428248e-03
2.865000846617159702e+00 9.905809474313284069e-01 9.398605976176550164e-03
2.870000725671851161e+00 9.905656498174103541e-01 9.413847166242536590e-03
2.875000604726542619e+00 9.905504311074005974e-01 9.429028423949057172e-03
2.880000483781234077e+00 9.905361251477967643e-01 9.443356570447817427e-03
2.885000362835925536e+00 9.905225608265533221e-01 9.456977911586327348e-03
2.890000241890616994e+00 9.905087591771353228e-01 9.470808836782565812e-03
2.895000120945308453e+00 9.904940198721704503e-01 9.485518611636737860e-03
2.899999999999999911e+00 9.904786764640101104e-01 9.500807104990550978e-03
2.904999879054691814e+00 9.904637118443541111e-01 9.515751740782242216e-03
2.909999758109382828e+00 9.904496841714159894e-01 9.529815858218070035e-03
2.914999637164074286e+00 9.904361215534965845e-01 9.543430950377372601e-03
2.919999516218765745e+00 9.904220526974554240e-01 9.557511072417363210e-03
2.924999395273457203e+00 9.904070781161559145e-01 9.572444508329712790e-03
2.929999274328149106e+00 9.903917888255568958e-01 9.587686059646806369e-03
2.934999153382840564e+00 9.903771090376872754e-01 9.602363772103992764e-03
2.939999032437531579e+00 9.903632875818985104e-01 9.616230651151377526e-03
2.944998911492223037e+00 9.903496321181650686e-01 9.629928924913981614e-03
2.949998790546914496e+00 9.903352834010150652e-01 9.644271545674588247e-03
2.955001088507776874e+00 9.903201530859853108e-01 9.659354600893239884e-03
2.960000967562468333e+00 9.903050023929826917e-01 9.674469098165687161e-03
2.965000846617159791e+00 9.902906055739265634e-01 9.688880280712743390e-03
2.970000725671851249e+00 9.902769040854797478e-01 9.702630470342909000e-03
2.975000604726542708e+00 9.902630817861365342e-01 9.716482367475460027e-03
2.980000483781234166e+00 9.902484712198350580e-01 9.731071841703442180e-03
2.985000362835925625e+00 9.902332727786277156e-01 9.746222489011913126e-03
2.990000241890617083e+00 9.902183230864219921e-01 9.761150265337161652e-03
2.995000120945308542e+00 9.902041781429048450e-01 9.775322934266422389e-03
3.000000000000000000e+00 9.901905069937123605e-01 9.789040605988136995e-03
3.004999879054691458e+00 9.901764694100808617e-01 9.803092778725940731e-03
3.009999758109382917e+00 9.901616401492450148e-01 9.817889637208357043e-03
3.014999637164074375e+00 9.901464601684339950e-01 9.833026344089569257e-03
3.019999516218765834e+00 9.901317476643172188e-01 9.847732229789662659e-03
3.024999395273457292e+00 9.901178003025249419e-01 9.861716487461183803e-03
3.029999274328148751e+00 9.901040761742311291e-01 9.875480295517323134e-03
3.034999153382840209e+00 9.900898021362551926e-01 9.889753848796936642e-03
3.039999032437531667e+00 9.900748157980671094e-01 9.904700918328283865e-03
3.044998911492223126e+00 9.900597317012388432e-01 9.919750417081426436e-03
3.050001209453085504e+00 9.900452646633176590e-01 9.934225416165551326e-03
3.055001088507776963e+00 9.900314453794607505e-01 9.948086047180136615e-03
3.060000967562468421e+00 9.900175991179300805e-01 9.961961681935025889e-03
3.065000846617159436e+00 9.900030939294646171e-01 9.976452781790531854e-03
3.070000725671850894e+00 9.899880231274184039e-01 9.991482154936439861e-03
3.075000604726542797e+00 9.899730958959880311e-01 1.000638632723452673e-02
3.080000483781234255e+00 9.899588562305259298e-01 1.002064639791128489e-02
3.085000362835925714e+00 9.899450892794956491e-01 1.003445444201703923e-02
3.090000241890617172e+00 9.899310713156413977e-01 1.004848938332440766e-02
3.095000120945308186e+00 9.899163636936068045e-01 1.006317197189409395e-02
3.100000000000000089e+00 9.899012839293159782e-01 1.007821268822163899e-02
3.104999879054691547e+00 9.898865529624029103e-01 1.009293358122206885e-02
3.109999758109383006e+00 9.898725007025578337e-01 1.010701544095680103e-02
3.114999637164074464e+00 9.898587126807812941e-01 1.012084007040054898e-02
3.119999516218765923e+00 9.898444958046811459e-01 1.013506085426022808e-02
3.124999395273457381e+00 9.898296330687749167e-01 1.014989117710977246e-02
3.129999274328148839e+00 9.898146146838487924e-01 1.016487681862110123e-02
3.134999153382840298e+00 9.898000955105022980e-01 1.017939883917028110e-02
3.139999032437531756e+00 9.897861754791364985e-01 1.019335379759044036e-02
3.144998911492223215e+00 9.897723022715366747e-01 1.020725570921124890e-02
3.150001209453085149e+00 9.897578820706702807e-01 1.022166746035558377e-02
3.155001088507776608e+00 9.897429239717224769e-01 1.023658980343895158e-02
3.160000967562468510e+00 9.897280252903428721e-01 1.025146498837278819e-02
3.165000846617159969e+00 9.897137103770039523e-01 1.026579427547203403e-02
3.170000725671850983e+00 9.896998592402571626e-01 1.027968156529626698e-02
3.175000604726542885e+00 9.896858511139368098e-01 1.029370817686874051e-02
3.180000483781233900e+00 9.896712445806271630e-01 1.030829581293391320e-02
3.185000362835925802e+00 9.896562564688251573e-01 1.032324889819999716e-02
3.190000241890616817e+00 9.896415187678941905e-01 1.033797407995386795e-02
3.195000120945308719e+00 9.896273804672821583e-01 1.035213579663614263e-02
3.200000000000000178e+00 9.896135335397654442e-01 1.036601623379070601e-02
3.204999879054691192e+00 9.895993586890994287e-01 1.038019828023464819e-02
3.209999758109383095e+00 9.895846013009889086e-01 1.039492918324503093e-02
3.214999637164074109e+00 9.895696469772474746e-01 1.040985287282476454e-02
3.219999516218766011e+00 9.895550915049954321e-01 1.042440719310681191e-02
3.224999395273457470e+00 9.895410865912325216e-01 1.043844138766765461e-02
3.229999274328148484e+00 9.895271841549158065e-01 1.045237144298792435e-02
3.234999153382840387e+00 9.895128307522038646e-01 1.046672088930945474e-02
3.239999032437531401e+00 9.894979717163131516e-01 1.048154926918417641e-02
3.244998911492223304e+00 9.894831066307115952e-01 1.049639099846801267e-02
3.249998790546914762e+00 9.894687341082570864e-01 1.051077295736852976e-02
3.255001088507776696e+00 9.894548093475177275e-01 1.052472935289618973e-02
3.260000967562468599e+00 9.894408022110469103e-01 1.053875577925915234e-02
3.265000846617159613e+00 9.894262785912060210e-01 1.055326559300752247e-02
3.270000725671851516e+00 9.894113745643563496e-01 1.056813839325219419e-02
3.275000604726542530e+00 9.893966404623221189e-01 1.058285832827559302e-02
3.280000483781233989e+00 9.893824327645651673e-01 1.059708423017951748e-02
3.285000362835925891e+00 9.893685310597568616e-01 1.061101643552425644e-02
3.290000241890616905e+00 9.893543849967422199e-01 1.062517205367491391e-02
3.295000120945308808e+00 9.893397174090950985e-01 1.063981822884494007e-02
3.299999999999999822e+00 9.893248256442409572e-01 1.065468158711606848e-02
3.304999879054691281e+00 9.893102473704079580e-01 1.066925567950031441e-02
3.309999758109383183e+00 9.892961710710622691e-01 1.068335637593721341e-02
3.314999637164074198e+00 9.892822374413834385e-01 1.069731621843989129e-02
3.319999516218766100e+00 9.892679357810282292e-01 1.071161742535952331e-02
3.324999395273457115e+00 9.892531642087647459e-01 1.072636287387754468e-02
3.329999274328149017e+00 9.892383363959587061e-01 1.074116793195612971e-02
3.334999153382840476e+00 9.892239209384245946e-01 1.075558887963726749e-02
3.339999032437531490e+00 9.892099317480379517e-01 1.076960560574262427e-02
3.344998911492223392e+00 9.891959187462097125e-01 1.078363806697693779e-02
3.350001209453085327e+00 9.891814629958022298e-01 1.079808418108588533e-02
3.355001088507776785e+00 9.891666358587569707e-01 1.081288367905816096e-02
3.360000967562467800e+00 9.891519132940941317e-01 1.082759114965631264e-02
3.365000846617159702e+00 9.891376504722890761e-01 1.084186782268728617e-02
3.370000725671851605e+00 9.891236982705553515e-01 1.085584754028708424e-02
3.375000604726542619e+00 9.891095704598449334e-01 1.086998646607735194e-02
3.380000483781234077e+00 9.890949790437933986e-01 1.088456082863203597e-02
3.385000362835925092e+00 9.890801474201315058e-01 1.089936639034209606e-02
3.390000241890616994e+00 9.890655575618428896e-01 1.091394985703587894e-02
3.395000120945308897e+00 9.890514220590840289e-01 1.092810548694945344e-02
3.399999999999999911e+00 9.890374563420127885e-01 1.094209574449442161e-02
3.404999879054691814e+00 9.890231936375031285e-01 1.095636067401981918e-02
3.409999758109382828e+00 9.890084987765527247e-01 1.097103348847313850e-02
3.414999637164074286e+00 9.889937107547713824e-01 1.098579971964696277e-02
3.419999516218766189e+00 9.889792652409172824e-01 1.100024758761651046e-02
3.424999395273457203e+00 9.889652200244429814e-01 1.101431659892910565e-02
3.429999274328149106e+00 9.889511955541380184e-01 1.102836020703139644e-02
3.434999153382840120e+00 9.889367945615312738e-01 1.104275498428984766e-02
3.439999032437531579e+00 9.889220376306490090e-01 1.105748763559454527e-02
3.444998911492223481e+00 9.889073333196463089e-01 1.107217647198607303e-02
3.450001209453085416e+00 9.888930277388605639e-01 1.108649227869393239e-02
3.455001088507776874e+00 9.888790287934975387e-01 1.110051584956238228e-02
3.460000967562468333e+00 9.888649104584601446e-01 1.111464625625412268e-02
3.465000846617159791e+00 9.888503835673061459e-01 1.112915980208580187e-02
3.470000725671850805e+00 9.888356097970277814e-01 1.114390988103909109e-02
3.475000604726542708e+00 9.888210176529202977e-01 1.115849408850223476e-02
3.480000483781234610e+00 9.888068330697002972e-01 1.117269510932438967e-02
3.485000362835925625e+00 9.887928347786785199e-01 1.118671612104068548e-02
3.490000241890617083e+00 9.887786007690769763e-01 1.120095434404186525e-02
3.495000120945308097e+00 9.887639734545636827e-01 1.121556319940745020e-02
3.500000000000000000e+00 9.887492267746414987e-01 1.123028931942970585e-02
3.504999879054691903e+00 9.887347614988025724e-01 1.124475453327403000e-02
3.509999758109382917e+00 9.887206674077031465e-01 1.125886902972541431e-02
3.514999637164074375e+00 9.887066276817295662e-01 1.127292721535762092e-02
3.519999516218765390e+00 9.886922708639528379e-01 1.128728054757239564e-02
3.524999395273457292e+00 9.886775778543396287e-01 1.130195239440482703e-02
3.529999274328149195e+00 9.886628965042204564e-01 1.131661836123769305e-02
3.534999153382840209e+00 9.886485583061086491e-01 1.133096380279502956e-02
3.539999032437531667e+00 9.886345166227695769e-01 1.134502732337042651e-02
3.544998911492223126e+00 9.886204013510008215e-01 1.135915510347936669e-02
3.550001209453085504e+00 9.886059289071887912e-01 1.137361735287026505e-02
3.555001088507776519e+00 9.885912099270298681e-01 1.138831500952785895e-02
3.560000967562468421e+00 9.885766227118790717e-01 1.140289331194670186e-02
3.565000846617159880e+00 9.885623980455393589e-01 1.141713121263119614e-02
3.570000725671850894e+00 9.885483678249498141e-01 1.143118219832330376e-02
3.575000604726542797e+00 9.885341541601749826e-01 1.144540151795252897e-02
3.580000483781233811e+00 9.885195858101264443e-01 1.145995460153774112e-02
3.585000362835925714e+00 9.885048809645673451e-01 1.147464032179384107e-02
3.590000241890617172e+00 9.884904046219146201e-01 1.148911475194266431e-02
3.595000120945308186e+00 9.884762684008968625e-01 1.150326828651934349e-02
3.600000000000000089e+00 9.884622107907675703e-01 1.151734339833271684e-02
3.604999879054691103e+00 9.884478889540027069e-01 1.153166395948665088e-02
3.609999758109383006e+00 9.884332538954928582e-01 1.154628075200696095e-02
3.614999637164074908e+00 9.884185991766166746e-01 1.156092049733986431e-02
3.619999516218765923e+00 9.884042370766269459e-01 1.157528738592983157e-02
3.624999395273457381e+00 9.883901564592354472e-01 1.158938719672400301e-02
3.629999274328148395e+00 9.883760390756929359e-01 1.160351714287031696e-02
3.634999153382840298e+00 9.883616123673906184e-01 1.161793631192194719e-02
3.639999032437532200e+00 9.883469452974634750e-01 1.163258437103177785e-02
3.644998911492223215e+00 9.883323687806834235e-01 1.164715143214100496e-02
3.649998790546914673e+00 9.883181115051458132e-01 1.166141917452236804e-02
3.655001088507776608e+00 9.883040503217558337e-01 1.167549916222300997e-02
3.660000967562468510e+00 9.882898503637805865e-01 1.168970574987608819e-02
3.665000846617159524e+00 9.882753337177073716e-01 1.170420993047174493e-02
3.670000725671850983e+00 9.882606705885603748e-01 1.171885547506121110e-02
3.675000604726542885e+00 9.882461898534705691e-01 1.173333293352720776e-02
3.680000483781233900e+00 9.882320172893943599e-01 1.174752005492005202e-02
3.685000362835925802e+00 9.882179404224152863e-01 1.176161328428423566e-02
3.690000241890616817e+00 9.882036462730189319e-01 1.177590785866486356e-02
3.695000120945308719e+00 9.881890636892971536e-01 1.179047481607363966e-02
3.700000000000000178e+00 9.881744377446827210e-01 1.180508648330181112e-02
3.704999879054691192e+00 9.881600586298913136e-01 1.181946839654367774e-02
3.709999758109383095e+00 9.881459430486598805e-01 1.183360068576741822e-02
3.714999637164074109e+00 9.881318201838745763e-01 1.184773586337346980e-02
3.719999516218766011e+00 9.881174318229164477e-01 1.186211889975737760e-02
3.724999395273457470e+00 9.881028132425584420e-01 1.187672070078689933e-02
3.729999274328148484e+00 9.880882514298173769e-01 1.189127287543060262e-02
3.734999153382840387e+00 9.880739681720831502e-01 1.190556422505138767e-02
3.739999032437531401e+00 9.880598779218493499e-01 1.191967131618407692e-02
3.744998911492223304e+00 9.880456865109821241e-01 1.193386996412650232e-02
3.750001209453085238e+00 9.880312147679630730e-01 1.194833169817002654e-02
3.755001088507776696e+00 9.880165923165441511e-01 1.196293817205832354e-02
3.760000967562468599e+00 9.880021126089496564e-01 1.197741361984121407e-02
3.765000846617159613e+00 9.879879093206662688e-01 1.199162898183081527e-02
3.770000725671851516e+00 9.879738127387275304e-01 1.200574067910189016e-02
3.775000604726542530e+00 9.879595399800149558e-01 1.202001520507676481e-02
3.780000483781233989e+00 9.879450045801951852e-01 1.203453739191745302e-02
3.785000362835925891e+00 9.879304087024370906e-01 1.204911983325843844e-02
3.790000241890616905e+00 9.879160185501343339e-01 1.206351116625916861e-02
3.795000120945308808e+00 9.879018719020027373e-01 1.207767220984021402e-02
3.799999999999999822e+00 9.878877409420325773e-01 1.209181503183926441e-02
3.804999879054691281e+00 9.878733845122108503e-01 1.210616800569976233e-02
3.809999758109383183e+00 9.878588111526711568e-01 1.212072668141616488e-02
3.814999637164074198e+00 9.878442671038049072e-01 1.213526116316954520e-02
3.819999516218766100e+00 9.878299634875198354e-01 1.214957083924845735e-02
3.824999395273457115e+00 9.878158461294859194e-01 1.216370315430534248e-02
3.829999274328149017e+00 9.878016591931109147e-01 1.217789764015719638e-02
3.834999153382840476e+00 9.877872266239507981e-01 1.219232233156282083e-02
3.839999032437531490e+00 9.877726435257468962e-01 1.220689106610406936e-02
3.844998911492223392e+00 9.877581688799643711e-01 1.222136078074287022e-02
3.850001209453085327e+00 9.877439396819897022e-01 1.223559985737962541e-02
3.855001088507776785e+00 9.877298235926994519e-01 1.224972976190023474e-02
3.860000967562467800e+00 9.877155673460976670e-01 1.226398876290627805e-02
3.865000846617159702e+00 9.877010744133069009e-01 1.227847065656562618e-02
3.870000725671851605e+00 9.876865088791809688e-01 1.229302374089212210e-02
3.875000604726542619e+00 9.876721122824717591e-01 1.230742022459255756e-02
3.880000483781234077e+00 9.876579384331611866e-01 1.232160636612561130e-02
3.885000362835925092e+00 9.876437979980149384e-01 1.233575804219368827e-02
3.890000241890616994e+00 9.876294681735557912e-01 1.235008591594303172e-02
3.895000120945308897e+00 9.876149364962459876e-01 1.236460489331469431e-02
3.899999999999999911e+00 9.876004119435908279e-01 1.237912016047935417e-02
3.904999879054691814e+00 9.875860928955896290e-01 1.239344353937782764e-02
3.909999758109382828e+00 9.875719510031391035e-01 1.240759859222908060e-02
3.914999637164074286e+00 9.875577656167006113e-01 1.242179160731959192e-02
3.919999516218766189e+00 9.875433669135595949e-01 1.243618428080861191e-02
3.924999395273457203e+00 9.875288211034419783e-01 1.245071731150095007e-02
3.929999274328149106e+00 9.875143546609473910e-01 1.246517840828282458e-02
3.934999153382840120e+00 9.875001042723834388e-01 1.247943672751170713e-02
3.939999032437531579e+00 9.874859695256426040e-01 1.249358397864460193e-02
3.944998911492223481e+00 9.874717256358538364e-01 1.250783135378314391e-02
3.950001209453085416e+00 9.874572705161638320e-01 1.252227737716354178e-02
3.955001088507776874e+00 9.874427350053456287e-01 1.253680147478545247e-02
3.960000967562468333e+00 9.874283360550352162e-01 1.255119929805311244e-02
3.965000846617159791e+00 9.874141387765417166e-01 1.256540694929317824e-02
3.970000725671850805e+00 9.873999879344866892e-01 1.257956832297037024e-02
3.975000604726542708e+00 9.873856800515272703e-01 1.259387549959867063e-02
3.980000483781234610e+00 9.873711866381984503e-01 1.260835803938228222e-02
3.985000362835925625e+00 9.873566828021730357e-01 1.262285298874567772e-02
3.990000241890617083e+00 9.873423526296063457e-01 1.263718604892752166e-02
3.995000120945308097e+00 9.873281886180036437e-01 1.265136154189332000e-02
4.000000000000000000e+00 9.873140025069832015e-01 1.266555519405618453e-02
4.004999879054691903e+00 9.872996331525168978e-01 1.267992009343424549e-02
4.009999758109382917e+00 9.872851225389014385e-01 1.269441943443268099e-02
4.014999637164074819e+00 9.872706666018540300e-01 1.270886980821416164e-02
4.019999516218765834e+00 9.872563990466356465e-01 1.272314362218391649e-02
4.024999395273457736e+00 9.872422467348749286e-01 1.273730715065441235e-02
4.029999274328148751e+00 9.872280120757055411e-01 1.275154578713061544e-02
4.034999153382839765e+00 9.872135907148785749e-01 1.276595977627956006e-02
4.039999032437531667e+00 9.871990843156025486e-01 1.278045580594618091e-02
4.044998911492222682e+00 9.871846860910251653e-01 1.279485214974234938e-02
4.050001209453085060e+00 9.871704688968454544e-01 1.280907800641107978e-02
4.055001088507776075e+00 9.871563075062299575e-01 1.282324912953786145e-02
4.060000967562467977e+00 9.871420178421783653e-01 1.283753908201112209e-02
4.065000846617159880e+00 9.871275591980233077e-01 1.285198851428119224e-02
4.070000725671850894e+00 9.871130764102951094e-01 1.286646292710584560e-02
4.075000604726542797e+00 9.870987387879334163e-01 1.288080225797138580e-02
4.080000483781233811e+00 9.870845553751609325e-01 1.289499557322178365e-02
4.085000362835925714e+00 9.870703671426963588e-01 1.290919111700228675e-02
4.090000241890617616e+00 9.870560230280369662e-01 1.292353212796271134e-02
4.095000120945308630e+00 9.870415450412709513e-01 1.293800026648702153e-02
4.100000000000000533e+00 9.870271012689220136e-01 1.295243842808283495e-02
4.104999879054691547e+00 9.870128204039522180e-01 1.296672409593964403e-02
4.109999758109382562e+00 9.869986520652583861e-01 1.298090240048084196e-02
4.114999637164074464e+00 9.869844240504548338e-01 1.299513471645377151e-02
4.119999516218765478e+00 9.869700324226574617e-01 1.300952048954402175e-02
4.124999395273457381e+00 9.869555539034061686e-01 1.302398967919085604e-02
4.129999274328148395e+00 9.869411591310025544e-01 1.303838199906476140e-02
4.134999153382840298e+00 9.869269254386759949e-01 1.305262282689544431e-02
4.139999032437532200e+00 9.869127536427169112e-01 1.306680354413742792e-02
4.144998911492223215e+00 9.868984788335880554e-01 1.308107942615850325e-02
4.149998790546915117e+00 9.868840516357565429e-01 1.309549892570379369e-02
4.155001088507776608e+00 9.868695900264728982e-01 1.310995271824385439e-02
4.160000967562468510e+00 9.868552481791142972e-01 1.312429529866995792e-02
4.165000846617159524e+00 9.868410478920539575e-01 1.313850406870203068e-02
4.170000725671851427e+00 9.868268564715625413e-01 1.315270248127128720e-02
4.175000604726543330e+00 9.868125340278384172e-01 1.316702294573495434e-02
4.180000483781234344e+00 9.867980862871015280e-01 1.318146215774073857e-02
4.185000362835925358e+00 9.867836558806329927e-01 1.319588702664832407e-02
4.190000241890616373e+00 9.867693649428529445e-01 1.321018153702458765e-02
4.195000120945308275e+00 9.867551821150769564e-01 1.322437315905777150e-02
4.200000000000000178e+00 9.867409588122476594e-01 1.323860091346689208e-02
4.204999879054691192e+00 9.867265934713841391e-01 1.325296171655811206e-02
4.209999758109383095e+00 9.867121413990116441e-01 1.326740547295217516e-02
4.214999637164074109e+00 9.866977520642408184e-01 1.328179196605543295e-02
4.219999516218766011e+00 9.866835048855308044e-01 1.329604494095105137e-02
4.224999395273457914e+00 9.866693232974698136e-01 1.331023463293733514e-02
4.229999274328148928e+00 9.866550607416558760e-01 1.332449884935990765e-02
4.234999153382840831e+00 9.866406617811698254e-01 1.333889144961905755e-02
4.239999032437531845e+00 9.866262209256629889e-01 1.335332511102909139e-02
4.244998911492222859e+00 9.866118774749988996e-01 1.336766850993591389e-02
4.249998790546914762e+00 9.865976629212893645e-01 1.338189025769250320e-02
4.255001088507777141e+00 9.865834678986565853e-01 1.339609187635912649e-02
4.260000967562468155e+00 9.865691639512593758e-01 1.341039477209662531e-02
4.265000846617159169e+00 9.865547438383545087e-01 1.342480758458428937e-02
4.270000725671851072e+00 9.865403274773455466e-01 1.343921857009497227e-02
4.275000604726542086e+00 9.865260295007362012e-01 1.345351907860303613e-02
4.280000483781233989e+00 9.865118340123977259e-01 1.346772225384460300e-02
4.285000362835925891e+00 9.864976139237807695e-01 1.348194684831543859e-02
4.290000241890616905e+00 9.864832714833979832e-01 1.349628588151430449e-02
4.295000120945308808e+00 9.864688442096131160e-01 1.351070579661101806e-02
4.299999999999999822e+00 9.864544620519404283e-01 1.352508486235571086e-02
4.304999879054691725e+00 9.864402043176226931e-01 1.353934721610327956e-02
4.309999758109383627e+00 9.864260136927329725e-01 1.355354515193451202e-02
4.314999637164074642e+00 9.864117610207289166e-01 1.356779993705176449e-02
4.319999516218765656e+00 9.863973872654806518e-01 1.358216851624755375e-02
4.324999395273456670e+00 9.863829666605339330e-01 1.359658253450207396e-02
4.329999274328148573e+00 9.863686239847120341e-01 1.361092456342753547e-02
4.334999153382840476e+00 9.863543975287860643e-01 1.362515705345065074e-02
4.339999032437531490e+00 9.863401986045230441e-01 1.363936214754986852e-02
4.344998911492223392e+00 9.863259103732546773e-01 1.365365008028764093e-02
4.350001209453084883e+00 9.863115155282945468e-01 1.366803871424252838e-02
4.355001088507776785e+00 9.862971137098226482e-01 1.368243540424036141e-02
4.360000967562467800e+00 9.862828112143703363e-01 1.369673956907981743e-02
4.365000846617159702e+00 9.862686047306559178e-01 1.371095272698164870e-02
4.370000725671851605e+00 9.862543867321812430e-01 1.372517518256517050e-02
4.375000604726542619e+00 9.862400643558020263e-01 1.373949510428017391e-02
4.380000483781234522e+00 9.862256602880432599e-01 1.375389271552144264e-02
4.385000362835925536e+00 9.862112864931503742e-01 1.376826328998530420e-02
4.390000241890617438e+00 9.861970206904364655e-01 1.378253270476508495e-02
4.395000120945308453e+00 9.861828219867964096e-01 1.379673795229624696e-02
4.399999999999999467e+00 9.861685774165828144e-01 1.381098494518316275e-02
4.404999879054691370e+00 9.861542261255378250e-01 1.382533209070646585e-02
4.409999758109382384e+00 9.861398249545345607e-01 1.383972730601739504e-02
4.414999637164074286e+00 9.861254848328593337e-01 1.385406631748278133e-02
4.419999516218766189e+00 9.861112487947925054e-01 1.386830736077838966e-02
4.424999395273457203e+00 9.860970461134941356e-01 1.388251574814286168e-02
4.429999274328149106e+00 9.860827712302836501e-01 1.389679093638267540e-02
4.434999153382840120e+00 9.860683992591119384e-01 1.391115769939645086e-02
4.439999032437532023e+00 9.860540120369102324e-01 1.392554008720976559e-02
4.444998911492223925e+00 9.860397072972402199e-01 1.393984577318906244e-02
4.450001209453085416e+00 9.860254916718778073e-01 1.395406714991994333e-02
4.455001088507777318e+00 9.860112749613703098e-01 1.396828819483195670e-02
4.460000967562468333e+00 9.859969699521454745e-01 1.398259156724867419e-02
4.465000846617160235e+00 9.859825873616209213e-01 1.399696853886751337e-02
4.470000725671851249e+00 9.859682229060476866e-01 1.401132972808721323e-02
4.475000604726542264e+00 9.859539514556705520e-01 1.402560393042212757e-02
4.480000483781234166e+00 9.859397456918195246e-01 1.403981550050644074e-02
4.485000362835925181e+00 9.859255075845163585e-01 1.405405623545752901e-02
4.490000241890617083e+00 9.859111761789962625e-01 1.406838439937411339e-02
4.495000120945308097e+00 9.858967936249054542e-01 1.408276160810008858e-02
4.500000000000000000e+00 9.858824576911973114e-01 1.409709608702384986e-02
4.504999879054691903e+00 9.858682141863361892e-01 1.411134370113584051e-02
4.509999758109382917e+00 9.858540078816431240e-01 1.412555524743956507e-02
4.514999637164074819e+00 9.858397442462895066e-01 1.413981965876862958e-02
4.519999516218765834e+00 9.858253930182625524e-01 1.415416654955004190e-02
4.524999395273457736e+00 9.858110203997940690e-01 1.416853466186908904e-02
4.529999274328148751e+00 9.857967153492623869e-01 1.418284010132008117e-02
4.534999153382839765e+00 9.857824921578518529e-01 1.419706820385024937e-02
4.539999032437531667e+00 9.857682761479069633e-01 1.421128837791298810e-02
4.544998911492222682e+00 9.857539862534172581e-01 1.422557728720978167e-02
4.550001209453085060e+00 9.857396235912715410e-01 1.423993510546873141e-02
4.555001088507776075e+00 9.857252691057982741e-01 1.425428636913753794e-02
4.560000967562467977e+00 9.857109939769813645e-01 1.426856352604000816e-02
4.565000846617159880e+00 9.856967822046581729e-01 1.428278041708126028e-02
4.570000725671850894e+00 9.856825493903622615e-01 1.429701596222677021e-02
4.575000604726542797e+00 9.856682356397054035e-01 1.431132723777558263e-02
4.580000483781233811e+00 9.856538706940861649e-01 1.432568742269042447e-02
4.585000362835925714e+00 9.856395401166685444e-01 1.434001631904206590e-02
4.590000241890617616e+00 9.856252910792079325e-01 1.435426868344943582e-02
4.595000120945308630e+00 9.856110815806921055e-01 1.436848294851826927e-02
4.600000000000000533e+00 9.855968275072979345e-01 1.438273815636124768e-02
4.604999879054691547e+00 9.855824949591099893e-01 1.439706715404369744e-02
4.609999758109382562e+00 9.855681366220567785e-01 1.441142134328128079e-02
4.614999637164074464e+00 9.855538328900728118e-01 1.442572500112816215e-02
4.619999516218765478e+00 9.855396038136885473e-01 1.443995823899357246e-02
4.624999395273457381e+00 9.855253881686530937e-01 1.445417781994398979e-02
4.629999274328148395e+00 9.855111113326195937e-01 1.446845421912796095e-02
4.634999153382840298e+00 9.854967669550983578e-01 1.448279446692787159e-02
4.639999032437532200e+00 9.854824228827274712e-01 1.449713541628759247e-02
4.644998911492223215e+00 9.854681459726515325e-01 1.451141374307442569e-02
4.649998790546915117e+00 9.854539292881928647e-01 1.452563491441475306e-02
4.655001088507776608e+00 9.854397007150704768e-01 1.453986625193855881e-02
4.660000967562468510e+00 9.854254025149252749e-01 1.455416263457681714e-02
4.665000846617159524e+00 9.854110542201847123e-01 1.456850673248857343e-02
4.670000725671851427e+00 9.853967300610962932e-01 1.458282905736930403e-02
4.675000604726543330e+00 9.853824772542042476e-01 1.459708451326859231e-02
4.680000483781234344e+00 9.853682649386048542e-01 1.461130114375128707e-02
4.685000362835925358e+00 9.853540189088624279e-01 1.462554856632973695e-02
4.690000241890616373e+00 9.853397032198015770e-01 1.463986138960400585e-02
4.695000120945308275e+00 9.853253588696972987e-01 1.465420195200753395e-02
4.700000000000000178e+00 9.853110578514127083e-01 1.466850254319841153e-02
4.704999879054691192e+00 9.852968242842371493e-01 1.468273960956893720e-02
4.709999758109383095e+00 9.852826087785959697e-01 1.469695881025577869e-02
4.714999637164074109e+00 9.852683433099818089e-01 1.471122427449707976e-02
4.719999516218766011e+00 9.852540157877657245e-01 1.472554830143313863e-02
4.724999395273457914e+00 9.852396823556273109e-01 1.473987874803168140e-02
4.729999274328148928e+00 9.852254051705457982e-01 1.475415685870691898e-02
4.734999153382840831e+00 9.852111845671654988e-01 1.476838137038776616e-02
4.739999032437531845e+00 9.851969595341595332e-01 1.478260913776202265e-02
4.744998911492222859e+00 9.851826751462711140e-01 1.479689225930836891e-02
4.750001209453085238e+00 9.851683424647397214e-01 1.481122126298896856e-02
4.755001088507777141e+00 9.851540254167736599e-01 1.482553640797141907e-02
4.760000967562468155e+00 9.851397703658999472e-01 1.483979352781867982e-02
4.765000846617159169e+00 9.851255557922951045e-01 1.485401197506478789e-02
4.770000725671851072e+00 9.851113166706341184e-01 1.486825266288244185e-02
4.775000604726542086e+00 9.850970161214938070e-01 1.488255093926108517e-02
4.780000483781233989e+00 9.850826852268501632e-01 1.489687841637622745e-02
4.785000362835925891e+00 9.850683880526304170e-01 1.491117490488198805e-02
4.790000241890616905e+00 9.850541514005339838e-01 1.492541446490281733e-02
4.795000120945308808e+00 9.850399360272337201e-01 1.493963326138213719e-02
4.799999999999999822e+00 9.850256804216058759e-01 1.495388921497078395e-02
4.804999879054691725e+00 9.850113682772559942e-01 1.496819843814903121e-02
4.809999758109383627e+00 9.849970455737474540e-01 1.498251833680190430e-02
4.814999637164074642e+00 9.849827695197058697e-01 1.499679490583541615e-02
4.819999516218765656e+00 9.849685460290779071e-01 1.501102177452872874e-02
4.824999395273456670e+00 9.849543239334661582e-01 1.502524652745801728e-02
4.829999274328148573e+00 9.849400516995383548e-01 1.503951795776035938e-02
4.834999153382840476e+00 9.849257336428518528e-01 1.505383282681498590e-02
4.839999032437531490e+00 9.849114243378435107e-01 1.506814021070875843e-02
4.844998911492223392e+00 9.848971684497055401e-01 1.508239767739234620e-02
4.850001209453084883e+00 9.848829521092842265e-01 1.509661747447104720e-02
4.855001088507776785e+00 9.848687188578837404e-01 1.511085239870730776e-02
4.860000967562467800e+00 9.848544319498852007e-01 1.512513755945327568e-02
4.865000846617159702e+00 9.848401140395020015e-01 1.513945239388704220e-02
4.870000725671851605e+00 9.848258216655538799e-01 1.515374389844352174e-02
4.875000604726542619e+00 9.848115830942231197e-01 1.516798486613666827e-02
4.880000483781234522e+00 9.847973678648208606e-01 1.518220324949471831e-02
4.885000362835925536e+00 9.847831208792181545e-01 1.519645084609966453e-02
4.890000241890617438e+00 9.847688228706167335e-01 1.521074643701141732e-02
4.895000120945308453e+00 9.847545108708066763e-01 1.522505582881598755e-02
4.899999999999999467e+00 9.847402370410893724e-01 1.523932986193116471e-02
4.904999879054691370e+00 9.847260115377171052e-01 1.525355826068228865e-02
4.909999758109382384e+00 9.847117920212381526e-01 1.526778032693851608e-02
4.914999637164074286e+00 9.846975306089452706e-01 1.528204130194643282e-02
4.919999516218766189e+00 9.846832262140354786e-01 1.529634295735599232e-02
4.924999395273457203e+00 9.846689250069802224e-01 1.531064229411284103e-02
4.929999274328149106e+00 9.846546694225697394e-01 1.532489904536379552e-02
4.934999153382840120e+00 9.846404518997352584e-01 1.533911962056324144e-02
4.939999032437532023e+00 9.846262238142358125e-01 1.535334943573552803e-02
4.944998911492223925e+00 9.846119491622544739e-01 1.536762277136952126e-02
4.950001209453085416e+00 9.845976436350012406e-01 1.538192557855352048e-02
4.955001088507777318e+00 9.845833567590911439e-01 1.539621146584338809e-02
4.960000967562468333e+00 9.845691174045898553e-01 1.541045277504499850e-02
4.965000846617160235e+00 9.845549025155891920e-01 1.542467053440236581e-02
4.970000725671851249e+00 9.845406630802157055e-01 1.543891076846058003e-02
4.975000604726542264e+00 9.845263779513858671e-01 1.545319393551128871e-02
4.980000483781234166e+00 9.845120764984344186e-01 1.546749300084928301e-02
4.985000362835925181e+00 9.844978058692965828e-01 1.548176357392245031e-02
4.990000241890617083e+00 9.844835792857951073e-01 1.549599262607093304e-02
4.995000120945308097e+00 9.844693620685935898e-01 1.551021225335711372e-02
5.000000000000000000e+00 9.844551102340675097e-01 1.552446396814680975e-02
5.004999879054691903e+00 9.844408185637639752e-01 1.553875331777031070e-02
5.009999758109382917e+00 9.844265257230943034e-01 1.555304433877547146e-02
5.014999637164074819e+00 9.844122715203963425e-01 1.556729937297298035e-02
5.019999516218765834e+00 9.843980533661828014e-01 1.558152021483491349e-02
5.024999395273457736e+00 9.843838297722037334e-01 1.559574554855330634e-02
5.029999274328148751e+00 9.843695661696093557e-01 1.561000821487997132e-02
5.034999153382839765e+00 9.843552724774934370e-01 1.562429950513192882e-02
5.039999032437531667e+00 9.843409917020442546e-01 1.563857922070298334e-02
5.044998911492222682e+00 9.843267524978727145e-01 1.565281999680761746e-02
5.050001209453085060e+00 9.843125381074387947e-01 1.566703698519138210e-02
5.055001088507776075e+00 9.842983053580788289e-01 1.568127067692983573e-02
5.060000967562467977e+00 9.842840320697894274e-01 1.569554240144757640e-02
5.065000846617159880e+00 9.842697409722744872e-01 1.570983132867008816e-02
5.070000725671850894e+00 9.842554742858913297e-01 1.572409776669794756e-02
5.075000604726542797e+00 9.842412473717458976e-01 1.573832677209180755e-02
5.080000483781233811e+00 9.842270323188622161e-01 1.575254408197206135e-02
5.085000362835925714e+00 9.842127890781990907e-01 1.576678744540208760e-02
5.090000241890617616e+00 9.841985092671408086e-01 1.578106529953972673e-02
5.095000120945308630e+00 9.841842249072926263e-01 1.579534794745109799e-02
5.100000000000000533e+00 9.841699728958875903e-01 1.580960050780227943e-02
5.104999879054691547e+00 9.841557546774207799e-01 1.582382107584679592e-02
5.109999758109382562e+00 9.841415351653206578e-01 1.583804229940746766e-02
5.114999637164074464e+00 9.841272815526697082e-01 1.585229528389654058e-02
5.119999516218765478e+00 9.841129990847419240e-01 1.586657567723883180e-02
5.124999395273457381e+00 9.840987247721377784e-01 1.588084889345721396e-02
5.129999274328148395e+00 9.840844865883783266e-01 1.589508831786771298e-02
5.134999153382840298e+00 9.840702730154640143e-01 1.590930422949159498e-02
5.139999032437532200e+00 9.840560462440623990e-01 1.592353203666548728e-02
5.144998911492223215e+00 9.840417837549816360e-01 1.593779330892675095e-02
5.149998790546915117e+00 9.840275026939462322e-01 1.595207241743804363e-02
5.155001088507776608e+00 9.840132406116804953e-01 1.596633412123772688e-02
5.160000967562468510e+00 9.839990141381668165e-01 1.598056233318836949e-02
5.165000846617159524e+00 9.839848011971301656e-01 1.599477736666804831e-02
5.170000725671851427e+00 9.839705656341675155e-01 1.600901325409409201e-02
5.175000604726543330e+00 9.839562968332716819e-01 1.602328043135473751e-02
5.180000483781234344e+00 9.839420209987618238e-01 1.603755466537866090e-02
5.185000362835925358e+00 9.839277719688500623e-01 1.605180401934413331e-02
5.190000241890616373e+00 9.839135542182494421e-01 1.606602380901563099e-02
5.195000120945308275e+00 9.838993383950910276e-01 1.608024129424459256e-02
5.200000000000000178e+00 9.838850938261312074e-01 1.609448550359506361e-02
5.204999879054691192e+00 9.838708220053834497e-01 1.610875552989069967e-02
5.209999758109383095e+00 9.838565545061801476e-01 1.612302194107687048e-02
5.214999637164074109e+00 9.838423180797063461e-01 1.613725932753662384e-02
5.219999516218766011e+00 9.838281055541434617e-01 1.615147394258293137e-02
5.224999395273457914e+00 9.838138841598733642e-01 1.616569642616333402e-02
5.229999274328148928e+00 9.837996316167572086e-01 1.617994804840136927e-02
5.234999153382840831e+00 9.837853603110263689e-01 1.619421761382702427e-02
5.239999032437531845e+00 9.837711033044037601e-01 1.620847415183488543e-02
5.244998911492222859e+00 9.837568779026760746e-01 1.622270099766528681e-02
5.249998790546914762e+00 9.837426670800263340e-01 1.623691374844248025e-02
5.255001088507777141e+00 9.837284384859900088e-01 1.625114280773954853e-02
5.260000967562468155e+00 9.837141799740543036e-01 1.626539999910887532e-02
5.265000846617159169e+00 9.836999125882304185e-01 1.627966590998020796e-02
5.270000725671851072e+00 9.836856671139242447e-01 1.629391154213960524e-02
5.275000604726542086e+00 9.836714503222738770e-01 1.630813007826443020e-02
5.280000483781233989e+00 9.836572379854220394e-01 1.632234400225423057e-02
5.285000362835925891e+00 9.836430016777257812e-01 1.633658016779823002e-02
5.290000241890616905e+00 9.836287399090097860e-01 1.635084041058607399e-02
5.295000120945308808e+00 9.836144793600487546e-01 1.636509990387310931e-02
5.299999999999999822e+00 9.836002453461876183e-01 1.637933464918528426e-02
5.304999879054691725e+00 9.835860342190940742e-01 1.639354763320732128e-02
5.309999758109383627e+00 9.835718177654949601e-01 1.640776519615370216e-02
5.314999637164074642e+00 9.835575743385683856e-01 1.642200795543807476e-02
5.319999516218765656e+00 9.835433123979139269e-01 1.643626836823635154e-02
5.324999395273456670e+00 9.835290608414365421e-01 1.645051938920346138e-02
5.329999274328148573e+00 9.835148371561559522e-01 1.646474426137276362e-02
5.334999153382840476e+00 9.835006285417670080e-01 1.647895464133543666e-02
5.339999032437531490e+00 9.834864062763667425e-01 1.649317748677333120e-02
5.344998911492223392e+00 9.834721573009995721e-01 1.650742540556147941e-02
5.350001209453084883e+00 9.834578982525886692e-01 1.652168310535448784e-02
5.355001088507776785e+00 9.834436568709225002e-01 1.653592450361758212e-02
5.360000967562467800e+00 9.834294415466723338e-01 1.655014132381151665e-02
5.365000846617159702e+00 9.834152325016761731e-01 1.656435187237476764e-02
5.370000725671851605e+00 9.834010037171728724e-01 1.657858068844450875e-02
5.375000604726542619e+00 9.833867514657048670e-01 1.659283166396207862e-02
5.380000483781234522e+00 9.833724980065351451e-01 1.660708411241073462e-02
5.385000362835925536e+00 9.833582669636234952e-01 1.662131569473632511e-02
5.390000241890617438e+00 9.833440574925738087e-01 1.663552679919745939e-02
5.395000120945308453e+00 9.833298456019272660e-01 1.664973980612934404e-02
5.399999999999999467e+00 9.833156106105892524e-01 1.666397434843795711e-02
5.404999879054691370e+00 9.833013577025645491e-01 1.667822592521818123e-02
5.409999758109382384e+00 9.832871118812698263e-01 1.669247117530698113e-02
5.414999637164074286e+00 9.832728904044067963e-01 1.670669362158342872e-02
5.419999516218766189e+00 9.832586840747945534e-01 1.672090155029180500e-02
5.424999395273457203e+00 9.832444676471453482e-01 1.673511863071307226e-02
5.429999274328149106e+00 9.832302275964948102e-01 1.674935785381766185e-02
5.434999153382840120e+00 9.832159767348639390e-01 1.676360751704432384e-02
5.439999032437532023e+00 9.832017398112118389e-01 1.677784435048984557e-02
5.444998911492223925e+00 9.831875263760311290e-01 1.679205905975881402e-02
5.450001209453085416e+00 9.831733205617136928e-01 1.680626628362745859e-02
5.455001088507777318e+00 9.831590987411639171e-01 1.682048827817633069e-02
5.460000967562468333e+00 9.831448554437957066e-01 1.683473050838351498e-02
