5.000000000000000000e+02 2.389578336196184925e-11
5.012999877929687500e+02 2.401254418790477908e-11
5.025999755859375000e+02 2.412992325932984858e-11
5.038999938964843750e+02 2.424792057623706099e-11
5.051999816894531250e+02 2.436654314424094431e-11
5.064999694824218750e+02 2.448579446614875767e-11
5.078000183105468750e+02 2.460569205599682913e-11
5.091000061035156250e+02 2.472621839974883064e-11
5.103999938964843750e+02 2.484739451424835264e-11
5.117000122070312500e+02 2.496921864809175747e-11
5.130000000000000000e+02 2.509170130970084520e-11
5.142999877929687500e+02 2.521484600188287497e-11
5.155999755859375000e+02 2.533865622744511240e-11
5.168999633789062500e+02 2.546313373779119192e-11
5.181999511718750000e+02 2.558829779836106306e-11
5.195000000000000000e+02 2.571414140354019784e-11
5.207999877929687500e+02 2.584067331034676191e-11
5.221000366210937500e+02 2.596790052439527357e-11
5.234000244140625000e+02 2.609583005130027372e-11
5.247000122070312500e+02 2.622446539386901829e-11
5.260000000000000000e+02 2.635380655210151050e-11
5.272999877929687500e+02 2.648386928863043431e-11
5.285999755859375000e+02 2.661465885766669620e-11
5.298999633789062500e+02 2.674617175640302087e-11
5.311999511718750000e+02 2.687842374747210518e-11
5.324999389648437500e+02 2.701142183648847714e-11
5.337999877929687500e+02 2.714516602345213027e-11
5.351000366210937500e+02 2.727966156257396784e-11
5.364000244140625000e+02 2.741491896227578345e-11
5.377000122070312500e+02 2.755094347676846744e-11
5.390000000000000000e+02 2.768774211166654781e-11
5.402999877929687500e+02 2.782531836977729339e-11
5.415999755859375000e+02 2.796368100811886982e-11
5.428999633789062500e+02 2.810284053511305780e-11
5.441999511718750000e+02 2.824279870216349497e-11
5.455000000000000000e+02 2.838356776909560611e-11
5.467999877929687500e+02 2.852514598450576005e-11
5.481000366210937500e+02 2.866754560821938158e-11
5.494000244140625000e+02 2.881077189444736749e-11
5.507000122070312500e+02 2.895483184880424578e-11
5.520000000000000000e+02 2.909973247690454121e-11
5.532999877929687500e+02 2.924548253576641942e-11
5.545999755859375000e+02 2.939209078240803960e-11
5.558999633789062500e+02 2.953955896823303293e-11
5.571999511718750000e+02 2.968789935306682420e-11
5.585000000000000000e+02 2.983712945094573825e-11
5.597999877929687500e+02 2.998723875344797500e-11
5.610999755859375000e+02 3.013823426618806569e-11
5.624000244140625000e+02 3.029013350320234159e-11
5.637000122070312500e+02 3.044294697291258339e-11
5.650000000000000000e+02 3.059667117251152870e-11
5.662999877929687500e+02 3.075132711884276474e-11
5.675999755859375000e+02 3.090691481190629795e-11
5.688999633789062500e+02 3.106344125731664665e-11
5.701999511718750000e+02 3.122091346068834206e-11
5.715000000000000000e+02 3.137936645009402735e-11
5.727999877929687500e+02 3.153876519746105935e-11
5.740999755859375000e+02 3.169914823366935009e-11
5.754000244140625000e+02 3.186050505029709949e-11
5.767000122070312500e+02 3.202286016699516362e-11
5.780000000000000000e+02 3.218621008095627362e-11
5.792999877929687500e+02 3.235058281463854792e-11
5.805999755859375000e+02 3.251596435681292408e-11
5.818999633789062500e+02 3.268237922713025169e-11
5.831999511718750000e+02 3.284982392278327482e-11
5.845000000000000000e+02 3.301832996903736136e-11
5.857999877929687500e+02 3.318788685747073064e-11
5.870999755859375000e+02 3.335850509650515686e-11
5.884000244140625000e+02 3.353020220017698424e-11
5.897000122070312500e+02 3.370298517410072462e-11
5.910000000000000000e+02 3.387686102389090922e-11
5.922999877929687500e+02 3.405184025796933164e-11
5.935999755859375000e+02 3.422793338475779194e-11
5.948999633789062500e+02 3.440516142109986441e-11
5.962000122070312500e+02 3.458351736138103076e-11
5.975000000000000000e+02 3.476302222244487171e-11
5.987999877929687500e+02 3.494368300990590558e-11
6.000999755859375000e+02 3.512550672937868296e-11
6.014000244140625000e+02 3.530851439770677169e-11
6.027000122070312500e+02 3.549270251208291584e-11
6.040000000000000000e+02 3.567809909496522737e-11
6.052999877929687500e+02 3.586470414635370629e-11
6.065999755859375000e+02 3.605252116905560851e-11
6.078999633789062500e+02 3.624157818552906540e-11
6.092000122070312500e+02 3.643189621261765122e-11
6.105000000000000000e+02 3.662345773628504116e-11
6.117999877929687500e+02 3.681628377337483533e-11
6.130999755859375000e+02 3.701039534073059511e-11
6.144000244140625000e+02 3.720579594115960872e-11
6.157000122070312500e+02 3.740250308869818806e-11
6.170000000000000000e+02 3.760052729176812673e-11
6.182999877929687500e+02 3.779987555598394950e-11
6.195999755859375000e+02 3.800057590380377478e-11
6.208999633789062500e+02 3.820262483242034021e-11
6.222000122070312500e+02 3.840604686148448890e-11
6.235000000000000000e+02 3.861085600222527684e-11
6.247999877929687500e+02 3.881704174622092335e-11
6.260999755859375000e+02 3.902464262435132754e-11
6.273999633789062500e+02 3.923366564223100770e-11
6.287000122070312500e+02 3.944412831389630158e-11
6.300000000000000000e+02 3.965603764496173395e-11
6.312999877929687500e+02 3.986940064104182956e-11
6.325999755859375000e+02 4.008424532459470684e-11
6.338999633789062500e+02 4.030058920965668417e-11
6.352000122070312500e+02 4.051844280464954866e-11
6.365000000000000000e+02 4.073780610957330680e-11
6.377999877929687500e+02 4.095870364407880816e-11
6.390999755859375000e+02 4.118115292220237111e-11
6.403999633789062500e+02 4.140518196640210761e-11
6.417000122070312500e+02 4.163078026825623699e-11
6.430000000000000000e+02 4.185797234741559591e-11
6.442999877929687500e+02 4.208678272353104041e-11
6.455999755859375000e+02 4.231722540783162647e-11
6.469000244140625000e+02 4.254932141716093485e-11
6.482000122070312500e+02 4.278307075151897846e-11
6.495000000000000000e+02 4.301849092494206921e-11
6.507999877929687500e+02 4.325561696550285029e-11
6.520999755859375000e+02 4.349445237600857760e-11
6.533999633789062500e+02 4.373501467049558891e-11
6.547000122070312500e+02 4.397732836861472088e-11
6.560000000000000000e+02 4.422140047598050472e-11
6.572999877929687500e+02 4.446726602066559655e-11
6.585999755859375000e+02 4.471493200828450174e-11
6.599000244140625000e+02 4.496442646129535812e-11
6.612000122070312500e+02 4.521574937969815274e-11
6.625000000000000000e+02 4.546892528314372228e-11
6.637999877929687500e+02 4.572398569689746693e-11
6.650999755859375000e+02 4.598093762657391145e-11
6.663999633789062500e+02 4.623980208901663659e-11
6.677000122070312500e+02 4.650060710668375430e-11
6.690000000000000000e+02 4.676336669080432704e-11
6.702999877929687500e+02 4.702810185822193555e-11
6.715999755859375000e+02 4.729484063139469825e-11
6.729000244140625000e+02 4.756360052435893352e-11
6.742000122070312500e+02 4.783439204553643494e-11
6.755000000000000000e+02 4.810724672019257688e-11
6.767999877929687500e+02 4.838217855955642176e-11
6.780999755859375000e+02 4.865921908889335042e-11
6.793999633789062500e+02 4.893838582223967473e-11
6.806999511718750000e+02 4.921969627363172599e-11
6.820000000000000000e+02 4.950318547114214093e-11
6.832999877929687500e+02 4.978886042038544431e-11
6.845999755859375000e+02 5.007677016066334176e-11
6.859000244140625000e+02 5.036693570881941402e-11
6.872000122070312500e+02 5.065935005923914927e-11
6.885000000000000000e+02 5.095405524560968959e-11
6.897999877929687500e+02 5.125107929038917280e-11
6.910999755859375000e+02 5.155044671322843557e-11
6.923999633789062500e+02 5.185218203377833394e-11
6.936999511718750000e+02 5.215630276607518628e-11
6.950000000000000000e+02 5.246286145222796060e-11
6.962999877929687500e+02 5.277185809223665689e-11
6.976000366210937500e+02 5.308333471978844312e-11
6.989000244140625000e+02 5.339731235172690002e-11
7.002000122070312500e+02 5.371381200489561479e-11
7.015000000000000000e+02 5.403286870736724356e-11
7.027999877929687500e+02 5.435451748721441011e-11
7.040999755859375000e+02 5.467878636689523935e-11
7.053999633789062500e+02 5.500568235202426250e-11
7.066999511718750000e+02 5.533526148751769702e-11
7.080000000000000000e+02 5.566754128741187421e-11
7.092999877929687500e+02 5.600256378539395554e-11
7.106000366210937500e+02 5.634036050672932829e-11
7.119000244140625000e+02 5.668094195983977315e-11
7.132000122070312500e+02 5.702435368121973981e-11
7.145000000000000000e+02 5.737062369332732733e-11
7.157999877929687500e+02 5.771979753265699189e-11
7.170999755859375000e+02 5.807189271324503892e-11
7.183999633789062500e+02 5.842695126877862990e-11
7.196999511718750000e+02 5.878500822733044035e-11
7.210000000000000000e+02 5.914609161135854991e-11
7.222999877929687500e+02 5.951024345455015884e-11
7.236000366210937500e+02 5.987751279620694047e-11
7.249000244140625000e+02 6.024790664194343248e-11
7.262000122070312500e+02 6.062147403106133404e-11
7.275000000000000000e+02 6.099825699724783249e-11
7.287999877929687500e+02 6.137829056857553871e-11
7.300999755859375000e+02 6.176162378434619064e-11
7.313999633789062500e+02 6.214827065578881195e-11
7.326999511718750000e+02 6.253830824466322670e-11
7.340000000000000000e+02 6.293173655096944782e-11
7.352999877929687500e+02 6.332862563085273584e-11
7.366000366210937500e+02 6.372901051238575333e-11
7.379000244140625000e+02 6.413291221241207457e-11
7.392000122070312500e+02 6.454040078707699887e-11
7.405000000000000000e+02 6.495151827006768771e-11
7.417999877929687500e+02 6.536627867261319062e-11
7.430999755859375000e+02 6.578476606208786933e-11
7.443999633789062500e+02 6.620700846094980997e-11
7.456999511718750000e+02 6.663304089727167510e-11
7.469999389648437500e+02 6.706292642158422636e-11
7.482999877929687500e+02 6.749672808441819950e-11
7.496000366210937500e+02 6.793445989700266990e-11
7.509000244140625000e+02 6.837618490986838625e-11
7.522000122070312500e+02 6.882193815108798526e-11
7.535000000000000000e+02 6.927181069365035347e-11
7.547999877929687500e+02 6.972581654878454037e-11
7.560999755859375000e+02 7.018402577263581942e-11
7.573999633789062500e+02 7.064648039889136505e-11
7.586999511718750000e+02 7.111325048369648946e-11
7.599999389648437500e+02 7.158437105512381647e-11
7.612999877929687500e+02 7.205993318616218088e-11
7.626000366210937500e+02 7.253994388242617208e-11
7.639000244140625000e+02 7.302450822813370024e-11
7.652000122070312500e+02 7.351364023451378903e-11
7.665000000000000000e+02 7.400743798016986266e-11
7.677999877929687500e+02 7.450592948756004600e-11
7.690999755859375000e+02 7.500921283528772448e-11
7.703999633789062500e+02 7.551731604581099714e-11
7.716999511718750000e+02 7.603032318650423865e-11
7.729999389648437500e+02 7.654829730789818478e-11
7.742999877929687500e+02 7.707131547175264666e-11
7.755999755859375000e+02 7.759940570052574919e-11
7.769000244140625000e+02 7.813267307843542839e-11
7.782000122070312500e+02 7.867115263355430807e-11
7.795000000000000000e+02 7.921494945010029840e-11
7.807999877929687500e+02 7.976411957298967501e-11
7.820999755859375000e+02 8.031874006398222320e-11
7.833999633789062500e+02 8.087887397360870457e-11
7.846999511718750000e+02 8.144461237485797980e-11
7.860000000000000000e+02 8.201603232948988586e-11
7.872999877929687500e+02 8.259321089926420804e-11
7.885999755859375000e+02 8.317619011786813368e-11
7.899000244140625000e+02 8.376509608636316016e-11
7.912000122070312500e+02 8.435999886089461263e-11
7.925000000000000000e+02 8.496096849760773870e-11
7.937999877929687500e+02 8.556808906387687427e-11
7.950999755859375000e+02 8.618147264953451889e-11
7.963999633789062500e+02 8.680119631634043201e-11
7.976999511718750000e+02 8.742733712605447645e-11
7.990000000000000000e+02 8.806000016289453656e-11
8.002999877929687500e+02 8.869928350546404945e-11
8.015999755859375000e+02 8.934526421552280040e-11
8.029000244140625000e+02 8.999804737728873838e-11
8.042000122070312500e+02 9.065769604129261206e-11
8.055000000000000000e+02 9.132437834228308032e-11
8.067999877929687500e+02 9.199815032517641880e-11
8.080999755859375000e+02 9.267912407980504950e-11
8.093999633789062500e+02 9.336741169600143322e-11
8.106999511718750000e+02 9.406309724113991877e-11
8.120000000000000000e+02 9.476635585558371565e-11
8.132999877929687500e+02 9.547722256740548641e-11
8.145999755859375000e+02 9.619581647205216492e-11
8.159000244140625000e+02 9.692229869865796283e-11
8.172000122070312500e+02 9.765676732582623971e-11
8.185000000000000000e+02 9.839932043216041975e-11
8.197999877929687500e+02 9.915010513556558755e-11
8.210999755859375000e+02 9.990925454271777817e-11
8.223999633789062500e+02 1.006768597266058781e-10
8.236999511718750000e+02 1.014530958275930840e-10
8.250000000000000000e+02 1.022380819411264071e-10
8.262999877929687500e+02 1.030319231514237576e-10
8.275999755859375000e+02 1.038347665763902203e-10
8.288999633789062500e+02 1.046467733451599808e-10
8.302000122070312500e+02 1.054680555475654741e-10
8.315000000000000000e+02 1.062987883239699226e-10
8.327999877929687500e+02 1.071390907698202989e-10
8.340999755859375000e+02 1.079891660479379503e-10
8.353999633789062500e+02 1.088491122369262494e-10
8.367000122070312500e+02 1.097191535164501306e-10
8.380000000000000000e+02 1.105993739538839040e-10
8.392999877929687500e+02 1.114899627008198931e-10
8.405999755859375000e+02 1.123910878920067440e-10
8.418999633789062500e+02 1.133029526902657651e-10
8.432000122070312500e+02 1.142257042135021187e-10
8.445000000000000000e+02 1.151594965852353752e-10
8.457999877929687500e+02 1.161045539851304563e-10
8.470999755859375000e+02 1.170610585591651091e-10
8.483999633789062500e+02 1.180291644308589817e-10
8.497000122070312500e+02 1.190091658360222563e-10
8.510000000000000000e+02 1.200011048083420814e-10
8.522999877929687500e+02 1.210052615723996283e-10
8.535999755859375000e+02 1.220218743190888424e-10
8.548999633789062500e+02 1.230510971719293717e-10
8.562000122070312500e+02 1.240931683218151614e-10
8.575000610351562500e+02 1.251483820045564326e-10
8.588000488281250000e+02 1.262168222875275339e-10
8.601000366210937500e+02 1.272987693953095593e-10
8.614000244140625000e+02 1.283944895412546563e-10
8.627000122070312500e+02 1.295042489387148692e-10
8.640000000000000000e+02 1.306282017112097946e-10
8.652999877929687500e+02 1.317666701170078040e-10
8.665999755859375000e+02 1.329198923470028427e-10
8.678999633789062500e+02 1.340881065920888817e-10
8.692000122070312500e+02 1.352716070880760902e-10
8.705000000000000000e+02 1.364706880707747151e-10
8.717999877929687500e+02 1.376855737198496260e-10
8.730999755859375000e+02 1.389166143160272680e-10
8.743999633789062500e+02 1.401640480502016378e-10
8.756999511718750000e+02 1.414282392143281523e-10
8.769999389648437500e+02 1.427094259993008084e-10
8.782999267578125000e+02 1.440079726970751264e-10
8.795999145507812500e+02 1.453241875546903249e-10
8.809000244140625000e+02 1.466584768977890467e-10
8.822000122070312500e+02 1.480109948498909402e-10
8.835000000000000000e+02 1.493821757590967729e-10
8.848000488281250000e+02 1.507724679847363881e-10
8.861000366210937500e+02 1.521820957064746297e-10
8.874000244140625000e+02 1.536114932724122915e-10
8.887000122070312500e+02 1.550610670081920939e-10
8.900000000000000000e+02 1.565311952169984773e-10
8.912999877929687500e+02 1.580222281795579641e-10
8.925999755859375000e+02 1.595346422776584189e-10
8.938999633789062500e+02 1.610688438369425105e-10
8.951999511718750000e+02 1.626252251718238580e-10
8.965000000000000000e+02 1.642042626640903521e-10
8.977999877929687500e+02 1.658064467067590619e-10
8.990999755859375000e+02 1.674321976367016540e-10
9.003999633789062500e+02 1.690819778244769694e-10
9.016999511718750000e+02 1.707562776631021032e-10
9.029999389648437500e+02 1.724556716129682926e-10
9.042999267578125000e+02 1.741805800109473074e-10
9.055999145507812500e+02 1.759316333623466864e-10
9.069000244140625000e+02 1.777094481612449703e-10
9.082000122070312500e+02 1.795143326546813778e-10
9.095000000000000000e+02 1.813470294377959471e-10
9.108000488281250000e+02 1.832080429148347195e-10
9.121000366210937500e+02 1.850980456247924338e-10
9.134000244140625000e+02 1.870176540617476049e-10
9.147000122070312500e+02 1.889674987310078233e-10
9.160000000000000000e+02 1.909482661827968255e-10
9.172999877929687500e+02 1.929606149448803010e-10
9.185999755859375000e+02 1.950052315674821157e-10
9.198999633789062500e+02 1.970828726569712539e-10
9.211999511718750000e+02 1.991942107523425061e-10
9.225000000000000000e+02 2.013401005385683327e-10
9.237999877929687500e+02 2.035212425771015973e-10
9.250999755859375000e+02 2.057384775416857106e-10
9.263999633789062500e+02 2.079926320948350338e-10
9.276999511718750000e+02 2.102845609215220530e-10
9.289999389648437500e+02 2.126151607404064027e-10
9.302999267578125000e+02 2.149853282701477175e-10
9.316000366210937500e+02 2.173961703978415558e-10
9.329000244140625000e+02 2.198483036175663551e-10
9.342000122070312500e+02 2.223429048725629987e-10
9.355000000000000000e+02 2.248809829713234659e-10
9.367999877929687500e+02 2.274635887560271427e-10
9.381000366210937500e+02 2.300918991699147834e-10
9.394000244140625000e+02 2.327669230214784704e-10
9.407000122070312500e+02 2.354898652764170830e-10
9.420000000000000000e+02 2.382619869453458534e-10
9.432999877929687500e+02 2.410844649715054326e-10
9.445999755859375000e+02 2.439586444328854016e-10
9.458999633789062500e+02 2.468857583176427388e-10
9.471999511718750000e+02 2.498672918160575204e-10
9.484999389648437500e+02 2.529045339612029227e-10
9.497999877929687500e+02 2.559990540107333709e-10
9.510999755859375000e+02 2.591524212223032902e-10
9.523999633789062500e+02 2.623660367188183048e-10
9.536999511718750000e+02 2.656416378926814858e-10
9.549999389648437500e+02 2.689809341138378570e-10
9.562999267578125000e+02 2.723856347522323387e-10
9.576000366210937500e+02 2.758577854473072466e-10
9.589000244140625000e+02 2.793988153444263558e-10
9.602000122070312500e+02 2.830109101953226320e-10
9.615000000000000000e+02 2.866960315720640422e-10
9.627999877929687500e+02 2.904563652263833973e-10
9.641000366210937500e+02 2.942941249324718139e-10
9.654000244140625000e+02 2.982114123746878577e-10
9.667000122070312500e+02 3.022107215518035839e-10
9.680000000000000000e+02 3.062944904176748500e-10
9.692999877929687500e+02 3.104651849486159226e-10
9.705999755859375000e+02 3.147255513455217484e-10
9.718999633789062500e+02 3.190783918542038859e-10
9.731999511718750000e+02 3.235264246530992346e-10
9.744999389648437500e+02 3.280727602350586493e-10
9.757999877929687500e+02 3.327205651378488208e-10
9.770999755859375000e+02 3.374729498543205006e-10
9.783999633789062500e+02 3.423335573040285284e-10
9.796999511718750000e+02 3.473057501819465470e-10
9.809999389648437500e+02 3.523933115199199433e-10
9.823000488281250000e+02 3.576006408438726448e-10
9.836000366210937500e+02 3.629309046915715492e-10
9.849000244140625000e+02 3.683887828135215747e-10
9.862000122070312500e+02 3.739788148479373507e-10
9.875000000000000000e+02 3.797055964779494982e-10
9.887999877929687500e+02 3.855741717460185847e-10
9.900999755859375000e+02 3.915896407395212723e-10
9.914000244140625000e+02 3.977575519051642731e-10
9.927000122070312500e+02 4.040835097345701870e-10
9.940000000000000000e+02 4.105735390562337717e-10
9.952999877929687500e+02 4.172342531702697098e-10
9.965999755859375000e+02 4.240721252645024985e-10
9.978999633789062500e+02 4.310943571106673656e-10
9.991999511718750000e+02 4.383084026826226367e-10
1.000499938964843750e+03 4.457223604707632776e-10
1.001799987792968750e+03 4.533444690777748524e-10
1.003099975585937500e+03 4.611839198699186546e-10
1.004399963378906250e+03 4.692500163032885806e-10
1.005699951171875000e+03 4.775530145975544631e-10
1.006999938964843750e+03 4.861038435113806150e-10
1.008300048828125000e+03 4.949145527017561380e-10
1.009600036621093750e+03 5.039963511519266457e-10
1.010900024414062500e+03 5.133630259112841042e-10
1.012200012207031250e+03 5.230290926131317785e-10
1.013500000000000000e+03 5.330097954746836119e-10
1.014799987792968750e+03 5.433217237911430257e-10
1.016099975585937500e+03 5.539828119357030222e-10
1.017400024414062500e+03 5.650126756290433735e-10
1.018700012207031250e+03 5.764327240291634309e-10
1.020000000000000000e+03 5.882661036864649966e-10
1.021299987792968750e+03 6.005383150378321567e-10
1.022599975585937500e+03 6.132773244964624369e-10
1.023899963378906250e+03 6.265142369908625234e-10
1.025199951171875000e+03 6.402836882792613391e-10
1.026500000000000000e+03 6.546241812191074395e-10
1.027799926757812500e+03 6.695788143509804144e-10
1.029099975585937500e+03 6.851967390664119349e-10
1.030399902343750000e+03 7.015333277426354848e-10
1.031699951171875000e+03 7.186525836739833957e-10
1.033000000000000000e+03 7.366292707787039241e-10
1.034300048828125000e+03 7.555467838921441745e-10
1.035599975585937500e+03 7.755075170762530507e-10
1.036900024414062500e+03 7.966317427212556409e-10
1.038200073242187500e+03 8.190643369356016397e-10
1.039500000000000000e+03 8.429821214299902957e-10
1.040800048828125000e+03 8.686031669734647733e-10
1.042099975585937500e+03 8.962020936555426043e-10
1.043400024414062500e+03 9.261281733941566642e-10
1.044699951171875000e+03 9.588346974717594076e-10
1.046000000000000000e+03 9.949184321563468942e-10
1.047299926757812500e+03 1.035179866986403781e-09
1.048599975585937500e+03 1.080705600797759170e-09
1.049900024414062500e+03 1.132984747014591654e-09
1.051199951171875000e+03 1.194053641623130307e-09
1.052500000000000000e+03 1.266618693628026649e-09
1.053799926757812500e+03 1.353978594708629723e-09
1.055099975585937500e+03 1.459191267584173190e-09
1.056399902343750000e+03 1.582264558542928712e-09
1.057699951171875000e+03 1.714168510682237132e-09
1.059000000000000000e+03 1.831503250578572860e-09
1.060300048828125000e+03 1.906614647307373384e-09
1.061599975585937500e+03 1.935771902885171247e-09
1.062900024414062500e+03 1.946092237939064923e-09
1.064199951171875000e+03 1.969479557301355316e-09
1.065500000000000000e+03 2.024758003255046834e-09
1.066800048828125000e+03 2.119092806250060524e-09
1.068099975585937500e+03 2.251809633854339580e-09
1.069400024414062500e+03 2.412201889451348829e-09
1.070699951171875000e+03 2.576577369334515287e-09
1.072000000000000000e+03 2.721049281848126138e-09
1.073299926757812500e+03 2.848206229582921047e-09
1.074599975585937500e+03 2.985832816028440319e-09
1.075900024414062500e+03 3.153216562835063089e-09
1.077199951171875000e+03 3.342654656716408442e-09
1.078500000000000000e+03 3.536776087977432991e-09
1.079799926757812500e+03 3.735808847337350888e-09
1.081099975585937500e+03 3.950137161054558019e-09
1.082399902343750000e+03 4.179202597583756424e-09
1.083700073242187500e+03 4.420401534296657497e-09
1.085000000000000000e+03 4.676972022273251280e-09
1.086300048828125000e+03 4.949860548058798053e-09
1.087599975585937500e+03 5.239736063773393814e-09
1.088900024414062500e+03 5.547631140953626246e-09
1.090199951171875000e+03 5.873764130593116400e-09
1.091500000000000000e+03 6.218513896325567629e-09
1.092800048828125000e+03 6.582351663806624043e-09
1.094099975585937500e+03 6.965975080153494088e-09
1.095400024414062500e+03 7.370130663650333266e-09
1.096699951171875000e+03 7.795642498745359896e-09
1.098000000000000000e+03 8.243615342827258705e-09
1.099299926757812500e+03 8.715292944676965899e-09
1.100599975585937500e+03 9.211667075132048832e-09
1.101899902343750000e+03 9.733194163990267879e-09
1.103199951171875000e+03 1.028003741404768284e-08
1.104500000000000000e+03 1.085268464025513992e-08
1.105799926757812500e+03 1.145190881409725830e-08
1.107099975585937500e+03 1.207809552459768263e-08
1.108399902343750000e+03 1.273104659693263722e-08
1.109700073242187500e+03 1.341039975676361749e-08
1.111000000000000000e+03 1.411638456406749487e-08
1.112300048828125000e+03 1.485069312695503010e-08
1.113599975585937500e+03 1.561498168479058738e-08
1.114900024414062500e+03 1.640907627415420019e-08
1.116199951171875000e+03 1.723129196068438774e-08
1.117500000000000000e+03 1.808044148887577458e-08
1.118800048828125000e+03 1.895665039934071390e-08
1.120099975585937500e+03 1.986087100729574975e-08
1.121400024414062500e+03 2.079424214543863598e-08
1.122699951171875000e+03 2.175727135653073372e-08
1.124000000000000000e+03 2.274953180249004678e-08
1.125299926757812500e+03 2.376987388999491459e-08
1.126599975585937500e+03 2.481682162013154705e-08
1.127899902343750000e+03 2.588909447865397540e-08
1.129199951171875000e+03 2.698572221597244903e-08
1.130500000000000000e+03 2.810578479874218046e-08
1.131799926757812500e+03 2.924828148893899079e-08
1.133099975585937500e+03 3.041168248452952653e-08
1.134400024414062500e+03 3.159389843103680812e-08
1.135700073242187500e+03 3.279291529835125933e-08
1.137000000000000000e+03 3.400765343720666457e-08
1.138300048828125000e+03 3.523738829892603122e-08
1.139599975585937500e+03 3.648213781788254929e-08
1.140900024414062500e+03 3.774173341096821553e-08
1.142199951171875000e+03 3.901425968712600534e-08
1.143500000000000000e+03 4.029621226983401891e-08
1.144800048828125000e+03 4.158397558945655987e-08
1.146099975585937500e+03 4.287495992250455093e-08
1.147400024414062500e+03 4.416713868480719742e-08
1.148699951171875000e+03 4.545792573975006536e-08
1.150000000000000000e+03 4.674449463011795089e-08
1.151299926757812500e+03 4.802504474484226925e-08
1.152599975585937500e+03 4.929879055837718447e-08
1.153899902343750000e+03 5.056413591150850826e-08
1.155199951171875000e+03 5.181769120770277404e-08
1.156500000000000000e+03 5.305461775307252998e-08
1.157799926757812500e+03 5.426937741317576852e-08
1.159099975585937500e+03 5.545691986852135475e-08
1.160400024414062500e+03 5.661308793140316948e-08
1.161700073242187500e+03 5.773574023766196495e-08
1.163000000000000000e+03 5.882439255922153165e-08
1.164300048828125000e+03 5.988012454534807191e-08
1.165599975585937500e+03 6.090358183347657145e-08
1.166900024414062500e+03 6.189301402878335239e-08
1.168199951171875000e+03 6.284469795539357172e-08
1.169500000000000000e+03 6.375361916256248116e-08
1.170800048828125000e+03 6.461400278212194655e-08
1.172099975585937500e+03 6.542052589210829334e-08
1.173400024414062500e+03 6.617000334784243156e-08
1.174699951171875000e+03 6.686199755061847482e-08
1.176000000000000000e+03 6.749807955152812157e-08
1.177299926757812500e+03 6.808015756787910321e-08
1.178599975585937500e+03 6.860788725970611343e-08
1.179899902343750000e+03 6.907717958992114314e-08
1.181199951171875000e+03 6.948222382160971790e-08
1.182500000000000000e+03 6.981807724151978328e-08
1.183799926757812500e+03 7.008197795617968163e-08
1.185099975585937500e+03 7.027376814310528005e-08
1.186400024414062500e+03 7.039469603467081719e-08
1.187700073242187500e+03 7.044711462063923715e-08
1.189000000000000000e+03 7.043357058200390428e-08
1.190300048828125000e+03 7.035475259869544442e-08
1.191599975585937500e+03 7.020975677830493844e-08
1.192900024414062500e+03 6.999881985455851293e-08
1.194199951171875000e+03 6.972421590597706535e-08
1.195500000000000000e+03 6.938892203851059956e-08
1.196799926757812500e+03 6.899415061578698746e-08
1.198099975585937500e+03 6.853868927417837039e-08
1.199400024414062500e+03 6.802040741014941061e-08
1.200699951171875000e+03 6.743839395754192886e-08
1.202000000000000000e+03 6.679465039240423664e-08
1.203299926757812500e+03 6.609368900303172239e-08
1.204599975585937500e+03 6.533965621650655558e-08
1.205899902343750000e+03 6.453476154760613378e-08
1.207199951171875000e+03 6.368098495113096164e-08
1.208499877929687500e+03 6.278156896175432918e-08
1.209800048828125000e+03 6.184008610661625956e-08
1.211099975585937500e+03 6.085929110543921648e-08
1.212400024414062500e+03 5.984084109430620509e-08
1.213700073242187500e+03 5.878659048740538679e-08
1.215000000000000000e+03 5.769845108891914288e-08
1.216300048828125000e+03 5.657837057177622806e-08
1.217599975585937500e+03 5.542932245505201613e-08
1.218900024414062500e+03 5.425491154775831989e-08
1.220199951171875000e+03 5.305717878156448075e-08
1.221500000000000000e+03 5.183664425329310807e-08
1.222799926757812500e+03 5.059455260844378400e-08
1.224099975585937500e+03 4.933387019234263544e-08
1.225400024414062500e+03 4.805911646703427790e-08
1.226699951171875000e+03 4.677520903764822966e-08
1.228000000000000000e+03 4.548598227317314352e-08
1.229299926757812500e+03 4.419423393582712991e-08
1.230599975585937500e+03 4.290211615039334664e-08
1.231899902343750000e+03 4.161078030363076268e-08
1.233199951171875000e+03 4.032107648482875361e-08
1.234499877929687500e+03 3.903474791506165119e-08
1.235800048828125000e+03 3.775434486219751600e-08
1.237099975585937500e+03 3.648342191900316796e-08
1.238400024414062500e+03 3.522601073257241609e-08
1.239700073242187500e+03 3.398590262939823334e-08
1.241000000000000000e+03 3.276495919741806107e-08
1.242300048828125000e+03 3.156273925105134315e-08
1.243599975585937500e+03 3.037757130671650120e-08
1.244900024414062500e+03 2.920837571514731636e-08
1.246199951171875000e+03 2.805657646557531051e-08
1.247500000000000000e+03 2.692654954505956918e-08
1.248799926757812500e+03 2.582321255872960405e-08
1.250099975585937500e+03 2.474905121070995927e-08
1.251400024414062500e+03 2.370397224226003159e-08
1.252699951171875000e+03 2.268688883036432878e-08
1.254000000000000000e+03 2.169666572919973368e-08
1.255299926757812500e+03 2.073285637287374172e-08
1.256599975585937500e+03 1.979648302065835189e-08
1.257899902343750000e+03 1.888950589954356048e-08
1.259199951171875000e+03 1.801290781318033322e-08
1.260500000000000000e+03 1.716607899288011404e-08
1.261800048828125000e+03 1.634866613149100824e-08
1.263099975585937500e+03 1.556074814025505250e-08
1.264400024414062500e+03 1.480203986263848539e-08
1.265699951171875000e+03 1.407148496406023967e-08
1.267000000000000000e+03 1.336803428368852640e-08
1.268300048828125000e+03 1.269131927015423178e-08
1.269599975585937500e+03 1.204201784276404846e-08
1.270900024414062500e+03 1.142145893857157675e-08
1.272199951171875000e+03 1.083005504816025292e-08
1.273500000000000000e+03 1.026643688213679583e-08
1.274799926757812500e+03 9.728356366821465292e-09
1.276099975585937500e+03 9.214116013791547187e-09
1.277400024414062500e+03 8.722834348604608240e-09
1.278699951171875000e+03 8.254011898967223132e-09
1.280000000000000000e+03 7.807289977415532230e-09
1.281299926757812500e+03 7.382217534463734312e-09
1.282599975585937500e+03 6.978127859788378821e-09
1.283899902343750000e+03 6.594414323216214284e-09
1.285199951171875000e+03 6.230644706353290306e-09
1.286500000000000000e+03 5.886304292688969074e-09
1.287800048828125000e+03 5.560573033009001015e-09
1.289099975585937500e+03 5.252359172345265145e-09
1.290400024414062500e+03 4.960991068421684651e-09
1.291699951171875000e+03 4.686142764005476121e-09
1.293000000000000000e+03 4.427645227629297632e-09
1.294300048828125000e+03 4.184673029766942110e-09
1.295599975585937500e+03 3.956235744658826820e-09
1.296900024414062500e+03 3.741721137640078002e-09
1.298199951171875000e+03 3.538482991946073342e-09
1.299500000000000000e+03 3.348351958720484734e-09
1.300799926757812500e+03 3.173396543731455703e-09
1.302099975585937500e+03 3.005449209247244336e-09
1.303399902343750000e+03 2.840908284771372217e-09
1.304699951171875000e+03 2.691931930250682403e-09
1.306000000000000000e+03 2.566503856091690315e-09
1.307299926757812500e+03 2.451017029173225000e-09
1.308599975585937500e+03 2.322995420470864095e-09
1.309899902343750000e+03 2.179160850744598635e-09
1.311200073242187500e+03 2.038346653643694062e-09
1.312500000000000000e+03 1.920062961225785341e-09
1.313800048828125000e+03 1.833289626238424899e-09
1.315099975585937500e+03 1.778846361626363262e-09
1.316400024414062500e+03 1.751660766201467353e-09
1.317699951171875000e+03 1.738024589723858508e-09
1.319000000000000000e+03 1.713289726395781774e-09
1.320300048828125000e+03 1.653697615329851516e-09
1.321599975585937500e+03 1.558432915084782728e-09
1.322900024414062500e+03 1.448452613275553482e-09
1.324199951171875000e+03 1.343916514628714950e-09
1.325500000000000000e+03 1.253489163193119370e-09
1.326799926757812500e+03 1.177795123515212355e-09
1.328099975585937500e+03 1.114514472332650950e-09
1.329399902343750000e+03 1.060952009624029042e-09
1.330699951171875000e+03 1.014848676906027677e-09
1.332000000000000000e+03 9.744921898980479708e-10
1.333299926757812500e+03 9.386259094884254696e-10
1.334599975585937500e+03 9.063318199493446516e-10
1.335899902343750000e+03 8.769337954114309929e-10
1.337200073242187500e+03 8.499251337870667286e-10
1.338500000000000000e+03 8.249270274874667739e-10
1.339800048828125000e+03 8.016415977828788818e-10
1.341099975585937500e+03 7.798366505853706298e-10
1.342400024414062500e+03 7.593270134917246021e-10
1.343699951171875000e+03 7.399624861264493912e-10
1.345000000000000000e+03 7.216199938535086608e-10
1.346300048828125000e+03 7.041969744762048090e-10
1.347599975585937500e+03 6.876069506887981829e-10
1.348900024414062500e+03 6.717764476061137019e-10
1.350199951171875000e+03 6.566420784278976271e-10
1.351500000000000000e+03 6.421491993608273599e-10
1.352799926757812500e+03 6.282496117769472170e-10
1.354099975585937500e+03 6.149010578094207866e-10
1.355399902343750000e+03 6.020659873643756045e-10
1.356699951171875000e+03 5.897109416268235277e-10
1.358000000000000000e+03 5.778057123869175565e-10
1.359299926757812500e+03 5.663231178602871451e-10
1.360599975585937500e+03 5.552387785083730996e-10
1.361900024414062500e+03 5.445291554663595075e-10
1.363200073242187500e+03 5.341756978669751876e-10
1.364500000000000000e+03 5.241586218547914633e-10
1.365800048828125000e+03 5.144606095506937181e-10
1.367099975585937500e+03 5.050656881535573300e-10
1.368400024414062500e+03 4.959592859851627326e-10
1.369699951171875000e+03 4.871275599512017617e-10
1.371000000000000000e+03 4.785577878556905250e-10
1.372300048828125000e+03 4.702380881763887218e-10
1.373599975585937500e+03 4.621573640198832380e-10
1.374900024414062500e+03 4.543051910317556985e-10
1.376199951171875000e+03 4.466719855313309581e-10
1.377500000000000000e+03 4.392484720849734260e-10
1.378799926757812500e+03 4.320260477980420954e-10
1.380099975585937500e+03 4.249966702250581471e-10
1.381399902343750000e+03 4.181527452798727084e-10
1.382699951171875000e+03 4.114869871233762547e-10
1.384000000000000000e+03 4.049926423431631428e-10
1.385299926757812500e+03 3.986632097289509832e-10
1.386599975585937500e+03 3.924926364297872811e-10
1.387900024414062500e+03 3.864745333252218361e-10
1.389200073242187500e+03 3.806044728668727249e-10
1.390500000000000000e+03 3.748767104508265940e-10
1.391800048828125000e+03 3.692862580795390738e-10
1.393099975585937500e+03 3.638283519351308977e-10
1.394400024414062500e+03 3.584984243569293885e-10
1.395699951171875000e+03 3.532923560435918159e-10
1.397000000000000000e+03 3.482058315365686529e-10
1.398299926757812500e+03 3.432350397815563101e-10
1.399599975585937500e+03 3.383762257691676549e-10
1.400900024414062500e+03 3.336256905349314424e-10
1.402199951171875000e+03 3.289801554512484823e-10
1.403500000000000000e+03 3.244361737557706796e-10
1.404799926757812500e+03 3.199908030903961356e-10
1.406099975585937500e+03 3.156408208724417029e-10
1.407399902343750000e+03 3.113835089234702236e-10
1.408699951171875000e+03 3.072160089527541995e-10
1.409999877929687500e+03 3.031355747593984254e-10
1.411299926757812500e+03 2.991397964120050912e-10
1.412599975585937500e+03 2.952257875973884447e-10
1.413900024414062500e+03 2.913918389456035139e-10
1.415200073242187500e+03 2.876354004129619935e-10
1.416500000000000000e+03 2.839542582252727668e-10
1.417800048828125000e+03 2.803462266308029712e-10
1.419099975585937500e+03 2.768094281248590921e-10
1.420400024414062500e+03 2.733417610230824605e-10
1.421699951171875000e+03 2.699414038656956567e-10
1.423000000000000000e+03 2.666065632153794112e-10
1.424299926757812500e+03 2.633354736572725540e-10
1.425599975585937500e+03 2.601263697765139149e-10
1.426900024414062500e+03 2.569777103379071677e-10
1.428199951171875000e+03 2.538878420164236419e-10
1.429500000000000000e+03 2.508553356666995108e-10
1.430799926757812500e+03 2.478786500535384482e-10
1.432099975585937500e+03 2.449563560315767311e-10
1.433399902343750000e+03 2.420871085228248300e-10
1.434699951171875000e+03 2.392695904717513661e-10
1.435999877929687500e+03 2.365024848228250640e-10
1.437299926757812500e+03 2.337845165542016421e-10
1.438599975585937500e+03 2.311143686103497990e-10
1.439900024414062500e+03 2.284911722950679992e-10
1.441200073242187500e+03 2.259136946201991870e-10
1.442500000000000000e+03 2.233808006761897825e-10
1.443800048828125000e+03 2.208913975871733285e-10
1.445099975585937500e+03 2.184445045671158159e-10
1.446400024414062500e+03 2.160390847850670630e-10
1.447699951171875000e+03 2.136742134999092846e-10
1.449000000000000000e+03 2.113489379480665961e-10
1.450299926757812500e+03 2.090623333884212382e-10
1.451599975585937500e+03 2.068135031023135763e-10
1.452900024414062500e+03 2.046016624609164494e-10
1.454199951171875000e+03 2.024258867231120205e-10
1.455500000000000000e+03 2.002854473049893525e-10
1.456799926757812500e+03 1.981795035328050350e-10
1.458099975585937500e+03 1.961073268226481050e-10
1.459399902343750000e+03 1.940681605681495006e-10
1.460699951171875000e+03 1.920613322303144831e-10
1.461999877929687500e+03 1.900860431690867386e-10
1.463300048828125000e+03 1.881415227668682332e-10
1.464599975585937500e+03 1.862274767878486686e-10
1.465900024414062500e+03 1.843429945021394122e-10
1.467200073242187500e+03 1.824875434830362722e-10
1.468500000000000000e+03 1.806604511915445097e-10
1.469800048828125000e+03 1.788611571785018336e-10
1.471099975585937500e+03 1.770890449498297806e-10
1.472400024414062500e+03 1.753436241125113075e-10
1.473699951171875000e+03 1.736243061949260240e-10
1.475000000000000000e+03 1.719305307479116910e-10
1.476299926757812500e+03 1.702618213896803144e-10
1.477599975585937500e+03 1.686177297609021287e-10
1.478900024414062500e+03 1.669976393674985932e-10
1.480199951171875000e+03 1.654011438838270131e-10
1.481500000000000000e+03 1.638277809393285993e-10
1.482799926757812500e+03 1.622770601409862824e-10
1.484099975585937500e+03 1.607485331294702711e-10
1.485399902343750000e+03 1.592418496240541463e-10
1.486699951171875000e+03 1.577565052204918151e-10
1.488000000000000000e+03 1.562920095257663375e-10
1.489300048828125000e+03 1.548481663826708651e-10
1.490599975585937500e+03 1.534244853981884321e-10
1.491900024414062500e+03 1.520206022803635700e-10
1.493199951171875000e+03 1.506360826810954592e-10
1.494500000000000000e+03 1.492706323645739565e-10
1.495800048828125000e+03 1.479239010500725912e-10
1.497099975585937500e+03 1.465954684007196967e-10
1.498400024414062500e+03 1.452850261694759768e-10
1.499699951171875000e+03 1.439922801205312881e-10
1.501000000000000000e+03 1.427168939843882354e-10
1.502299926757812500e+03 1.414585314915493976e-10
1.503599975585937500e+03 1.402168843949755817e-10
1.504899902343750000e+03 1.389916584588566186e-10
1.506199951171875000e+03 1.377825874698403606e-10
1.507500000000000000e+03 1.365893351584294641e-10
1.508799926757812500e+03 1.354116633337299322e-10
1.510099975585937500e+03 1.342492637487025720e-10
1.511399902343750000e+03 1.331018842012243112e-10
1.512699951171875000e+03 1.319692724891721292e-10
1.514000000000000000e+03 1.308510923430486566e-10
1.515300048828125000e+03 1.297472316730214454e-10
1.516599975585937500e+03 1.286573542095931521e-10
1.517900024414062500e+03 1.275812778067860037e-10
1.519199951171875000e+03 1.265187082287898051e-10
1.520500000000000000e+03 1.254694493183977597e-10
1.521800048828125000e+03 1.244332768959449459e-10
1.523099975585937500e+03 1.234099527705374184e-10
1.524400024414062500e+03 1.223992667737393052e-10
1.525699951171875000e+03 1.214009947258857105e-10
1.527000000000000000e+03 1.204149544809988872e-10
1.528299926757812500e+03 1.194409358706429633e-10
1.529599975585937500e+03 1.184787567488401915e-10
1.530899902343750000e+03 1.175281999415402526e-10
1.532199951171875000e+03 1.165890762971507971e-10
1.533500000000000000e+03 1.156612106753086543e-10
1.534799926757812500e+03 1.147444209300360642e-10
1.536099975585937500e+03 1.138385179097407806e-10
1.537399902343750000e+03 1.129433474909031684e-10
1.538700073242187500e+03 1.120586574714001940e-10
1.540000000000000000e+03 1.111844128231592206e-10
1.541300048828125000e+03 1.103203963721298516e-10
1.542599975585937500e+03 1.094664189667198277e-10
1.543900024414062500e+03 1.086223615114821895e-10
1.545199951171875000e+03 1.077880348548246132e-10
1.546500000000000000e+03 1.069633128956856273e-10
1.547800048828125000e+03 1.061480204937019964e-10
1.549099975585937500e+03 1.053420385534267739e-10
1.550400024414062500e+03 1.045452059457257351e-10
1.551699951171875000e+03 1.037573965695374343e-10
1.553000000000000000e+03 1.029784703125712730e-10
1.554299926757812500e+03 1.022082730513076288e-10
1.555599975585937500e+03 1.014467137127576281e-10
1.556899902343750000e+03 1.006936311677871111e-10
1.558199951171875000e+03 9.994888530410551786e-11
1.559500000000000000e+03 9.921239205433849957e-11
1.560799926757812500e+03 9.848399028935189629e-11
1.562099975585937500e+03 9.776358893615686027e-11
1.563399902343750000e+03 9.705106189369184243e-11
1.564700073242187500e+03 9.634623402159365915e-11
1.566000000000000000e+03 9.564910531986231042e-11
1.567300048828125000e+03 9.495950064813456090e-11
1.568599975585937500e+03 9.427731492219250043e-11
1.569900024414062500e+03 9.360246407466178018e-11
1.571199951171875000e+03 9.293480098763730264e-11
1.572500000000000000e+03 9.227425560497379435e-11
1.573800048828125000e+03 9.162071583683878160e-11
1.575099975585937500e+03 9.097406959339980360e-11
1.576400024414062500e+03 9.033423280728255031e-11
1.577699951171875000e+03 8.970110739988359752e-11
1.579000000000000000e+03 8.907459529259954691e-11
1.580299926757812500e+03 8.845459840682701304e-11
1.581599975585937500e+03 8.784106069764975907e-11
1.582899902343750000e+03 8.723384205277721224e-11
1.584199951171875000e+03 8.663290043852219813e-11
1.585500000000000000e+03 8.603810975382321937e-11
1.586799926757812500e+03 8.544938593130592713e-11
1.588099975585937500e+03 8.486668693728313408e-11
1.589400024414062500e+03 8.428985164262070610e-11
1.590700073242187500e+03 8.371890106416221747e-11
1.592000000000000000e+03 8.315371610646069558e-11
1.593300048828125000e+03 8.259419869091272915e-11
1.594599975585937500e+03 8.204027876137303181e-11
1.595900024414062500e+03 8.149190027292536670e-11
1.597199951171875000e+03 8.094897915819543670e-11
1.598500000000000000e+03 8.041143134980885420e-11
1.599799926757812500e+03 7.987919379723487053e-11
1.601099975585937500e+03 7.935218943871368746e-11
1.602400024414062500e+03 7.883035522371453045e-11
1.603699951171875000e+03 7.831364911855025095e-11
1.605000000000000000e+03 7.780195903338837524e-11
1.606299926757812500e+03 7.729523592892720414e-11
1.607599975585937500e+03 7.679342376025051373e-11
1.608899902343750000e+03 7.629645247121301763e-11
1.610199951171875000e+03 7.580425200566944238e-11
1.611500000000000000e+03 7.531677332431806297e-11
1.612799926757812500e+03 7.483396038224269424e-11
1.614099975585937500e+03 7.435574312329799811e-11
1.615400024414062500e+03 7.388201646326607733e-11
1.616700073242187500e+03 7.341282243583409338e-11
1.618000000000000000e+03 7.294804194555508656e-11
1.619300048828125000e+03 7.248762595312731894e-11
1.620599975585937500e+03 7.203153242486364194e-11
1.621900024414062500e+03 7.157969130461876920e-11
1.623199951171875000e+03 7.113206756432005105e-11
1.624500000000000000e+03 7.068859815343673881e-11
1.625799926757812500e+03 7.024920601020902134e-11
1.627099975585937500e+03 6.981389113463688572e-11
1.628400024414062500e+03 6.938256945934599604e-11
1.629699951171875000e+03 6.895519895064917790e-11
1.631000000000000000e+03 6.853173056924474505e-11
1.632299926757812500e+03 6.811212928706003492e-11
1.633599975585937500e+03 6.769632504794978697e-11
1.634899902343750000e+03 6.728428282384133863e-11
1.636199951171875000e+03 6.687596058104751549e-11
1.637499877929687500e+03 6.647130928026665715e-11
1.638799926757812500e+03 6.607030089904059995e-11
1.640099975585937500e+03 6.567283035315143371e-11
1.641400024414062500e+03 6.527893267067182100e-11
1.642700073242187500e+03 6.488853779545643668e-11
1.644000000000000000e+03 6.450160369381815803e-11
1.645300048828125000e+03 6.411807432084070941e-11
1.646599975585937500e+03 6.373793566529506717e-11
1.647900024414062500e+03 6.336112467665046968e-11
1.649199951171875000e+03 6.298762033806331681e-11
1.650500000000000000e+03 6.261737361023192231e-11
1.651799926757812500e+03 6.225033545385457410e-11
1.653099975585937500e+03 6.188650586893128508e-11
1.654400024414062500e+03 6.152580078808770645e-11
1.655699951171875000e+03 6.116822021132383820e-11
1.657000000000000000e+03 6.081370809372346932e-11
1.658299926757812500e+03 6.046223641282846200e-11
1.659599975585937500e+03 6.011376313495165476e-11
1.660899902343750000e+03 5.976826724324944745e-11
1.662199951171875000e+03 5.942569969842017969e-11
1.663499877929687500e+03 5.908604648923475025e-11
1.664799926757812500e+03 5.874925857639148582e-11
1.666099975585937500e+03 5.841528341778141192e-11
1.667400024414062500e+03 5.808413852744085982e-11
1.668700073242187500e+03 5.775577136326085507e-11
1.670000000000000000e+03 5.743013989155423617e-11
1.671300048828125000e+03 5.710722659828466536e-11
1.672599975585937500e+03 5.678699995818678124e-11
1.673900024414062500e+03 5.646941443476614701e-11
1.675199951171875000e+03 5.615445951960096260e-11
1.676500000000000000e+03 5.584209317900405360e-11
1.677799926757812500e+03 5.553230140174637696e-11
1.679099975585937500e+03 5.522504215414075826e-11
1.680400024414062500e+03 5.492029441934360383e-11
1.681699951171875000e+03 5.461803367770406409e-11
1.683000000000000000e+03 5.431822840395676470e-11
1.684299926757812500e+03 5.402084357002906892e-11
1.685599975585937500e+03 5.372586866749917023e-11
1.686899902343750000e+03 5.343326516548717599e-11
1.688199951171875000e+03 5.314302255557129259e-11
1.689499877929687500e+03 5.285509880406433269e-11
1.690800048828125000e+03 5.256945187727913482e-11
1.692099975585937500e+03 5.228610279205929909e-11
1.693400024414062500e+03 5.200501652033216295e-11
1.694699951171875000e+03 5.172614402279603366e-11
1.696000000000000000e+03 5.144949230506544246e-11
1.697300048828125000e+03 5.117501933345320848e-11
1.698599975585937500e+03 5.090269708550123268e-11
1.699900024414062500e+03 5.063251855559497089e-11
1.701199951171875000e+03 5.036444871566179934e-11
1.702500000000000000e+03 5.009847005166538671e-11
1.703799926757812500e+03 4.983457205518392650e-11
1.705099975585937500e+03 4.957271269253027014e-11
1.706400024414062500e+03 4.931287444966808633e-11
1.707699951171875000e+03 4.905505032098283740e-11
1.709000000000000000e+03 4.879921928963096199e-11
1.710299926757812500e+03 4.854533932192526630e-11
1.711599975585937500e+03 4.829341392067302563e-11
1.712899902343750000e+03 4.804341156060885918e-11
1.714199951171875000e+03 4.779531122488917974e-11
1.715500000000000000e+03 4.754908839386313773e-11
1.716800048828125000e+03 4.730474657033800198e-11
1.718099975585937500e+03 4.706224722343386047e-11
1.719400024414062500e+03 4.682158334753618844e-11
1.720699951171875000e+03 4.658273042299413630e-11
1.722000000000000000e+03 4.634567093577137922e-11
1.723300048828125000e+03 4.611038036621707409e-11
1.724599975585937500e+03 4.587685521152394559e-11
1.725900024414062500e+03 4.564506744923388822e-11
1.727199951171875000e+03 4.541500306811783954e-11
1.728500000000000000e+03 4.518664805694674357e-11
1.729799926757812500e+03 4.495997439326248834e-11
1.731099975585937500e+03 4.473497156864329316e-11
1.732399902343750000e+03 4.451162907466734506e-11
1.733699951171875000e+03 4.428992939729832567e-11
1.735000000000000000e+03 4.406984801688539832e-11
1.736299926757812500e+03 4.385137442500676296e-11
1.737599975585937500e+03 4.363449811324061951e-11
1.738899902343750000e+03 4.341918405351433772e-11
1.740199951171875000e+03 4.320545326267149185e-11
1.741499877929687500e+03 4.299325319860313330e-11
1.742799926757812500e+03 4.278258736411651151e-11
1.744099853515625000e+03 4.257344174798257696e-11
1.745399902343750000e+03 4.236579183055047360e-11
1.746699951171875000e+03 4.215962710339841430e-11
1.747999877929687500e+03 4.195495106933366789e-11
1.749299926757812500e+03 4.175172519747631588e-11
1.750599853515625000e+03 4.154994248221183352e-11
1.751899902343750000e+03 4.134959942073296488e-11
1.753199829101562500e+03 4.115066448777431623e-11
1.754500122070312500e+03 4.095311316368505737e-11
1.755800048828125000e+03 4.075698397934508095e-11
1.757100097656250000e+03 4.056222439264542542e-11
1.758400024414062500e+03 4.036883790639335961e-11
1.759700073242187500e+03 4.017680000093802748e-11
1.761000000000000000e+03 3.998610717347217311e-11
1.762300048828125000e+03 3.979673840715220283e-11
1.763600097656250000e+03 3.960868669636358543e-11
1.764900024414062500e+03 3.942193802987727137e-11
1.766200073242187500e+03 3.923648540207873591e-11
1.767500000000000000e+03 3.905230779612438536e-11
1.768800048828125000e+03 3.886940170920695736e-11
1.770099975585937500e+03 3.868774962729013354e-11
1.771400024414062500e+03 3.850734804756664505e-11
1.772699951171875000e+03 3.832816544477112401e-11
1.774000000000000000e+03 3.815022283574713825e-11
1.775300048828125000e+03 3.797347818680752627e-11
1.776599975585937500e+03 3.779794200637408814e-11
1.777900024414062500e+03 3.762358977479595488e-11
1.779199951171875000e+03 3.745041448645862113e-11
1.780500000000000000e+03 3.727841614136208042e-11
1.781799926757812500e+03 3.710757021985546378e-11
1.783099975585937500e+03 3.693786271070974108e-11
1.784399902343750000e+03 3.676930412234668652e-11
1.785699951171875000e+03 3.660186993511545699e-11
1.787000000000000000e+03 3.643554964059426535e-11
1.788299926757812500e+03 3.627033623316857391e-11
1.789599975585937500e+03 3.610622621003111382e-11
1.790899902343750000e+03 3.594319505153106136e-11
1.792199951171875000e+03 3.578124626047564660e-11
1.793499877929687500e+03 3.562036582563583292e-11
1.794799926757812500e+03 3.546054323858982028e-11
1.796099853515625000e+03 3.530177499653035921e-11
1.797399902343750000e+03 3.514403657980657428e-11
1.798699951171875000e+03 3.498733499403300964e-11
1.799999877929687500e+03 3.483165973078787814e-11
1.801299926757812500e+03 3.467699677884211735e-11
1.802599853515625000e+03 3.452333913258118957e-11
1.803899902343750000e+03 3.437067278077604529e-11
1.805200073242187500e+03 3.421897320377583491e-11
1.806500122070312500e+03 3.406827542965320164e-11
1.807800048828125000e+03 3.391855143595003350e-11
1.809100097656250000e+03 3.376978721143726158e-11
1.810400024414062500e+03 3.362197925330763643e-11
1.811700073242187500e+03 3.347511705313935798e-11
1.813000000000000000e+03 3.332919010251063910e-11
1.814300048828125000e+03 3.318419840142147332e-11
1.815599975585937500e+03 3.304012093302827344e-11
1.816900024414062500e+03 3.289696470294557067e-11
1.818200073242187500e+03 3.275471219713704666e-11
1.819500000000000000e+03 3.261336341560270140e-11
1.820800048828125000e+03 3.247290084430621008e-11
1.822099975585937500e+03 3.233332448324757914e-11
1.823400024414062500e+03 3.219462032119773969e-11
1.824699951171875000e+03 3.205678835815670465e-11
1.826000000000000000e+03 3.191982158850993634e-11
1.827299926757812500e+03 3.178370950383564760e-11
1.828599975585937500e+03 3.164843809290477601e-11
1.829900024414062500e+03 3.151401786413912162e-11
1.831199951171875000e+03 3.138042079508056600e-11
1.832500000000000000e+03 3.124765038853637154e-11
1.833799926757812500e+03 3.111571014731380708e-11
1.835099975585937500e+03 3.098457555176201657e-11
1.836399902343750000e+03 3.085425711030280007e-11
1.837699951171875000e+03 3.072473380609257039e-11
1.838999877929687500e+03 3.059600213632405866e-11
1.840299926757812500e+03 3.046805509538273369e-11
1.841599975585937500e+03 3.034089618607587722e-11
1.842899902343750000e+03 3.021450439155988268e-11
1.844199951171875000e+03 3.008888671744928773e-11
1.845499877929687500e+03 2.996402915251504287e-11
1.846799926757812500e+03 2.983992469114261041e-11
1.848099853515625000e+03 2.971657683613925273e-11
1.849399902343750000e+03 2.959396457066138908e-11
1.850699829101562500e+03 2.947209490032354423e-11
1.851999877929687500e+03 2.935095731670393103e-11
1.853299926757812500e+03 2.923054481418801827e-11
1.854599853515625000e+03 2.911085213856490590e-11
1.855900024414062500e+03 2.899185652158738200e-11
1.857200073242187500e+03 2.887359123992445210e-11
1.858500122070312500e+03 2.875602301690711390e-11
1.859800048828125000e+03 2.863915710674625451e-11
1.861100097656250000e+03 2.852298124961645236e-11
1.862400024414062500e+03 2.840749544551771068e-11
1.863700073242187500e+03 2.829268918602822942e-11
1.865000000000000000e+03 2.817855721693711822e-11
1.866300048828125000e+03 2.806509953824437710e-11
1.867599975585937500e+03 2.795230564152820921e-11
1.868900024414062500e+03 2.784017027257772422e-11
1.870200073242187500e+03 2.772869518279654363e-11
1.871500000000000000e+03 2.761786636095562437e-11
1.872800048828125000e+03 2.750768380705495998e-11
1.874099975585937500e+03 2.739813876407638482e-11
1.875400024414062500e+03 2.728923648623080216e-11
1.876699951171875000e+03 2.718095945948188717e-11
1.878000000000000000e+03 2.707330943523327426e-11
1.879299926757812500e+03 2.696627590506316984e-11
1.880599975585937500e+03 2.685986587458610190e-11
1.881900024414062500e+03 2.675406182976574884e-11
1.883199951171875000e+03 2.664886377060211390e-11
1.884500000000000000e+03 2.654427169709519384e-11
1.885799926757812500e+03 2.644027510082319183e-11
1.887099975585937500e+03 2.633686872757522076e-11
1.888399902343750000e+03 2.623405257735127417e-11
1.889699951171875000e+03 2.613182489874772410e-11
1.890999877929687500e+03 2.603016992913187692e-11
1.892299926757812500e+03 2.592909642552189503e-11
1.893599975585937500e+03 2.582859037668872246e-11
1.894899902343750000e+03 2.572865178263235921e-11
1.896199951171875000e+03 2.562927714054554289e-11
1.897499877929687500e+03 2.553045594200647344e-11
1.898799926757812500e+03 2.543219344122605735e-11
1.900099853515625000e+03 2.533448088118612252e-11
1.901399902343750000e+03 2.523731475907941627e-11
1.902699829101562500e+03 2.514068456648413852e-11
1.903999877929687500e+03 2.504459380620755811e-11
1.905299926757812500e+03 2.494903897544240299e-11
1.906600097656250000e+03 2.485399905734509563e-11
1.907900024414062500e+03 2.475950382577738241e-11
1.909200073242187500e+03 2.466552525828114169e-11
1.910500000000000000e+03 2.457207036047090792e-11
1.911800048828125000e+03 2.447912336971399391e-11
1.913100097656250000e+03 2.438669129162491798e-11
1.914400024414062500e+03 2.429477062339642743e-11
1.915700073242187500e+03 2.420334560239582862e-11
1.917000000000000000e+03 2.411242323423764956e-11
1.918300048828125000e+03 2.402199651330736224e-11
1.919599975585937500e+03 2.393206193679770106e-11
1.920900024414062500e+03 2.384261950470866925e-11
1.922199951171875000e+03 2.375366046002210439e-11
1.923500000000000000e+03 2.366518305133436883e-11
1.924800048828125000e+03 2.357718202443457547e-11
1.926099975585937500e+03 2.348966088212998669e-11
1.927400024414062500e+03 2.340260911599880241e-11
1.928699951171875000e+03 2.331602497463739791e-11
1.930000000000000000e+03 2.322990670664214201e-11
1.931299926757812500e+03 2.314424905780213143e-11
1.932599975585937500e+03 2.305905202811737265e-11
1.933899902343750000e+03 2.297431036337696562e-11
1.935199951171875000e+03 2.289001530656274794e-11
1.936500000000000000e+03 2.280617386328925406e-11
1.937799926757812500e+03 2.272278077934558717e-11
1.939099975585937500e+03 2.263982204350267837e-11
1.940399902343750000e+03 2.255730641277870300e-11
1.941699951171875000e+03 2.247522688155912984e-11
1.942999877929687500e+03 2.239358344984395242e-11
1.944299926757812500e+03 2.231236560921138360e-11
1.945599853515625000e+03 2.223157686246868253e-11
1.946899902343750000e+03 2.215121020400132445e-11
1.948199951171875000e+03 2.207127088802020616e-11
1.949499877929687500e+03 2.199174490329626845e-11
1.950799926757812500e+03 2.191263575263677693e-11
1.952099853515625000e+03 2.183393993323446922e-11
1.953399902343750000e+03 2.175565219087844528e-11
1.954699829101562500e+03 2.167777077416507716e-11
1.955999877929687500e+03 2.160029568309435840e-11
1.957300048828125000e+03 2.152320940362997063e-11
1.958600097656250000e+03 2.144653295261550429e-11
1.959900024414062500e+03 2.137025231882189693e-11
1.961200073242187500e+03 2.129436575084551736e-11
1.962500000000000000e+03 2.121886799447546879e-11
1.963800048828125000e+03 2.114376080111538563e-11
1.965100097656250000e+03 2.106903541374710870e-11
1.966400024414062500e+03 2.099469533517789392e-11
1.967700073242187500e+03 2.092073180838958534e-11
1.969000000000000000e+03 2.084714658478582384e-11
1.970300048828125000e+03 2.077394141577022770e-11
1.971599975585937500e+03 2.070110229011374737e-11
1.972900024414062500e+03 2.062863446202727968e-11
1.974199951171875000e+03 2.055653618010718373e-11
1.975500000000000000e+03 2.048480219014257888e-11
1.976800048828125000e+03 2.041342898932618660e-11
1.978099975585937500e+03 2.034241307485074773e-11
1.979400024414062500e+03 2.027175794952352789e-11
1.980699951171875000e+03 2.020146011053726469e-11
1.982000000000000000e+03 2.013151255227742368e-11
1.983299926757812500e+03 2.006191527474400487e-11
1.984599975585937500e+03 1.999266827793701794e-11
1.985899902343750000e+03 1.992376630764555640e-11
1.987199951171875000e+03 1.985520586106235788e-11
1.988500000000000000e+03 1.978698693818742559e-11
1.989799926757812500e+03 1.971910953902075955e-11
1.991099975585937500e+03 1.965156840935145972e-11
1.992399902343750000e+03 1.958436004637226048e-11
1.993699951171875000e+03 1.951748795289043391e-11
1.994999877929687500e+03 1.945093986908054877e-11
1.996299926757812500e+03 1.938472455196076745e-11
1.997599853515625000e+03 1.931883674732019315e-11
1.998899902343750000e+03 1.925326769814066994e-11
