5.000000000000000000e+02 2.364433067833560104e-11
5.012999877929687500e+02 2.375909750998872266e-11
5.025999755859375000e+02 2.387446308236050128e-11
5.038999938964843750e+02 2.399042388377517389e-11
5.051999816894531250e+02 2.410699396093581188e-11
5.064999694824218750e+02 2.422417506968029997e-11
5.078000183105468750e+02 2.434197423336017384e-11
5.091000061035156250e+02 2.446039145197544318e-11
5.103999938964843750e+02 2.457943199303975573e-11
5.117000122070312500e+02 2.469910287990465040e-11
5.130000000000000000e+02 2.481941289175955082e-11
5.142999877929687500e+02 2.494036202860445701e-11
5.155999755859375000e+02 2.506195555795301991e-11
5.168999633789062500e+02 2.518420577067043910e-11
5.181999511718750000e+02 2.530710564340516919e-11
5.195000000000000000e+02 2.543067097869817597e-11
5.207999877929687500e+02 2.555490353238734094e-11
5.221000366210937500e+02 2.567980681614843356e-11
5.234000244140625000e+02 2.580538785333299598e-11
5.247000122070312500e+02 2.593165015561679442e-11
5.260000000000000000e+02 2.605860425802713725e-11
5.272999877929687500e+02 2.618625016056402448e-11
5.285999755859375000e+02 2.631459839825476448e-11
5.298999633789062500e+02 2.644365248277512671e-11
5.311999511718750000e+02 2.657341943747664684e-11
5.324999389648437500e+02 2.670389750652144339e-11
5.337999877929687500e+02 2.683511127163990256e-11
5.351000366210937500e+02 2.696704317445317059e-11
5.364000244140625000e+02 2.709971428501587070e-11
5.377000122070312500e+02 2.723312635916589084e-11
5.390000000000000000e+02 2.736728290857898755e-11
5.402999877929687500e+02 2.750219446828247566e-11
5.415999755859375000e+02 2.763786806162789409e-11
5.428999633789062500e+02 2.777430895612889703e-11
5.441999511718750000e+02 2.791152241929914189e-11
5.455000000000000000e+02 2.804951547449015466e-11
5.467999877929687500e+02 2.818829163337771773e-11
5.481000366210937500e+02 2.832785967515124827e-11
5.494000244140625000e+02 2.846822837900016994e-11
5.507000122070312500e+02 2.860940125660025542e-11
5.520000000000000000e+02 2.875138533130303394e-11
5.532999877929687500e+02 2.889418762646005409e-11
5.545999755859375000e+02 2.903782043293650899e-11
5.558999633789062500e+02 2.918228375073238894e-11
5.571999511718750000e+02 2.932758811487500554e-11
5.585000000000000000e+02 2.947374757206744309e-11
5.597999877929687500e+02 2.962075334312026826e-11
5.610999755859375000e+02 2.976861596306078940e-11
5.624000244140625000e+02 2.991735650194363620e-11
5.637000122070312500e+02 3.006696793641725682e-11
5.650000000000000000e+02 3.021746431318472261e-11
5.662999877929687500e+02 3.036885265559759190e-11
5.675999755859375000e+02 3.052113998700738419e-11
5.688999633789062500e+02 3.067433333076565134e-11
5.701999511718750000e+02 3.082844322189969526e-11
5.715000000000000000e+02 3.098348019543681784e-11
5.727999877929687500e+02 3.113944425137703203e-11
5.740999755859375000e+02 3.129634943642340919e-11
5.754000244140625000e+02 3.145419575057594285e-11
5.767000122070312500e+02 3.161300075221348678e-11
5.780000000000000000e+02 3.177276795301181041e-11
5.792999877929687500e+02 3.193350788799822213e-11
5.805999755859375000e+02 3.209522758052425440e-11
5.818999633789062500e+02 3.225793756561721558e-11
5.831999511718750000e+02 3.242164486662865105e-11
5.845000000000000000e+02 3.258636704193740164e-11
5.857999877929687500e+02 3.275209706819192843e-11
5.870999755859375000e+02 3.291885601544685463e-11
5.884000244140625000e+02 3.308664388370217378e-11
5.897000122070312500e+02 3.325547120798518779e-11
5.910000000000000000e+02 3.342535203499898095e-11
5.922999877929687500e+02 3.359629338809509865e-11
5.935999755859375000e+02 3.376830931397660578e-11
5.948999633789062500e+02 3.394140683599504126e-11
5.962000122070312500e+02 3.411560000085348939e-11
5.975000000000000000e+02 3.429088880855195017e-11
5.987999877929687500e+02 3.446728730579349496e-11
6.000999755859375000e+02 3.464479549257812376e-11
6.014000244140625000e+02 3.482344497398776816e-11
6.027000122070312500e+02 3.500322872667088924e-11
6.040000000000000000e+02 3.518416430900631490e-11
6.052999877929687500e+02 3.536626225602137290e-11
6.065999755859375000e+02 3.554953661441912815e-11
6.078999633789062500e+02 3.573399089587536304e-11
6.092000122070312500e+02 3.591964617044468137e-11
6.105000000000000000e+02 3.610649541477554424e-11
6.117999877929687500e+02 3.629455618724681186e-11
6.130999755859375000e+02 3.648384955791308805e-11
6.144000244140625000e+02 3.667437552677437282e-11
6.157000122070312500e+02 3.686615516388527644e-11
6.170000000000000000e+02 3.705919900427312021e-11
6.182999877929687500e+02 3.725350704793790414e-11
6.195999755859375000e+02 3.744910738828577095e-11
6.208999633789062500e+02 3.764600002531672712e-11
6.222000122070312500e+02 3.784420954076115885e-11
6.235000000000000000e+02 3.804373242294328375e-11
6.247999877929687500e+02 3.824458271856620551e-11
6.260999755859375000e+02 3.844678852103604747e-11
6.273999633789062500e+02 3.865035334202859848e-11
6.287000122070312500e+02 3.885528069321962799e-11
6.300000000000000000e+02 3.906159866801527875e-11
6.312999877929687500e+02 3.926930726641556368e-11
6.325999755859375000e+02 3.947843458182662552e-11
6.338999633789062500e+02 3.968898412592424018e-11
6.352000122070312500e+02 3.990097345708724849e-11
6.365000000000000000e+02 4.011440959866720230e-11
6.377999877929687500e+02 4.032932064407023787e-11
6.390999755859375000e+02 4.054570308162059868e-11
6.403999633789062500e+02 4.076357798137288208e-11
6.417000122070312500e+02 4.098296290170596121e-11
6.430000000000000000e+02 4.120387540099866397e-11
6.442999877929687500e+02 4.142631547925100329e-11
6.455999755859375000e+02 4.165031825322066082e-11
6.469000244140625000e+02 4.187589776961070792e-11
6.482000122070312500e+02 4.210304700506961862e-11
6.495000000000000000e+02 4.233179756467931156e-11
6.507999877929687500e+02 4.256215647179133858e-11
6.520999755859375000e+02 4.279415533148759896e-11
6.533999633789062500e+02 4.302779765544387508e-11
6.547000122070312500e+02 4.326310100203901422e-11
6.560000000000000000e+02 4.350008292965185721e-11
6.572999877929687500e+02 4.373876450833702727e-11
6.585999755859375000e+02 4.397915978479759575e-11
6.599000244140625000e+02 4.422128982908817941e-11
6.612000122070312500e+02 4.446516166456031716e-11
6.625000000000000000e+02 4.471079636126861928e-11
6.637999877929687500e+02 4.495820796591617654e-11
6.650999755859375000e+02 4.520742457190912519e-11
6.663999633789062500e+02 4.545846022595055601e-11
6.677000122070312500e+02 4.571134302144661819e-11
6.690000000000000000e+02 4.596606593504577282e-11
6.702999877929687500e+02 4.622267461853301637e-11
6.715999755859375000e+02 4.648117258358413124e-11
6.729000244140625000e+02 4.674159143528102962e-11
6.742000122070312500e+02 4.700393468529948097e-11
6.755000000000000000e+02 4.726823042704564095e-11
6.767999877929687500e+02 4.753450675392566521e-11
6.780999755859375000e+02 4.780277420096686214e-11
6.793999633789062500e+02 4.807305734989961148e-11
6.806999511718750000e+02 4.834536673575122805e-11
6.820000000000000000e+02 4.861974098695517591e-11
6.832999877929687500e+02 4.889618361518721157e-11
6.845999755859375000e+02 4.917472973720502961e-11
6.859000244140625000e+02 4.945540744641479863e-11
6.872000122070312500e+02 4.973822376616805108e-11
6.885000000000000000e+02 5.002319625484362131e-11
6.897999877929687500e+02 5.031037407590228820e-11
6.910999755859375000e+02 5.059975020599252576e-11
6.923999633789062500e+02 5.089136327354776572e-11
6.936999511718750000e+02 5.118523786029841365e-11
6.950000000000000000e+02 5.148140557132639469e-11
6.962999877929687500e+02 5.177987694165901721e-11
6.976000366210937500e+02 5.208067655302664801e-11
6.989000244140625000e+02 5.238383952218699461e-11
7.002000122070312500e+02 5.268938691919466729e-11
7.015000000000000000e+02 5.299733981410428926e-11
7.027999877929687500e+02 5.330772981199778563e-11
7.040999755859375000e+02 5.362058149460551676e-11
7.053999633789062500e+02 5.393591944365790117e-11
7.066999511718750000e+02 5.425377175256106867e-11
7.080000000000000000e+02 5.457417353807272030e-11
7.092999877929687500e+02 5.489714938192324872e-11
7.106000366210937500e+02 5.522273440087032913e-11
7.119000244140625000e+02 5.555093210658974390e-11
7.132000122070312500e+02 5.588178815086648307e-11
7.145000000000000000e+02 5.621533413878248467e-11
7.157999877929687500e+02 5.655160167541966091e-11
7.170999755859375000e+02 5.689060831915686553e-11
7.183999633789062500e+02 5.723240674513062747e-11
7.196999511718750000e+02 5.757700748836825511e-11
7.210000000000000000e+02 5.792444566562746241e-11
7.222999877929687500e+02 5.827476341701744409e-11
7.236000366210937500e+02 5.862799937097169649e-11
7.249000244140625000e+02 5.898415703916596969e-11
7.262000122070312500e+02 5.934330314343988985e-11
7.275000000000000000e+02 5.970544119546921996e-11
7.287999877929687500e+02 6.007062035871471950e-11
7.300999755859375000e+02 6.043888277328563489e-11
7.313999633789062500e+02 6.081024950923658289e-11
7.326999511718750000e+02 6.118476973002832296e-11
7.340000000000000000e+02 6.156248557577010153e-11
7.352999877929687500e+02 6.194341811651650950e-11
7.366000366210937500e+02 6.232759544567372837e-11
7.379000244140625000e+02 6.271507375005404362e-11
7.392000122070312500e+02 6.310589516976670167e-11
7.405000000000000000e+02 6.350008779821784526e-11
7.417999877929687500e+02 6.389768675216516895e-11
7.430999755859375000e+02 6.429875524177253593e-11
7.443999633789062500e+02 6.470330029039145924e-11
7.456999511718750000e+02 6.511139915488887989e-11
7.469999389648437500e+02 6.552306588196787570e-11
7.482999877929687500e+02 6.593838475184690075e-11
7.496000366210937500e+02 6.635734171782287719e-11
7.509000244140625000e+02 6.678002106011427201e-11
7.522000122070312500e+02 6.720643682542416304e-11
7.535000000000000000e+02 6.763665924726793944e-11
7.547999877929687500e+02 6.807073748910633484e-11
7.560999755859375000e+02 6.850872071440018627e-11
7.573999633789062500e+02 6.895061594650098095e-11
7.586999511718750000e+02 6.939651448897872477e-11
7.599999389648437500e+02 6.984643741188806035e-11
7.612999877929687500e+02 7.030048304215049371e-11
7.626000366210937500e+02 7.075864435641449886e-11
7.639000244140625000e+02 7.122099861154702973e-11
7.652000122070312500e+02 7.168759497100880703e-11
7.665000000000000000e+02 7.215848259826062900e-11
7.677999877929687500e+02 7.263372470346632005e-11
7.690999755859375000e+02 7.311336342673513951e-11
7.703999633789062500e+02 7.359747602493400253e-11
7.716999511718750000e+02 7.408607654476596108e-11
7.729999389648437500e+02 7.457927033650413769e-11
7.742999877929687500e+02 7.507711358696080488e-11
7.755999755859375000e+02 7.557962034283905343e-11
7.769000244140625000e+02 7.608688893106041521e-11
7.782000122070312500e+02 7.659896149173413666e-11
7.795000000000000000e+02 7.711589421167251616e-11
7.807999877929687500e+02 7.763777839444554670e-11
7.820999755859375000e+02 7.816466320351400067e-11
7.833999633789062500e+02 7.869662589574481908e-11
7.846999511718750000e+02 7.923369456454414467e-11
7.860000000000000000e+02 7.977600265359120389e-11
7.872999877929687500e+02 8.032354313953445784e-11
7.885999755859375000e+02 8.087642137264700317e-11
7.899000244140625000e+02 8.143470758644420319e-11
7.912000122070312500e+02 8.199848606114452487e-11
7.925000000000000000e+02 8.256779893685718880e-11
7.937999877929687500e+02 8.314274454050377856e-11
7.950999755859375000e+02 8.372339310559963160e-11
7.963999633789062500e+02 8.430982188901168892e-11
7.976999511718750000e+02 8.490210814760687859e-11
7.990000000000000000e+02 8.550033616160365467e-11
8.002999877929687500e+02 8.610456211781434140e-11
8.015999755859375000e+02 8.671489136651198376e-11
8.029000244140625000e+02 8.733141521126662640e-11
8.042000122070312500e+02 8.795419686224208079e-11
8.055000000000000000e+02 8.858332059965682685e-11
8.067999877929687500e+02 8.921888475043239646e-11
8.080999755859375000e+02 8.986100168819339935e-11
8.093999633789062500e+02 9.050972057640062086e-11
8.106999511718750000e+02 9.116514676532713177e-11
8.120000000000000000e+02 9.182741369865215858e-11
8.132999877929687500e+02 9.249656351648494768e-11
8.145999755859375000e+02 9.317269454574703098e-11
8.159000244140625000e+02 9.385595427682071277e-11
8.172000122070312500e+02 9.454639187316675254e-11
8.185000000000000000e+02 9.524414780181594152e-11
8.197999877929687500e+02 9.594929229628366886e-11
8.210999755859375000e+02 9.666197284695220009e-11
8.223999633789062500e+02 9.738226671068852791e-11
8.236999511718750000e+02 9.811030030782027523e-11
8.250000000000000000e+02 9.884619303532365533e-11
8.262999877929687500e+02 9.959001512671401858e-11
8.275999755859375000e+02 1.003419421657798379e-10
8.288999633789062500e+02 1.011020443860365024e-10
8.302000122070312500e+02 1.018704763012178423e-10
8.315000000000000000e+02 1.026473292148938766e-10
8.327999877929687500e+02 1.034327435940953835e-10
8.340999755859375000e+02 1.042268739525561804e-10
8.353999633789062500e+02 1.050298256405493639e-10
8.367000122070312500e+02 1.058417531718087772e-10
8.380000000000000000e+02 1.066627267798498225e-10
8.392999877929687500e+02 1.074929501418670895e-10
8.405999755859375000e+02 1.083325286081336749e-10
8.418999633789062500e+02 1.091816237157349737e-10
8.432000122070312500e+02 1.100403829550532643e-10
8.445000000000000000e+02 1.109089397697677991e-10
8.457999877929687500e+02 1.117874346269093306e-10
8.470999755859375000e+02 1.126760641803209613e-10
8.483999633789062500e+02 1.135749408036273009e-10
8.497000122070312500e+02 1.144842962674291077e-10
8.510000000000000000e+02 1.154042148519448618e-10
8.522999877929687500e+02 1.163348932110176398e-10
8.535999755859375000e+02 1.172764999050843627e-10
8.548999633789062500e+02 1.182291894478788608e-10
8.562000122070312500e+02 1.191931865866503665e-10
8.575000610351562500e+02 1.201686458351327619e-10
8.588000488281250000e+02 1.211557357537629549e-10
8.601000366210937500e+02 1.221546529963840095e-10
8.614000244140625000e+02 1.231656223102451708e-10
8.627000122070312500e+02 1.241887560689710616e-10
8.640000000000000000e+02 1.252243352066232125e-10
8.652999877929687500e+02 1.262725423303416097e-10
8.665999755859375000e+02 1.273335881406724463e-10
8.678999633789062500e+02 1.284076411980526304e-10
8.692000122070312500e+02 1.294949683898406152e-10
8.705000000000000000e+02 1.305957663698794900e-10
8.717999877929687500e+02 1.317103160722307858e-10
8.730999755859375000e+02 1.328387579639252808e-10
8.743999633789062500e+02 1.339813870257276095e-10
8.756999511718750000e+02 1.351384139581839135e-10
8.769999389648437500e+02 1.363101196953556977e-10
8.782999267578125000e+02 1.374967149377892072e-10
8.795999145507812500e+02 1.386984946662489470e-10
8.809000244140625000e+02 1.399157819549057591e-10
8.822000122070312500e+02 1.411486751306811883e-10
8.835000000000000000e+02 1.423975253611521027e-10
8.848000488281250000e+02 1.436626276270832144e-10
8.861000366210937500e+02 1.449442769092390544e-10
8.874000244140625000e+02 1.462427260482750495e-10
8.887000122070312500e+02 1.475583121650650160e-10
8.900000000000000000e+02 1.488913442870766920e-10
8.912999877929687500e+02 1.502420752549654784e-10
8.925999755859375000e+02 1.516108983764174511e-10
8.938999633789062500e+02 1.529980945854942185e-10
8.951999511718750000e+02 1.544040010030696226e-10
8.965000000000000000e+02 1.558289547500174797e-10
8.977999877929687500e+02 1.572733350873209170e-10
8.990999755859375000e+02 1.587375072292598806e-10
9.003999633789062500e+02 1.602217661565990308e-10
9.016999511718750000e+02 1.617265613638368324e-10
9.029999389648437500e+02 1.632522159251440495e-10
9.042999267578125000e+02 1.647991231482068098e-10
9.055999145507812500e+02 1.663677465742267334e-10
9.069000244140625000e+02 1.679586199779206744e-10
9.082000122070312500e+02 1.695718557329132556e-10
9.095000000000000000e+02 1.712080157073276159e-10
9.108000488281250000e+02 1.728675493956621426e-10
9.121000366210937500e+02 1.745509062924153262e-10
9.134000244140625000e+02 1.762585920788979946e-10
9.147000122070312500e+02 1.779910281562024051e-10
9.160000000000000000e+02 1.797487342523424116e-10
9.172999877929687500e+02 1.815322020019257381e-10
9.185999755859375000e+02 1.833418949461538756e-10
9.198999633789062500e+02 1.851783889998530667e-10
9.211999511718750000e+02 1.870422038910370880e-10
9.225000000000000000e+02 1.889338733944228710e-10
9.237999877929687500e+02 1.908539874715396846e-10
9.250999755859375000e+02 1.928031360839167720e-10
9.263999633789062500e+02 1.947818670529741168e-10
9.276999511718750000e+02 1.967908124803501697e-10
9.289999389648437500e+02 1.988305763742772775e-10
9.302999267578125000e+02 2.009018189298000464e-10
9.316000366210937500e+02 2.030053689024000168e-10
9.329000244140625000e+02 2.051414791327325639e-10
9.342000122070312500e+02 2.073112312169346547e-10
9.355000000000000000e+02 2.095151167896139616e-10
9.367999877929687500e+02 2.117539084194397394e-10
9.381000366210937500e+02 2.140284067684873471e-10
9.394000244140625000e+02 2.163393703587229874e-10
9.407000122070312500e+02 2.186875296187066300e-10
9.420000000000000000e+02 2.210738116308413601e-10
9.432999877929687500e+02 2.234989187302810949e-10
9.445999755859375000e+02 2.259638341862411277e-10
9.458999633789062500e+02 2.284693165206877129e-10
9.471999511718750000e+02 2.310164051896484809e-10
9.484999389648437500e+02 2.336059149019019457e-10
9.497999877929687500e+02 2.362388008332572706e-10
9.510999755859375000e+02 2.389162148133668895e-10
9.523999633789062500e+02 2.416389153641969536e-10
9.536999511718750000e+02 2.444081385956181051e-10
9.549999389648437500e+02 2.472249520570643109e-10
9.562999267578125000e+02 2.500903671111571231e-10
9.576000366210937500e+02 2.530057884282041697e-10
9.589000244140625000e+02 2.559719464367655496e-10
9.602000122070312500e+02 2.589902177137427869e-10
9.615000000000000000e+02 2.620619507426312499e-10
9.627999877929687500e+02 2.651883816333016843e-10
9.641000366210937500e+02 2.683708026824373022e-10
9.654000244140625000e+02 2.716105342801272131e-10
9.667000122070312500e+02 2.749090372834914595e-10
9.680000000000000000e+02 2.782677725496501358e-10
9.692999877929687500e+02 2.816882009357231815e-10
9.705999755859375000e+02 2.851718675790491061e-10
9.718999633789062500e+02 2.887202895235601604e-10
9.731999511718750000e+02 2.923352366538441510e-10
9.744999389648437500e+02 2.960183102940517438e-10
9.757999877929687500e+02 2.997711960485523303e-10
9.770999755859375000e+02 3.035958323623704960e-10
9.783999633789062500e+02 3.074939610266876851e-10
9.796999511718750000e+02 3.114675204865286899e-10
9.809999389648437500e+02 3.155185896539487711e-10
9.823000488281250000e+02 3.196494721882526410e-10
9.836000366210937500e+02 3.238616008531541868e-10
9.849000244140625000e+02 3.281575883354256266e-10
9.862000122070312500e+02 3.325395135471224792e-10
9.875000000000000000e+02 3.370099048947985991e-10
9.887999877929687500e+02 3.415711503179770109e-10
9.900999755859375000e+02 3.462257220363993609e-10
9.914000244140625000e+02 3.509761484566194003e-10
9.927000122070312500e+02 3.558252951060649549e-10
9.940000000000000000e+02 3.607758027649145018e-10
9.952999877929687500e+02 3.658306212408141787e-10
9.965999755859375000e+02 3.709925879677855005e-10
9.978999633789062500e+02 3.762650741545670951e-10
9.991999511718750000e+02 3.816510577022112040e-10
1.000499938964843750e+03 3.871539940996748185e-10
1.001799987792968750e+03 3.927772826491025153e-10
1.003099975585937500e+03 3.985245193064821156e-10
1.004399963378906250e+03 4.043994124014258566e-10
1.005699951171875000e+03 4.104058950107954791e-10
1.006999938964843750e+03 4.165479563982646220e-10
1.008300048828125000e+03 4.228302038824427620e-10
1.009600036621093750e+03 4.292560648588805796e-10
1.010900024414062500e+03 4.358305399538735242e-10
1.012200012207031250e+03 4.425581802992186578e-10
1.013500000000000000e+03 4.494440146146174302e-10
1.014799987792968750e+03 4.564930716197714983e-10
1.016099975585937500e+03 4.637106609684439200e-10
1.017400024414062500e+03 4.711022327814286870e-10
1.018700012207031250e+03 4.786735462069873481e-10
1.020000000000000000e+03 4.864306975142553199e-10
1.021299987792968750e+03 4.943797829723680192e-10
1.022599975585937500e+03 5.025272640647409379e-10
1.023899963378906250e+03 5.108799393956633327e-10
1.025199951171875000e+03 5.194450570639230539e-10
1.026500000000000000e+03 5.282299213551199533e-10
1.027799926757812500e+03 5.372421736757280607e-10
1.029099975585937500e+03 5.464900173003445191e-10
1.030399902343750000e+03 5.559818802508153032e-10
1.031699951171875000e+03 5.657265838566730840e-10
1.033000000000000000e+03 5.757340731836961386e-10
1.034300048828125000e+03 5.860126076932938179e-10
1.035599975585937500e+03 5.965731438138664164e-10
1.036900024414062500e+03 6.074260199188783904e-10
1.038200073242187500e+03 6.185828666784776669e-10
1.039500000000000000e+03 6.300550900155628242e-10
1.040800048828125000e+03 6.418549386552169036e-10
1.042099975585937500e+03 6.539955041247078230e-10
1.043400024414062500e+03 6.664903274458019910e-10
1.044699951171875000e+03 6.793536238820131385e-10
1.046000000000000000e+03 6.926003953122276650e-10
1.047299926757812500e+03 7.062464864175164332e-10
1.048599975585937500e+03 7.203086408679473902e-10
1.049900024414062500e+03 7.348041642017111829e-10
1.051199951171875000e+03 7.497521037481806262e-10
1.052500000000000000e+03 7.651714506499157065e-10
1.053799926757812500e+03 7.810832749615320329e-10
1.055099975585937500e+03 7.975093209793928466e-10
1.056399902343750000e+03 8.144726814833568609e-10
1.057699951171875000e+03 8.319980224840274026e-10
1.059000000000000000e+03 8.501124260249367717e-10
1.060300048828125000e+03 8.688408390507501620e-10
1.061599975585937500e+03 8.882138271873629687e-10
1.062900024414062500e+03 9.082624617419815961e-10
1.064199951171875000e+03 9.290196681866188252e-10
1.065500000000000000e+03 9.505207318394040992e-10
1.066800048828125000e+03 9.728031854909592107e-10
1.068099975585937500e+03 9.959069779648355463e-10
1.069400024414062500e+03 1.019874474117513362e-09
1.070699951171875000e+03 1.044751971882334294e-09
1.072000000000000000e+03 1.070587454797009936e-09
1.073299926757812500e+03 1.097434300333232739e-09
1.074599975585937500e+03 1.125348021061563393e-09
1.075900024414062500e+03 1.154389186365670198e-09
1.077199951171875000e+03 1.184622972947830358e-09
1.078500000000000000e+03 1.216119052455306400e-09
1.079799926757812500e+03 1.248953614205587929e-09
1.081099975585937500e+03 1.283208466197395681e-09
1.082399902343750000e+03 1.318971596978804227e-09
1.083700073242187500e+03 1.356343019075722552e-09
1.085000000000000000e+03 1.395421508904187966e-09
1.086300048828125000e+03 1.436323485539303120e-09
1.087599975585937500e+03 1.479174245572515442e-09
1.088900024414062500e+03 1.524109985836859927e-09
1.090199951171875000e+03 1.571281399362947066e-09
1.091500000000000000e+03 1.620853113510839732e-09
1.092800048828125000e+03 1.673008297288662913e-09
1.094099975585937500e+03 1.727949672715224282e-09
1.095400024414062500e+03 1.785902661281504255e-09
1.096699951171875000e+03 1.847119766522015858e-09
1.098000000000000000e+03 1.911884394718041895e-09
1.099299926757812500e+03 1.980516136457990564e-09
1.100599975585937500e+03 2.053378969911995385e-09
1.101899902343750000e+03 2.130887553754889523e-09
1.103199951171875000e+03 2.213519475891293171e-09
1.104500000000000000e+03 2.301830311521310503e-09
1.105799926757812500e+03 2.396470029689720857e-09
1.107099975585937500e+03 2.498205917505406309e-09
1.108399902343750000e+03 2.607960787173715093e-09
1.109700073242187500e+03 2.726859723424307938e-09
1.111000000000000000e+03 2.856260199642549077e-09
1.112300048828125000e+03 2.997891421164035847e-09
1.113599975585937500e+03 3.153937481756812416e-09
1.114900024414062500e+03 3.327211767486773378e-09
1.116199951171875000e+03 3.521370017109938780e-09
1.117500000000000000e+03 3.741129225893205803e-09
1.118800048828125000e+03 3.992338216250606405e-09
1.120099975585937500e+03 4.281377562587858372e-09
1.121400024414062500e+03 4.612752997757580717e-09
1.122699951171875000e+03 4.983746878022049068e-09
1.124000000000000000e+03 5.379778051345542862e-09
1.125299926757812500e+03 5.784226458647301556e-09
1.126599975585937500e+03 6.203721694285192245e-09
1.127899902343750000e+03 6.670127074771937103e-09
1.129199951171875000e+03 7.208897473555634513e-09
1.130500000000000000e+03 7.821623202171858145e-09
1.131799926757812500e+03 8.503547709837845302e-09
1.133099975585937500e+03 9.261156303177455047e-09
1.134400024414062500e+03 1.010392342722934258e-08
1.135700073242187500e+03 1.103867960039218872e-08
1.137000000000000000e+03 1.207333322887199844e-08
1.138300048828125000e+03 1.321666024325680732e-08
1.139599975585937500e+03 1.447782403839233659e-08
1.140900024414062500e+03 1.586608959488095311e-08
1.142199951171875000e+03 1.739050523697677113e-08
1.143500000000000000e+03 1.905987206695974334e-08
1.144800048828125000e+03 2.088306130825158037e-08
1.146099975585937500e+03 2.286879495210050720e-08
1.147400024414062500e+03 2.502499848550347309e-08
1.148699951171875000e+03 2.735811226563448393e-08
1.150000000000000000e+03 2.987256291431442686e-08
1.151299926757812500e+03 3.257069859080329428e-08
1.152599975585937500e+03 3.545324927416659521e-08
1.153899902343750000e+03 3.851948498533881402e-08
1.155199951171875000e+03 4.176659009078155787e-08
1.156500000000000000e+03 4.518918504033720906e-08
1.157799926757812500e+03 4.877963561944381371e-08
1.159099975585937500e+03 5.252897710982397850e-08
1.160400024414062500e+03 5.642638208799867756e-08
1.161700073242187500e+03 6.046064915106614090e-08
1.163000000000000000e+03 6.461748796993116308e-08
1.164300048828125000e+03 6.887830745213720573e-08
1.165599975585937500e+03 7.321911537933417199e-08
1.166900024414062500e+03 7.761157561833881664e-08
1.168199951171875000e+03 8.202451842264951572e-08
1.169500000000000000e+03 8.642475311849961682e-08
1.170800048828125000e+03 9.077745646810396300e-08
1.172099975585937500e+03 9.504793468809304200e-08
1.173400024414062500e+03 9.920140769215356518e-08
1.174699951171875000e+03 1.032016498196651776e-07
1.176000000000000000e+03 1.070117737541058388e-07
1.177299926757812500e+03 1.105966829650353625e-07
1.178599975585937500e+03 1.139240426162121298e-07
1.179899902343750000e+03 1.169635028390997502e-07
1.181199951171875000e+03 1.196860011174054708e-07
1.182500000000000000e+03 1.220631869341220019e-07
1.183799926757812500e+03 1.240679899325738346e-07
1.185099975585937500e+03 1.256773672267916180e-07
1.186400024414062500e+03 1.268741445309779501e-07
1.187700073242187500e+03 1.276462969683098991e-07
1.189000000000000000e+03 1.279852517797127553e-07
1.190300048828125000e+03 1.278871541003676488e-07
1.191599975585937500e+03 1.273533703935499115e-07
1.192900024414062500e+03 1.263897836432554970e-07
1.194199951171875000e+03 1.250050385276788470e-07
1.195500000000000000e+03 1.232111167721710913e-07
1.196799926757812500e+03 1.210260556919666543e-07
1.198099975585937500e+03 1.184739985355670992e-07
1.199400024414062500e+03 1.155840150111771682e-07
1.200699951171875000e+03 1.123886844800456856e-07
1.202000000000000000e+03 1.089226647659822844e-07
1.203299926757812500e+03 1.052202253295499943e-07
1.204599975585937500e+03 1.013146431474592177e-07
1.205899902343750000e+03 9.724037466998430345e-08
1.207199951171875000e+03 9.303273218492471340e-08
1.208499877929687500e+03 8.872555363812493957e-08
1.209800048828125000e+03 8.435148311804152273e-08
1.211099975585937500e+03 7.994643703307985631e-08
1.212400024414062500e+03 7.554684960930755518e-08
1.213700073242187500e+03 7.118658036830502572e-08
1.215000000000000000e+03 6.689240479835684645e-08
1.216300048828125000e+03 6.268523697948764922e-08
1.217599975585937500e+03 5.858402400379673062e-08
1.218900024414062500e+03 5.460719514572117904e-08
1.220199951171875000e+03 5.077147879251588049e-08
1.221500000000000000e+03 4.709078410194136009e-08
1.222799926757812500e+03 4.357635562837122308e-08
1.224099975585937500e+03 4.023709695883107473e-08
1.225400024414062500e+03 3.707923988504764443e-08
1.226699951171875000e+03 3.410590210086228421e-08
1.228000000000000000e+03 3.131736409084204558e-08
1.229299926757812500e+03 2.871175595787329705e-08
1.230599975585937500e+03 2.628606968477231495e-08
1.231899902343750000e+03 2.403680820434104105e-08
1.233199951171875000e+03 2.195926620816953727e-08
1.234499877929687500e+03 2.004658081425522981e-08
1.235800048828125000e+03 1.829027815231304729e-08
1.237099975585937500e+03 1.668231406879845543e-08
1.238400024414062500e+03 1.521496984418380400e-08
1.239700073242187500e+03 1.388078746575055244e-08
1.241000000000000000e+03 1.267151061855088884e-08
1.242300048828125000e+03 1.157806490764978982e-08
1.243599975585937500e+03 1.059115928176397274e-08
1.244900024414062500e+03 9.701756204507295407e-09
1.246199951171875000e+03 8.901213694652257545e-09
1.247500000000000000e+03 8.181416578523565043e-09
1.248799926757812500e+03 7.532983006949243485e-09
1.250099975585937500e+03 6.949696471015517945e-09
1.251400024414062500e+03 6.435373628508858588e-09
1.252699951171875000e+03 5.988216950929900818e-09
1.254000000000000000e+03 5.585173213935846627e-09
1.255299926757812500e+03 5.198059112472911142e-09
1.256599975585937500e+03 4.821607919502572973e-09
1.257899902343750000e+03 4.470607105035349935e-09
1.259199951171875000e+03 4.157377313274181642e-09
1.260500000000000000e+03 3.883671123268583631e-09
1.261800048828125000e+03 3.645105963658517934e-09
1.263099975585937500e+03 3.435729628295305548e-09
1.264400024414062500e+03 3.250171332164030717e-09
1.265699951171875000e+03 3.084109859903695714e-09
1.267000000000000000e+03 2.934192881544745510e-09
1.268300048828125000e+03 2.797833556248511118e-09
1.269599975585937500e+03 2.673015676442125504e-09
1.270900024414062500e+03 2.558148031601020084e-09
1.272199951171875000e+03 2.451953383107807060e-09
1.273500000000000000e+03 2.353389128473294590e-09
1.274799926757812500e+03 2.261595159974668498e-09
1.276099975585937500e+03 2.175849364700145014e-09
1.277400024414062500e+03 2.095541104373558590e-09
1.278699951171875000e+03 2.020147392145943965e-09
1.280000000000000000e+03 1.949216261299094910e-09
1.281299926757812500e+03 1.882354628894102913e-09
1.282599975585937500e+03 1.819217507903396093e-09
1.283899902343750000e+03 1.759500815298762112e-09
1.285199951171875000e+03 1.702934629633872882e-09
1.286500000000000000e+03 1.649274201154313513e-09
1.287800048828125000e+03 1.598312537643540876e-09
1.289099975585937500e+03 1.549850962533233093e-09
1.290400024414062500e+03 1.503715071957985948e-09
1.291699951171875000e+03 1.459745744865342253e-09
1.293000000000000000e+03 1.417799367763042535e-09
1.294300048828125000e+03 1.377744351136660914e-09
1.295599975585937500e+03 1.339461241823229927e-09
1.296900024414062500e+03 1.302839576549752129e-09
1.298199951171875000e+03 1.267778780922195834e-09
1.299500000000000000e+03 1.234185809579378455e-09
1.300799926757812500e+03 1.201975595687465611e-09
1.302099975585937500e+03 1.171068466346603981e-09
1.303399902343750000e+03 1.141391940568916093e-09
1.304699951171875000e+03 1.112877807564260344e-09
1.306000000000000000e+03 1.085463362850100192e-09
1.307299926757812500e+03 1.059090172141635170e-09
1.308599975585937500e+03 1.033703397110052940e-09
1.309899902343750000e+03 1.009252581997900211e-09
1.311200073242187500e+03 9.856888442784690242e-10
1.312500000000000000e+03 9.629708304579009353e-10
1.313800048828125000e+03 9.410557261852165767e-10
1.315099975585937500e+03 9.199046501862990975e-10
1.316400024414062500e+03 8.994810810331477919e-10
1.317699951171875000e+03 8.797509133306918579e-10
1.319000000000000000e+03 8.606820644091032876e-10
1.320300048828125000e+03 8.422441372029232060e-10
1.321599975585937500e+03 8.244088135587485673e-10
1.322900024414062500e+03 8.071492923671082142e-10
1.324199951171875000e+03 7.904403457492756035e-10
1.325500000000000000e+03 7.742579819363953509e-10
1.326799926757812500e+03 7.585796700167317532e-10
1.328099975585937500e+03 7.433841713752325777e-10
1.329399902343750000e+03 7.286513149462788863e-10
1.330699951171875000e+03 7.143618848400613440e-10
1.332000000000000000e+03 7.004979574634537758e-10
1.333299926757812500e+03 6.870423396518897441e-10
1.334599975585937500e+03 6.739786248561752729e-10
1.335899902343750000e+03 6.612914740765503016e-10
1.337200073242187500e+03 6.489654359396300433e-10
1.338500000000000000e+03 6.369880931598942127e-10
1.339800048828125000e+03 6.253455114078908422e-10
1.341099975585937500e+03 6.140247677167885342e-10
1.342400024414062500e+03 6.030142876032520868e-10
1.343699951171875000e+03 5.923021594630720163e-10
1.345000000000000000e+03 5.818778201755345177e-10
1.346300048828125000e+03 5.717305942463010600e-10
1.347599975585937500e+03 5.618507051700298865e-10
1.348900024414062500e+03 5.522286011886286925e-10
1.350199951171875000e+03 5.428551800385035607e-10
1.351500000000000000e+03 5.337219013241834802e-10
1.352799926757812500e+03 5.248203932106347874e-10
1.354099975585937500e+03 5.161427895441341039e-10
1.355399902343750000e+03 5.076814489182076068e-10
1.356699951171875000e+03 4.994291794208799635e-10
1.358000000000000000e+03 4.913790138874248803e-10
1.359299926757812500e+03 4.835242660871775164e-10
1.360599975585937500e+03 4.758586992839719352e-10
1.361900024414062500e+03 4.683754024998940509e-10
1.363200073242187500e+03 4.610698526965531120e-10
1.364500000000000000e+03 4.539357850443768197e-10
1.365800048828125000e+03 4.469677775159772862e-10
1.367099975585937500e+03 4.401606328312161277e-10
1.368400024414062500e+03 4.335093503637978434e-10
1.369699951171875000e+03 4.270091823280824364e-10
1.371000000000000000e+03 4.206554933120544295e-10
1.372300048828125000e+03 4.144438726509477457e-10
1.373599975585937500e+03 4.083700220536207237e-10
1.374900024414062500e+03 4.024299241629932592e-10
1.376199951171875000e+03 3.966196178087977139e-10
1.377500000000000000e+03 3.909351418207663980e-10
1.378799926757812500e+03 3.853730407099423203e-10
1.380099975585937500e+03 3.799296623335253482e-10
1.381399902343750000e+03 3.746017478564017867e-10
1.382699951171875000e+03 3.693858698830206969e-10
1.384000000000000000e+03 3.642789381387051627e-10
1.385299926757812500e+03 3.592778623487783199e-10
1.386599975585937500e+03 3.543797769858123426e-10
1.387900024414062500e+03 3.495814232146933809e-10
1.389200073242187500e+03 3.448808344969906419e-10
1.390500000000000000e+03 3.402749767448395209e-10
1.391800048828125000e+03 3.357612653648738005e-10
1.393099975585937500e+03 3.313372281373519374e-10
1.394400024414062500e+03 3.270005052161570629e-10
1.395699951171875000e+03 3.227488491287967758e-10
1.397000000000000000e+03 3.185799562159663119e-10
1.398299926757812500e+03 3.144917475656105139e-10
1.399599975585937500e+03 3.104820037986431364e-10
1.400900024414062500e+03 3.065488426568517500e-10
1.402199951171875000e+03 3.026901571347748869e-10
1.403500000000000000e+03 2.989042054412309478e-10
1.404799926757812500e+03 2.951890491311952953e-10
1.406099975585937500e+03 2.915430868805172120e-10
1.407399902343750000e+03 2.879643802441720087e-10
1.408699951171875000e+03 2.844514402716335389e-10
1.409999877929687500e+03 2.810025251717202550e-10
1.411299926757812500e+03 2.776161740873121141e-10
1.412599975585937500e+03 2.742905609470091017e-10
1.413900024414062500e+03 2.710247586684081844e-10
1.415200073242187500e+03 2.678170254603278145e-10
1.416500000000000000e+03 2.646660690260848316e-10
1.417800048828125000e+03 2.615705127887776600e-10
1.419099975585937500e+03 2.585290082649110346e-10
1.420400024414062500e+03 2.555403193446141065e-10
1.421699951171875000e+03 2.526032661048283377e-10
1.423000000000000000e+03 2.497166405290892417e-10
1.424299926757812500e+03 2.468792626943382289e-10
1.425599975585937500e+03 2.440900088643291763e-10
1.426900024414062500e+03 2.413478114896282204e-10
1.428199951171875000e+03 2.386516030208015494e-10
1.429500000000000000e+03 2.360003440018213523e-10
1.430799926757812500e+03 2.333930511634723876e-10
1.432099975585937500e+03 2.308287412365391296e-10
1.433399902343750000e+03 2.283064309518062853e-10
1.434699951171875000e+03 2.258252775070891590e-10
1.435999877929687500e+03 2.233843257265785356e-10
1.437299926757812500e+03 2.209827328080898230e-10
1.438599975585937500e+03 2.186194873890014172e-10
1.439900024414062500e+03 2.162940837880025681e-10
1.441200073242187500e+03 2.140055668292840866e-10
1.442500000000000000e+03 2.117531358507704846e-10
1.443800048828125000e+03 2.095360744706049220e-10
1.445099975585937500e+03 2.073535820267119624e-10
1.446400024414062500e+03 2.052049983240469736e-10
1.447699951171875000e+03 2.030895648406438045e-10
1.449000000000000000e+03 2.010066635215671081e-10
1.450299926757812500e+03 1.989555779849599149e-10
1.451599975585937500e+03 1.969356480357775928e-10
1.452900024414062500e+03 1.949462696657878726e-10
1.454199951171875000e+03 1.929868248200553039e-10
1.455500000000000000e+03 1.910567516304568768e-10
1.456799926757812500e+03 1.891554179953540373e-10
1.458099975585937500e+03 1.872822199065145679e-10
1.459399902343750000e+03 1.854366516826276409e-10
1.460699951171875000e+03 1.836181655022732466e-10
1.461999877929687500e+03 1.818262556841406090e-10
1.463300048828125000e+03 1.800601917996697585e-10
1.464599975585937500e+03 1.783198052884237352e-10
1.465900024414062500e+03 1.766044780954671662e-10
1.467200073242187500e+03 1.749136764460831458e-10
1.468500000000000000e+03 1.732469789391793131e-10
1.469800048828125000e+03 1.716038798934449180e-10
1.471099975585937500e+03 1.699839860011938069e-10
1.472400024414062500e+03 1.683868477679274893e-10
1.473699951171875000e+03 1.668120016524444486e-10
1.475000000000000000e+03 1.652590683937616090e-10
1.476299926757812500e+03 1.637276546841928431e-10
1.477599975585937500e+03 1.622173110292396086e-10
1.478900024414062500e+03 1.607276862613249855e-10
1.480199951171875000e+03 1.592584292128721314e-10
1.481500000000000000e+03 1.578091044360856079e-10
1.482799926757812500e+03 1.563793888567945988e-10
1.484099975585937500e+03 1.549689313074222618e-10
1.485399902343750000e+03 1.535773806203915737e-10
1.486699951171875000e+03 1.522043996748287956e-10
1.488000000000000000e+03 1.508495389762353854e-10
1.489300048828125000e+03 1.495127142443929019e-10
1.490599975585937500e+03 1.481934900315059840e-10
1.491900024414062500e+03 1.468915292167007121e-10
1.493199951171875000e+03 1.456065930060248406e-10
1.494500000000000000e+03 1.443383302319014238e-10
1.495800048828125000e+03 1.430864880536750865e-10
1.497099975585937500e+03 1.418507574438781165e-10
1.498400024414062500e+03 1.406308434217458793e-10
1.499699951171875000e+03 1.394265352867322591e-10
1.501000000000000000e+03 1.382375521047756735e-10
1.502299926757812500e+03 1.370636129418145918e-10
1.503599975585937500e+03 1.359044368637875606e-10
1.504899902343750000e+03 1.347598553102575168e-10
1.506199951171875000e+03 1.336295592537568257e-10
1.507500000000000000e+03 1.325133239470362936e-10
1.508799926757812500e+03 1.314109246428466494e-10
1.510099975585937500e+03 1.303221365939386220e-10
1.511399902343750000e+03 1.292467210063599916e-10
1.512699951171875000e+03 1.281844812262675911e-10
1.514000000000000000e+03 1.271351082261937857e-10
1.515300048828125000e+03 1.260985598660293161e-10
1.516599975585937500e+03 1.250745411650095995e-10
1.517900024414062500e+03 1.240628414225884168e-10
1.519199951171875000e+03 1.230632920783288857e-10
1.520500000000000000e+03 1.220756824316848647e-10
1.521800048828125000e+03 1.210998298755162901e-10
1.523099975585937500e+03 1.201354956158709422e-10
1.524400024414062500e+03 1.191825953725302766e-10
1.525699951171875000e+03 1.182408763048389440e-10
1.527000000000000000e+03 1.173101838990630882e-10
1.528299926757812500e+03 1.163903495947658140e-10
1.529599975585937500e+03 1.154812048315101617e-10
1.530899902343750000e+03 1.145825740255076583e-10
1.532199951171875000e+03 1.136943237330791291e-10
1.533500000000000000e+03 1.128162502770298808e-10
1.534799926757812500e+03 1.119482342603838296e-10
1.536099975585937500e+03 1.110901071227040025e-10
1.537399902343750000e+03 1.102417213736081084e-10
1.538700073242187500e+03 1.094028663125499925e-10
1.540000000000000000e+03 1.085735208694750253e-10
1.541300048828125000e+03 1.077535024372432338e-10
1.542599975585937500e+03 1.069426284087145931e-10
1.543900024414062500e+03 1.061408145036706363e-10
1.545199951171875000e+03 1.053478710916198386e-10
1.546500000000000000e+03 1.045637068689921940e-10
1.547800048828125000e+03 1.037881813687569502e-10
1.549099975585937500e+03 1.030211892406409974e-10
1.550400024414062500e+03 1.022625689475589665e-10
1.551699951171875000e+03 1.015122081158862349e-10
1.553000000000000000e+03 1.007700013953497446e-10
1.554299926757812500e+03 1.000358153422702305e-10
1.555599975585937500e+03 9.930955865307771248e-11
1.556899902343750000e+03 9.859107681403834729e-11
1.558199951171875000e+03 9.788029959163673290e-11
1.559500000000000000e+03 9.717710056554519465e-11
1.560799926757812500e+03 9.648138140884217483e-11
1.562099975585937500e+03 9.579300867784843402e-11
1.563399902343750000e+03 9.511190511569709587e-11
1.564700073242187500e+03 9.443790918530272654e-11
1.566000000000000000e+03 9.377102791001687787e-11
1.567300048828125000e+03 9.311111379945725848e-11
1.568599975585937500e+03 9.245805447999923282e-11
1.569900024414062500e+03 9.181176567142433388e-11
1.571199951171875000e+03 9.117214904681104271e-11
1.572500000000000000e+03 9.053914139599549614e-11
1.573800048828125000e+03 8.991260225194692879e-11
1.575099975585937500e+03 8.929247542785304226e-11
1.576400024414062500e+03 8.867867664349534370e-11
1.577699951171875000e+03 8.807110757195232710e-11
1.579000000000000000e+03 8.746969095635705143e-11
1.580299926757812500e+03 8.687432846978799775e-11
1.581599975585937500e+03 8.628496392543284180e-11
1.582899902343750000e+03 8.570150601972157769e-11
1.584199951171875000e+03 8.512384940238112167e-11
1.585500000000000000e+03 8.455196598000535687e-11
1.586799926757812500e+03 8.398575040232114785e-11
1.588099975585937500e+03 8.342513945916470900e-11
1.589400024414062500e+03 8.286998566015369724e-11
1.590700073242187500e+03 8.232035221545194989e-11
1.592000000000000000e+03 8.177609865802872742e-11
1.593300048828125000e+03 8.123714070766553698e-11
1.594599975585937500e+03 8.070345027095624878e-11
1.595900024414062500e+03 8.017491497427624015e-11
1.597199951171875000e+03 7.965147863081318685e-11
1.598500000000000000e+03 7.913309910045788124e-11
1.599799926757812500e+03 7.861969210299184342e-11
1.601099975585937500e+03 7.811120145160277497e-11
1.602400024414062500e+03 7.760755691277527382e-11
1.603699951171875000e+03 7.710870229969705450e-11
1.605000000000000000e+03 7.661458142555581861e-11
1.606299926757812500e+03 7.612513108018767714e-11
1.607599975585937500e+03 7.564029507678034461e-11
1.608899902343750000e+03 7.516001722852153554e-11
1.610199951171875000e+03 7.468421325519274419e-11
1.611500000000000000e+03 7.421287613344247040e-11
1.612799926757812500e+03 7.374589348964605275e-11
1.614099975585937500e+03 7.328327234715508187e-11
1.615400024414062500e+03 7.282487926229030543e-11
1.616700073242187500e+03 7.237074232845785325e-11
1.618000000000000000e+03 7.192079131214237494e-11
1.619300048828125000e+03 7.147496300318000734e-11
1.620599975585937500e+03 7.103320121475845205e-11
1.621900024414062500e+03 7.059546380676846266e-11
1.623199951171875000e+03 7.016169459239774077e-11
1.624500000000000000e+03 6.973185143153705288e-11
1.625799926757812500e+03 6.930589920742870441e-11
1.627099975585937500e+03 6.888376768655731915e-11
1.628400024414062500e+03 6.846543579886826741e-11
1.629699951171875000e+03 6.805084033419771188e-11
1.631000000000000000e+03 6.763993212908488016e-11
1.632299926757812500e+03 6.723269011347515549e-11
1.633599975585937500e+03 6.682905810055623948e-11
1.634899902343750000e+03 6.642897990351580789e-11
1.636199951171875000e+03 6.603244147565079580e-11
1.637499877929687500e+03 6.563938663014889189e-11
1.638799926757812500e+03 6.524976620354932375e-11
1.640099975585937500e+03 6.486353103239133191e-11
1.641400024414062500e+03 6.448067409332335159e-11
1.642700073242187500e+03 6.410116026958772699e-11
1.644000000000000000e+03 6.372492635102058202e-11
1.645300048828125000e+03 6.335193722086423504e-11
1.646599975585937500e+03 6.298216478571254330e-11
1.647900024414062500e+03 6.261556690545624747e-11
1.649199951171875000e+03 6.225210846333767881e-11
1.650500000000000000e+03 6.189175434259914275e-11
1.651799926757812500e+03 6.153446240313139286e-11
1.653099975585937500e+03 6.118021859823136426e-11
1.654400024414062500e+03 6.082895971773521961e-11
1.655699951171875000e+03 6.048067873829139416e-11
1.657000000000000000e+03 6.013531244973605059e-11
1.658299926757812500e+03 5.979286085206921475e-11
1.659599975585937500e+03 5.945327478183008838e-11
1.660899902343750000e+03 5.911651209890943799e-11
1.662199951171875000e+03 5.878256577995575052e-11
1.663499877929687500e+03 5.845137963815668879e-11
1.664799926757812500e+03 5.812294665016073328e-11
1.666099975585937500e+03 5.779720009412827074e-11
1.667400024414062500e+03 5.747415752843812908e-11
1.668700073242187500e+03 5.715375925460224045e-11
1.670000000000000000e+03 5.683599824926907885e-11
1.671300048828125000e+03 5.652082886065362841e-11
1.672599975585937500e+03 5.620822299534973347e-11
1.673900024414062500e+03 5.589816660665432266e-11
1.675199951171875000e+03 5.559061404278239948e-11
1.676500000000000000e+03 5.528555125703087966e-11
1.677799926757812500e+03 5.498293962096630560e-11
1.679099975585937500e+03 5.468276859956136249e-11
1.680400024414062500e+03 5.438500658773414459e-11
1.681699951171875000e+03 5.408960793369962955e-11
1.683000000000000000e+03 5.379658317248514514e-11
1.684299926757812500e+03 5.350588665230567549e-11
1.685599975585937500e+03 5.321749379143083439e-11
1.686899902343750000e+03 5.293137649645448557e-11
1.688199951171875000e+03 5.264752072067353826e-11
1.689499877929687500e+03 5.236590188235760628e-11
1.690800048828125000e+03 5.208647432972169958e-11
1.692099975585937500e+03 5.180924859779312009e-11
1.693400024414062500e+03 5.153419308148993621e-11
1.694699951171875000e+03 5.126126915237870331e-11
1.696000000000000000e+03 5.099047329878363253e-11
1.697300048828125000e+03 5.072177391562281816e-11
1.698599975585937500e+03 5.045516046786894534e-11
1.699900024414062500e+03 5.019059432708855004e-11
1.701199951171875000e+03 4.992806495825432390e-11
1.702500000000000000e+03 4.966754777963589363e-11
1.703799926757812500e+03 4.940902523285439255e-11
1.705099975585937500e+03 4.915247624785522331e-11
1.706400024414062500e+03 4.889787624290799325e-11
1.707699951171875000e+03 4.864521468298540044e-11
1.709000000000000000e+03 4.839445996300550685e-11
1.710299926757812500e+03 4.814561559464409486e-11
1.711599975585937500e+03 4.789863241444039853e-11
1.712899902343750000e+03 4.765351042239439845e-11
1.714199951171875000e+03 4.741022503677573429e-11
1.715500000000000000e+03 4.716874465250246154e-11
1.716800048828125000e+03 4.692907980460190149e-11
1.718099975585937500e+03 4.669119888799212255e-11
1.719400024414062500e+03 4.645509487932159875e-11
1.720699951171875000e+03 4.622072915015685312e-11
1.722000000000000000e+03 4.598809818882212267e-11
1.723300048828125000e+03 4.575719146029009901e-11
1.724599975585937500e+03 4.552796682445154867e-11
1.725900024414062500e+03 4.530043481633378647e-11
1.727199951171875000e+03 4.507456383085488083e-11
1.728500000000000000e+03 4.485034333298753631e-11
1.729799926757812500e+03 4.462775225267712324e-11
1.731099975585937500e+03 4.440678356657210915e-11
1.732399902343750000e+03 4.418741620461788377e-11
1.733699951171875000e+03 4.396963260843558689e-11
1.735000000000000000e+03 4.375342224299792305e-11
1.736299926757812500e+03 4.353876754992604496e-11
1.737599975585937500e+03 4.332565448251686834e-11
1.738899902343750000e+03 4.311406548239155236e-11
1.740199951171875000e+03 4.290399352619855810e-11
1.741499877929687500e+03 4.269541754388327527e-11
1.742799926757812500e+03 4.248831997706684368e-11
1.744099853515625000e+03 4.228269731407350677e-11
1.745399902343750000e+03 4.207852848484863488e-11
1.746699951171875000e+03 4.187579944268916957e-11
1.747999877929687500e+03 4.167450316424355900e-11
1.749299926757812500e+03 4.147462560280873179e-11
1.750599853515625000e+03 4.127613866497853229e-11
1.751899902343750000e+03 4.107904937410449295e-11
1.753199829101562500e+03 4.088333666013200995e-11
1.754500122070312500e+03 4.068895135960031088e-11
1.755800048828125000e+03 4.049594965932170060e-11
1.757100097656250000e+03 4.030428941918693916e-11
1.758400024414062500e+03 4.011395659249296164e-11
1.759700073242187500e+03 3.992493010918515131e-11
1.761000000000000000e+03 3.973720294591196925e-11
1.762300048828125000e+03 3.955077861434918491e-11
1.763600097656250000e+03 3.936562550941486672e-11
1.764900024414062500e+03 3.918174011943325814e-11
1.766200073242187500e+03 3.899911190937704433e-11
1.767500000000000000e+03 3.881772332086738447e-11
1.768800048828125000e+03 3.863757084222848972e-11
1.770099975585937500e+03 3.845863691508153863e-11
1.771400024414062500e+03 3.828091100439921638e-11
1.772699951171875000e+03 3.810439311018151003e-11
1.774000000000000000e+03 3.792906216237382222e-11
1.775300048828125000e+03 3.775490060259729921e-11
1.776599975585937500e+03 3.758190843085193453e-11
1.777900024414062500e+03 3.741007862378619574e-11
1.779199951171875000e+03 3.723939713469701145e-11
1.780500000000000000e+03 3.706985342855706684e-11
1.781799926757812500e+03 3.690143345866327761e-11
1.783099975585937500e+03 3.673413020166412424e-11
1.784399902343750000e+03 3.656793312253227896e-11
1.785699951171875000e+03 3.640283519791622224e-11
1.787000000000000000e+03 3.623882940446439579e-11
1.788299926757812500e+03 3.607589467212220225e-11
1.789599975585937500e+03 3.591403451256539814e-11
1.790899902343750000e+03 3.575322785573937964e-11
1.792199951171875000e+03 3.559347470164413384e-11
1.793499877929687500e+03 3.543476802692812181e-11
1.794799926757812500e+03 3.527708676153674619e-11
1.796099853515625000e+03 3.512043090546998115e-11
1.797399902343750000e+03 3.496479694705208306e-11
1.798699951171875000e+03 3.481016030455265280e-11
1.799999877929687500e+03 3.465651746629592737e-11
1.801299926757812500e+03 3.450387194395766332e-11
1.802599853515625000e+03 3.435220266748326327e-11
1.803899902343750000e+03 3.420150963687270137e-11
1.805200073242187500e+03 3.405175071201677646e-11
1.806500122070312500e+03 3.390297505637624801e-11
1.807800048828125000e+03 3.375514755319340852e-11
1.809100097656250000e+03 3.360825766744096900e-11
1.810400024414062500e+03 3.346230188744315353e-11
1.811700073242187500e+03 3.331726967817265374e-11
1.813000000000000000e+03 3.317315401627792426e-11
1.814300048828125000e+03 3.302994436673166962e-11
1.815599975585937500e+03 3.288763721785812039e-11
1.816900024414062500e+03 3.274622203462995525e-11
1.818200073242187500e+03 3.260569179369564822e-11
1.819500000000000000e+03 3.246604298337942338e-11
1.820800048828125000e+03 3.232726506865397881e-11
1.822099975585937500e+03 3.218934751449199969e-11
1.823400024414062500e+03 3.205229734424503138e-11
1.824699951171875000e+03 3.191608295283114877e-11
1.826000000000000000e+03 3.178072189862919269e-11
1.827299926757812500e+03 3.164618959990877693e-11
1.828599975585937500e+03 3.151250010337299225e-11
1.829900024414062500e+03 3.137961829226413761e-11
1.831199951171875000e+03 3.124755470160952137e-11
1.832500000000000000e+03 3.111630933140913709e-11
1.833799926757812500e+03 3.098585408825684201e-11
1.835099975585937500e+03 3.085620301885570752e-11
1.836399902343750000e+03 3.072733856482688632e-11
1.837699951171875000e+03 3.059925370281883949e-11
1.838999877929687500e+03 3.047194843283157350e-11
1.840299926757812500e+03 3.034542275486507543e-11
1.841599975585937500e+03 3.021965559886474791e-11
1.842899902343750000e+03 3.009463994147903264e-11
1.844199951171875000e+03 2.997038280605948792e-11
1.845499877929687500e+03 2.984687014590301655e-11
1.846799926757812500e+03 2.972409844933386197e-11
1.848099853515625000e+03 2.960206420467625474e-11
1.849399902343750000e+03 2.948075687690288649e-11
1.850699829101562500e+03 2.936017295433798775e-11
1.851999877929687500e+03 2.924030365779212518e-11
1.853299926757812500e+03 2.912115601061685064e-11
1.854599853515625000e+03 2.900270016356812049e-11
1.855900024414062500e+03 2.888493436080805323e-11
1.857200073242187500e+03 2.876787967239125916e-11
1.858500122070312500e+03 2.865152029577677571e-11
1.859800048828125000e+03 2.853584042842364679e-11
1.861100097656250000e+03 2.842083831449398766e-11
1.862400024414062500e+03 2.830650868647413768e-11
1.863700073242187500e+03 2.819284803268833385e-11
1.865000000000000000e+03 2.807985635313657617e-11
1.866300048828125000e+03 2.796751608944001412e-11
1.867599975585937500e+03 2.785583075327442040e-11
1.868900024414062500e+03 2.774479332128825607e-11
1.870200073242187500e+03 2.763439852596786697e-11
1.871500000000000000e+03 2.752464812315113459e-11
1.872800048828125000e+03 2.741552455445921809e-11
1.874099975585937500e+03 2.730702957572999898e-11
1.875400024414062500e+03 2.719915791944981984e-11
1.876699951171875000e+03 2.709191134145657510e-11
1.878000000000000000e+03 2.698527052753352303e-11
1.879299926757812500e+03 2.687924425687009376e-11
1.880599975585937500e+03 2.677382023860109740e-11
1.881900024414062500e+03 2.666899847272652426e-11
1.883199951171875000e+03 2.656477369173272663e-11
1.884500000000000000e+03 2.646113360475450816e-11
1.885799926757812500e+03 2.635808874681918369e-11
1.887099975585937500e+03 2.625561980371001475e-11
1.888399902343750000e+03 2.615373555461643143e-11
1.889699951171875000e+03 2.605242019699746795e-11
1.890999877929687500e+03 2.595167373085312431e-11
1.892299926757812500e+03 2.585149440034551578e-11
1.893599975585937500e+03 2.575188044963675763e-11
1.894899902343750000e+03 2.565281607618589053e-11
1.896199951171875000e+03 2.555431005918233490e-11
1.897499877929687500e+03 2.545635361943667031e-11
1.898799926757812500e+03 2.535893622192158518e-11
1.900099853515625000e+03 2.526206313415073691e-11
1.901399902343750000e+03 2.516572557693469863e-11
1.902699829101562500e+03 2.506992003859770411e-11
1.903999877929687500e+03 2.497464827497763808e-11
1.905299926757812500e+03 2.487989448353354445e-11
1.906600097656250000e+03 2.478564988507598664e-11
1.907900024414062500e+03 2.469194432884901151e-11
1.909200073242187500e+03 2.459874445393280922e-11
1.910500000000000000e+03 2.450605377200315244e-11
1.911800048828125000e+03 2.441387228306003472e-11
1.913100097656250000e+03 2.432219647542769629e-11
1.914400024414062500e+03 2.423101581407881908e-11
1.915700073242187500e+03 2.414033029901340634e-11
1.917000000000000000e+03 2.405013817439358301e-11
1.918300048828125000e+03 2.396043592854356350e-11
1.919599975585937500e+03 2.387121302643604911e-11
1.920900024414062500e+03 2.378247649142258200e-11
1.922199951171875000e+03 2.369422105598950151e-11
1.923500000000000000e+03 2.360642916175796359e-11
1.924800048828125000e+03 2.351911836710681230e-11
1.926099975585937500e+03 2.343227111365720681e-11
1.927400024414062500e+03 2.334588740140914065e-11
1.928699951171875000e+03 2.325996723036262030e-11
1.930000000000000000e+03 2.317450533300398510e-11
1.931299926757812500e+03 2.308949644181958732e-11
1.932599975585937500e+03 2.300494055680942374e-11
1.933899902343750000e+03 2.292083065462195544e-11
1.935199951171875000e+03 2.283716849109507038e-11
1.936500000000000000e+03 2.275394704287722318e-11
1.937799926757812500e+03 2.267116455413053881e-11
1.939099975585937500e+03 2.258881751317924135e-11
1.940399902343750000e+03 2.250690592002333079e-11
1.941699951171875000e+03 2.242542450714915619e-11
1.942999877929687500e+03 2.234436800704306012e-11
1.944299926757812500e+03 2.226373641970504581e-11
1.945599853515625000e+03 2.218352623345934381e-11
1.946899902343750000e+03 2.210373042495441198e-11
1.948199951171875000e+03 2.202435601754179568e-11
1.949499877929687500e+03 2.194539072035629535e-11
1.950799926757812500e+03 2.186683453339791423e-11
1.952099853515625000e+03 2.178868394499088286e-11
1.953399902343750000e+03 2.171094246681097070e-11
1.954699829101562500e+03 2.163359956383086936e-11
1.955999877929687500e+03 2.155665348021269736e-11
1.957300048828125000e+03 2.148009192509125837e-11
1.958600097656250000e+03 2.140393421268328116e-11
1.959900024414062500e+03 2.132816980796146382e-11
1.961200073242187500e+03 2.125279168757426745e-11
1.962500000000000000e+03 2.117779985152168558e-11
1.963800048828125000e+03 2.110318903229007048e-11
1.965100097656250000e+03 2.102895747404153743e-11
1.966400024414062500e+03 2.095510342093819523e-11
1.967700073242187500e+03 2.088162862881793831e-11
1.969000000000000000e+03 2.080852431849133657e-11
1.970300048828125000e+03 2.073578522244473580e-11
1.971599975585937500e+03 2.066341660819179344e-11
1.972900024414062500e+03 2.059141496405674002e-11
1.974199951171875000e+03 2.051977502252592136e-11
1.975500000000000000e+03 2.044849853943721895e-11
1.976800048828125000e+03 2.037757146808755820e-11
1.978099975585937500e+03 2.030700434350425071e-11
1.979400024414062500e+03 2.023679014233574787e-11
1.980699951171875000e+03 2.016692535290629314e-11
1.982000000000000000e+03 2.009741173105375834e-11
1.983299926757812500e+03 2.002824049758873275e-11
1.984599975585937500e+03 1.995941692002486084e-11
1.985899902343750000e+03 1.989093573084849168e-11
1.987199951171875000e+03 1.982278815087020161e-11
1.988500000000000000e+03 1.975498295927941429e-11
1.989799926757812500e+03 1.968750786521093660e-11
1.991099975585937500e+03 1.962037164785419542e-11
1.992399902343750000e+03 1.955356026050610970e-11
1.993699951171875000e+03 1.948708072651822157e-11
1.994999877929687500e+03 1.942092602253898566e-11
1.996299926757812500e+03 1.935509614856840844e-11
1.997599853515625000e+03 1.928958759293072044e-11
1.998899902343750000e+03 1.922439859978803371e-11
