5.273275791230387644e-03
5.286154947965937025e-03
5.293198117560597368e-03
5.298092530948976531e-03
5.301876147093488069e-03
5.304998088988763412e-03
5.307638466074032606e-03
5.309946813977430881e-03
5.311998687097042524e-03
5.313877127168784888e-03
5.315589882969218478e-03
5.317146133429546950e-03
5.318599289910622661e-03
5.319949869454893530e-03
5.321197826539344512e-03
5.322419586838102526e-03
5.323556626273635503e-03
5.324629905504747567e-03
5.325671234173485862e-03
5.326635099078299088e-03
5.327582102620333215e-03
5.328489050251138809e-03
5.329352554479505587e-03
5.330203314692019342e-03
5.331000845860538531e-03
5.331781408743420034e-03
5.332544753947361833e-03
5.333277509587803361e-03
5.333991106717509562e-03
5.334680511216813303e-03
5.335349390323792899e-03
5.336007039886275088e-03
5.336636460421355192e-03
5.337242613304996053e-03
5.337852505212832208e-03
5.338444268264412769e-03
5.339011071109067696e-03
5.339570301070102089e-03
5.340122113347040185e-03
5.340655779704726706e-03
5.341175481946103774e-03
5.341694244736695449e-03
5.342203400984077769e-03
5.342702730583290434e-03
5.343198807940248082e-03
5.343676244573065254e-03
5.344153954360845483e-03
5.344613936135147493e-03
5.345086067116726868e-03
5.345534091818707027e-03
5.345970030868031457e-03
5.346405988193665172e-03
5.346833970636625383e-03
5.347258074372404635e-03
5.347683866686447213e-03
5.348096346974461415e-03
5.348499601756409941e-03
5.348892386637329847e-03
5.349285821946973656e-03
5.349668203100176565e-03
5.350045963822103179e-03
5.350421643577839628e-03
5.350793792837856520e-03
5.351160036076158324e-03
5.351519638842234215e-03
5.351879387343085048e-03
5.352234847518297714e-03
5.352579359606469273e-03
5.352936607738562579e-03
5.353278823503246873e-03
5.353626914230157074e-03
5.353970150779430170e-03
5.354307353006108709e-03
5.354640141174624862e-03
5.354964868260854091e-03
5.355293318981276841e-03
5.355611981344222602e-03
5.355924026216839218e-03
5.356232067979850749e-03
5.356537666445090710e-03
5.356845444604955986e-03
5.357143126458834698e-03
5.357439544202265147e-03
5.357731773730116560e-03
5.358025007591678789e-03
5.358316116280482759e-03
5.358602389965269781e-03
5.358891341980523068e-03
5.359184416514221026e-03
5.359471956725730957e-03
5.359753898681429707e-03
5.360033073468700900e-03
5.360308947308149718e-03
5.360580843946468471e-03
5.360848180255538449e-03
5.361120083929575564e-03
5.361384003237705531e-03
5.361651571626754008e-03
5.361917748233787327e-03
5.362180593741446011e-03
5.362436551847852076e-03
5.362696472385784265e-03
5.362958174061649777e-03
5.363206764544324254e-03
5.363459829837112329e-03
5.363709538952535737e-03
5.363958677694433824e-03
5.364205407765825807e-03
5.364454080338671750e-03
5.364695959703921421e-03
5.364938359843699628e-03
5.365181379483704993e-03
5.365418523904026335e-03
5.365654445485138445e-03
5.365892541447498526e-03
5.366128575201792837e-03
5.366357277806563762e-03
5.366591187468436157e-03
5.366817668147217529e-03
5.367046709407415940e-03
5.367271366960748094e-03
5.367499385260500119e-03
5.367719301857351577e-03
5.367940306325077147e-03
5.368161033268179644e-03
5.368380199172936677e-03
5.368595158005907281e-03
5.368810507193125942e-03
5.369033707616896987e-03
5.369250250536451718e-03
5.369462476284183293e-03
5.369676517291200636e-03
5.369887523983437640e-03
5.370103495379148495e-03
5.370313122857430649e-03
5.370525926808589201e-03
5.370735442694466767e-03
5.370945318558514002e-03
5.371152511289974466e-03
5.371356736696604635e-03
5.371558839070994344e-03
5.371760337415798156e-03
5.371960981589220772e-03
5.372163686761850625e-03
5.372361319275638022e-03
5.372560253684945629e-03
5.372758162775993253e-03
5.372957812472716095e-03
5.373151983631330522e-03
5.373345675104231056e-03
5.373540454666955561e-03
5.373734166116080763e-03
5.373927945821613435e-03
5.374117404240825145e-03
5.374313579950985159e-03
5.374505448454806184e-03
5.374693194414254492e-03
5.374884348246874825e-03
5.375071625497846589e-03
5.375259987393271599e-03
5.375443421611849314e-03
5.375628988472209817e-03
5.375816240917084300e-03
5.376005959241071663e-03
5.376189575135995220e-03
5.376370799581324002e-03
5.376553122566066732e-03
5.376736467756487205e-03
5.376918072875731987e-03
5.377103544396025919e-03
5.377283226720903399e-03
5.377460820598546284e-03
5.377641934945895721e-03
5.377821257204466569e-03
5.377999154829640922e-03
5.378179677809758266e-03
5.378354551004336029e-03
5.378531011240456246e-03
5.378704058806005849e-03
5.378880154178975956e-03
5.379053798974351916e-03
5.379224491142632798e-03
5.379397738112698737e-03
5.379568466923344977e-03
5.379740130699701105e-03
5.379912218639213220e-03
5.380084791647548985e-03
5.380254392205280518e-03
5.380423709717943766e-03
5.380592854105292581e-03
5.380758491641860278e-03
5.380920738764518284e-03
5.381088551299556370e-03
5.381253529456986838e-03
5.381419206535552682e-03
5.381586747555905034e-03
5.381752289429310443e-03
5.381915045551886184e-03
5.382082241018147986e-03
5.382245386174147259e-03
5.382405574827490123e-03
5.382567859769791380e-03
5.382729744165510623e-03
5.382888164084321386e-03
5.383047116044393891e-03
5.383207451091985042e-03
5.383366776979966149e-03
5.383526216995707450e-03
5.383687963096933649e-03
5.383844904956774056e-03
5.384002867738098969e-03
5.384160494767913953e-03
5.384320051675047653e-03
5.384479090671253666e-03
5.384634364842251150e-03
5.384786874425740930e-03
5.384941457869638765e-03
5.385095729191265862e-03
5.385248570479057688e-03
5.385402325791164083e-03
5.385555774126747283e-03
5.385707936633693342e-03
5.385860544038942495e-03
5.386010480274125260e-03
5.386162213655463007e-03
5.386312224713177624e-03
5.386464468086094720e-03
5.386616070179596830e-03
5.386766216569181288e-03
5.386915276458479306e-03
5.387065391235313153e-03
5.387215861888439844e-03
5.387366574296055359e-03
5.387518393744837077e-03
5.387665591551482960e-03
5.387813501450891204e-03
5.387958134916715804e-03
5.388104962931105843e-03
5.388252557619236868e-03
5.388398128955494693e-03
5.388545658935519657e-03
5.388692168220939396e-03
5.388839122587685097e-03
5.388983378385825244e-03
5.389128875487619874e-03
5.389273333562674857e-03
5.389418828481263614e-03
5.389563663976740769e-03
5.389708115875055210e-03
5.389853606718163562e-03
5.389998658408833541e-03
5.390143427716180199e-03
5.390284702368236015e-03
5.390423217659990815e-03
5.390565014987941383e-03
5.390709254189287279e-03
5.390850200831009791e-03
5.390992194004758271e-03
5.391134260887547359e-03
5.391274491794402664e-03
5.391417010991828018e-03
5.391556914285236535e-03
5.391696091149276136e-03
5.391833776994830844e-03
5.391973581012580487e-03
5.392112454910310930e-03
5.392249520706176961e-03
5.392388690371076841e-03
5.392526459947566929e-03
5.392666092824879680e-03
5.392802997981612639e-03
5.392939039317976198e-03
5.393077171255001960e-03
5.393214106583163643e-03
5.393350933826179458e-03
5.393487404306493427e-03
5.393624230627659839e-03
5.393759938620478790e-03
5.393896824659673468e-03
5.394031055315094171e-03
5.394167212069546011e-03
5.394303309411975673e-03
5.394437055537431615e-03
5.394572579066112157e-03
5.394707713875105184e-03
5.394842850986359892e-03
5.394976109629308347e-03
5.395110659400435132e-03
5.395245533138129032e-03
5.395377295907525725e-03
5.395509597757097014e-03
5.395642740347750092e-03
5.395777199131361612e-03
5.395909945196018624e-03
5.396043921640452865e-03
5.396175449515031551e-03
5.396309750196182260e-03
5.396440354976075188e-03
5.396571775560451110e-03
5.396703795543375190e-03
5.396836584447832486e-03
5.396969435483633254e-03
5.397098877025889758e-03
5.397228800625986957e-03
5.397360913185810308e-03
5.397491197181082147e-03
5.397623897402016244e-03
5.397753532573146967e-03
5.397880086333366537e-03
5.398007639369792159e-03
5.398137270074605809e-03
5.398265544354257164e-03
5.398394018811550343e-03
5.398524551884139981e-03
5.398655768834803581e-03
5.398784502493902612e-03
5.398910660997748544e-03
5.399039571296057778e-03
5.399167481031086346e-03
5.399297830528432436e-03
5.399426438838028121e-03
5.399552264228759703e-03
5.399679669317119200e-03
5.399805454114148771e-03
5.399930546677398496e-03
5.400057002350268191e-03
5.400181684183201838e-03
5.400307440143361018e-03
5.400433326459748613e-03
5.400559705065637907e-03
5.400683337072139170e-03
5.400808610952261869e-03
5.400936643827314657e-03
5.401059317447646883e-03
5.401183962868912579e-03
5.401309769101495135e-03
5.401435773556452838e-03
5.401561271795265150e-03
5.401684050969375768e-03
5.401807777479846785e-03
5.401931699446356309e-03
5.402055552067077174e-03
5.402181048389935111e-03
5.402302974263164387e-03
5.402426663983469005e-03
5.402550885165071336e-03
5.402674617671385932e-03
5.402796786689164840e-03
5.402921728545085137e-03
5.403045867552178950e-03
5.403167950795415876e-03
5.403289018160954867e-03
5.403413295937336408e-03
5.403537387795985351e-03
5.403661739033308216e-03
5.403785558447064125e-03
5.403904550672489551e-03
5.404029717225076503e-03
5.404153600303994963e-03
5.404273938783801801e-03
5.404397400616245059e-03
5.404518019688431957e-03
5.404643083384182145e-03
5.404762654145369404e-03
5.404885944120663491e-03
5.405009738917960355e-03
5.405134118321861664e-03
5.405256511550719095e-03
5.405379176734311300e-03
5.405499878427397036e-03
5.405621270814350322e-03
5.405740781004968187e-03
5.405861123399270489e-03
5.405982500879378920e-03
5.406101435182539272e-03
5.406221729925565420e-03
5.406341460626806934e-03
5.406460496670212855e-03
5.406579021915283723e-03
5.406698146784004802e-03
5.406818089974603156e-03
5.406935221997105460e-03
5.407054964343720876e-03
5.407176541147127626e-03
5.407295053720371364e-03
5.407416087787371949e-03
5.407536354256775937e-03
5.407654658608533615e-03
5.407774251503500058e-03
5.407892581433877688e-03
5.408009212351871410e-03
5.408127296603378563e-03
5.408246445737389073e-03
5.408363487566696451e-03
5.408482097123140306e-03
5.408600442860957494e-03
5.408717902153954357e-03
5.408837155205682180e-03
5.408958226707924304e-03
5.409076000599115017e-03
5.409194021080236496e-03
5.409311969289208773e-03
5.409432209240177744e-03
5.409547377151684676e-03
5.409666998604872878e-03
5.409785531953713138e-03
5.409903470285958374e-03
5.410021988522629305e-03
5.410140926623170470e-03
5.410259383663362960e-03
5.410377638234502642e-03
5.410494218554896470e-03
5.410612135232201712e-03
5.410729592265006542e-03
5.410847749135235495e-03
5.410963852090795896e-03
5.411080465721712467e-03
5.411195236140150557e-03
5.411311402073933421e-03
5.411429655535542234e-03
5.411548527381392429e-03
5.411664363988390701e-03
5.411780077968927037e-03
5.411896925296166318e-03
5.412013458657518455e-03
5.412129749017930910e-03
5.412245882453323512e-03
5.412360975737354370e-03
5.412478239207969485e-03
5.412594674344098529e-03
5.412710619762746596e-03
5.412830101253712431e-03
5.412947361132933871e-03
5.413065685504868906e-03
5.413182037004226829e-03
5.413298668203974338e-03
5.413414562061132952e-03
5.413528436040426772e-03
5.413641759350212336e-03
5.413758370891773308e-03
5.413873173471544023e-03
5.413987748654063535e-03
5.414103582602097613e-03
5.414219752142858909e-03
5.414334225553382209e-03
5.414449220287827907e-03
5.414564111442980894e-03
5.414678681515227091e-03
5.414792925659201936e-03
5.414906967946248040e-03
5.415020678077966595e-03
5.415138822719329191e-03
5.415253343421053828e-03
5.415369647167368045e-03
5.415482534497822846e-03
5.415595911297985468e-03
5.415712624193625216e-03
5.415826474747772665e-03
5.415941287223259570e-03
5.416055375294135527e-03
5.416170496667628564e-03
5.416285602434125872e-03
5.416400061381410405e-03
5.416516338786759623e-03
5.416631218821072249e-03
5.416746328124855472e-03
5.416861128982861096e-03
5.416974499702820536e-03
5.417087759418601038e-03
5.417203262201599617e-03
5.417316170794392663e-03
5.417431832257625993e-03
5.417547084363432026e-03
5.417659001033000091e-03
5.417773221057142069e-03
5.417887437102634172e-03
5.418000307844089702e-03
5.418113285543277834e-03
5.418228911987284062e-03
5.418341130411422242e-03
5.418454238863760000e-03
5.418569269769285719e-03
5.418682020361744595e-03
5.418796686928815942e-03
5.418911717239155434e-03
5.419025466383241979e-03
5.419136461646508092e-03
5.419247207938294487e-03
5.419363437204931071e-03
5.419478820649290852e-03
5.419590601831432083e-03
5.419706832423654141e-03
5.419822154116131670e-03
5.419936499307576386e-03
5.420049895001107648e-03
5.420162956409934826e-03
5.420275256310326702e-03
5.420388520078664972e-03
5.420503786123692311e-03
5.420617478153780429e-03
5.420730477342957168e-03
5.420843542174371213e-03
5.420958023565547977e-03
5.421070289429929731e-03
5.421183316882778255e-03
5.421298605468602080e-03
5.421410427117264938e-03
5.421525167642855282e-03
5.421641808724367469e-03
5.421756130324163585e-03
5.421870927528435642e-03
5.421984444381849379e-03
5.422098160834040725e-03
5.422213898092130557e-03
5.422326445690774099e-03
5.422440350021822883e-03
5.422557247112165524e-03
5.422673325647544770e-03
5.422787004682297178e-03
5.422902879985723457e-03
5.423018548217419313e-03
5.423132895222711712e-03
5.423247605681814562e-03
5.423363182731961128e-03
5.423477562394825487e-03
5.423592322576593558e-03
5.423707635403609770e-03
5.423820963580005053e-03
5.423935297067775281e-03
5.424047224909051869e-03
5.424160567847876278e-03
5.424275476398612503e-03
5.424388958310389849e-03
5.424502899954350942e-03
5.424619662168913767e-03
5.424734213357154493e-03
5.424848791732700577e-03
5.424963960825883794e-03
5.425079901568928206e-03
5.425193919198212367e-03
5.425309402871529227e-03
5.425427001512625122e-03
5.425541229924400570e-03
5.425655964473108731e-03
5.425770429245920824e-03
5.425884086036180526e-03
5.425999502499479453e-03
5.426114738168141306e-03
5.426231274025740577e-03
5.426348566641393638e-03
5.426461708759257492e-03
5.426576639978903001e-03
5.426693723127747580e-03
5.426806554819048507e-03
5.426923869588679006e-03
5.427038551693676334e-03
5.427155181379779599e-03
5.427271247675264851e-03
5.427387101669313256e-03
5.427499522756977154e-03
5.427614185466480591e-03
5.427729769384627249e-03
5.427843627035918751e-03
5.427960046562176760e-03
5.428076010019307861e-03
5.428193594659421091e-03
5.428310375834410027e-03
5.428425192564934228e-03
5.428540427024300397e-03
5.428658000492895923e-03
5.428774223535152120e-03
5.428889825695819987e-03
5.429006515416022471e-03
5.429122753919365940e-03
5.429240893134156150e-03
5.429355594429491165e-03
5.429472097671038215e-03
5.429587742247751585e-03
5.429704070116720196e-03
5.429818646251193502e-03
5.429934559624732815e-03
5.430051545592295276e-03
5.430170309364357704e-03
5.430286295606604613e-03
5.430404947306193345e-03
5.430522070402555440e-03
5.430637220210111742e-03
5.430753057220755881e-03
5.430869179808237371e-03
5.430988358207089299e-03
5.431105421623249642e-03
5.431222904148314684e-03
5.431340427344970821e-03
5.431457406772662207e-03
5.431572831161125131e-03
5.431689859071015675e-03
5.431808113605762593e-03
5.431925894332241718e-03
5.432043110401482341e-03
5.432161137868310972e-03
5.432282129134038615e-03
5.432401642519701403e-03
5.432520062264582957e-03
5.432638979518315467e-03
5.432756113240306411e-03
5.432872613592413039e-03
5.432992508705341943e-03
5.433112999929293370e-03
5.433231531800188259e-03
5.433350188535728681e-03
5.433469470122074749e-03
5.433588161150415541e-03
5.433708151913901364e-03
5.433826555365939108e-03
5.433942287695791434e-03
5.434064464810234307e-03
5.434184057627659478e-03
5.434301467439622488e-03
5.434421663155949468e-03
5.434542538944947369e-03
5.434663149496100562e-03
5.434783366443540764e-03
5.434902590954425287e-03
5.435020717409856823e-03
5.435142163939329571e-03
5.435261622218860028e-03
5.435381501565765897e-03
5.435500308235180662e-03
5.435620760085385639e-03
5.435740585888378280e-03
5.435861087603597284e-03
5.435981000873499509e-03
5.436102618409524925e-03
5.436223834996628708e-03
5.436343712071836122e-03
5.436464014207872952e-03
5.436584416040146292e-03
5.436708536662709229e-03
5.436830816975687757e-03
5.436951780319213522e-03
5.437075259747603181e-03
5.437194040486938683e-03
5.437317186626372013e-03
5.437444374827157638e-03
5.437566696470969886e-03
5.437689588110886270e-03
5.437810672928197059e-03
5.437935529409824650e-03
5.438058299577519863e-03
5.438181776185383592e-03
5.438307298976550845e-03
5.438429301019784452e-03
5.438552215307243531e-03
5.438673358640565801e-03
5.438796734194588020e-03
5.438920404404102953e-03
5.439045319705893694e-03
5.439169803427516998e-03
5.439292544557029763e-03
5.439415819444961935e-03
5.439539759757987605e-03
5.439664640330095675e-03
5.439788080060811368e-03
5.439911461871430390e-03
5.440034204801126420e-03
5.440159104647850248e-03
5.440284424594698034e-03
5.440413597556433001e-03
5.440541642056618069e-03
5.440666844054880061e-03
5.440790585568781867e-03
5.440917742072570902e-03
5.441042850417012085e-03
5.441169340616227972e-03
5.441295373200517003e-03
5.441420565743078884e-03
5.441546216208899972e-03
5.441674979838031535e-03
5.441800921097235920e-03
5.441930014387052518e-03
5.442055751025416666e-03
5.442183642653570727e-03
5.442309696110526201e-03
5.442438700012098597e-03
5.442566707654854230e-03
5.442693858159951270e-03
5.442823320794011425e-03
5.442949920225435660e-03
5.443078499246642790e-03
5.443205089701477588e-03
5.443332886108103071e-03
5.443461603995801423e-03
5.443591886046113444e-03
5.443722172437143354e-03
5.443850734828647661e-03
5.443981749041249679e-03
5.444111264580554256e-03
5.444240911481029906e-03
5.444370090333167621e-03
5.444498005092696102e-03
5.444629355263904541e-03
5.444758321498331492e-03
5.444892265697446471e-03
5.445026176512008514e-03
5.445156783071712983e-03
5.445288451562987908e-03
5.445421414852796849e-03
5.445553391560591788e-03
5.445686912976779176e-03
5.445819669536908735e-03
5.445953513125709362e-03
5.446088172282123434e-03
5.446219447206258543e-03
5.446353617952384707e-03
5.446487235769463704e-03
5.446623732169690590e-03
5.446756769197290578e-03
5.446890754548959143e-03
5.447028164423403304e-03
5.447162292259377474e-03
5.447295961330903338e-03
5.447427806286595127e-03
5.447563046015037151e-03
5.447699486337478393e-03
5.447837938165108612e-03
5.447974205212337100e-03
5.448113633862839041e-03
5.448251632662108775e-03
5.448390565454322258e-03
5.448526546409546492e-03
5.448667013067415993e-03
5.448805401357574921e-03
5.448944767925071458e-03
5.449082866697843759e-03
5.449222443485440305e-03
5.449360610836106837e-03
5.449500215194151044e-03
5.449638720501354464e-03
5.449775642695995834e-03
5.449915060191917043e-03
5.450054465572518221e-03
5.450195095861453017e-03
5.450334348010938031e-03
5.450474383438916326e-03
5.450615074832303349e-03
5.450756811948851213e-03
5.450898597475196949e-03
5.451039300269230892e-03
5.451180848665290735e-03
5.451319658862362715e-03
5.451463098587302526e-03
5.451604433170856474e-03
5.451751241447064938e-03
5.451894926942746182e-03
5.452039529126269379e-03
5.452186113829446228e-03
5.452333853447821274e-03
5.452478986715070947e-03
5.452623818181808954e-03
5.452765577310490254e-03
5.452912450558193048e-03
5.453059002464864802e-03
5.453204771747988990e-03
5.453353999453606007e-03
5.453501776363067072e-03
5.453651328124843600e-03
5.453799722391304387e-03
5.453946622211209953e-03
5.454098724883492746e-03
5.454248216892145819e-03
5.454401073213213484e-03
5.454552490860130852e-03
5.454704598214189445e-03
5.454858430010774313e-03
5.455013212001038128e-03
5.455161876069519918e-03
5.455316291894393189e-03
5.455468099394927828e-03
5.455622882122658154e-03
5.455774797981136938e-03
5.455927392782706706e-03
5.456082626611321977e-03
5.456236989036192947e-03
5.456392864830601243e-03
5.456546726246753326e-03
5.456697777755638475e-03
5.456852044423337288e-03
5.457005600764284689e-03
5.457164517123165061e-03
5.457321129725392975e-03
5.457476489510434958e-03
5.457636276802127311e-03
5.457791484662557514e-03
5.457949222986264136e-03
5.458108112838157798e-03
5.458269078865675243e-03
5.458429247207114039e-03
5.458590117945807778e-03
5.458751432853622271e-03
5.458914676296276400e-03
5.459078582992201410e-03
5.459241903329670707e-03
5.459405266731325902e-03
5.459570040736477954e-03
5.459732576452250644e-03
5.459899331596036916e-03
5.460068480684010170e-03
5.460234475266823734e-03
5.460397908423394314e-03
5.460568366507661739e-03
5.460740008718617360e-03
5.460907547641879849e-03
5.461077966521637843e-03
5.461249275987485087e-03
5.461419802278285815e-03
5.461590093797137266e-03
5.461757874979634997e-03
5.461926573115155788e-03
5.462100740797544082e-03
5.462276167542188740e-03
5.462449841013980109e-03
5.462624995262010084e-03
5.462800723410407393e-03
5.462976211573445859e-03
5.463152454556300351e-03
5.463327608472991204e-03
5.463502106157897865e-03
5.463677354120190753e-03
5.463857777874134812e-03
5.464036741149604602e-03
5.464215868622485268e-03
5.464400043735917999e-03
5.464582678095812954e-03
5.464762327618969025e-03
5.464944875931420504e-03
5.465130201680563210e-03
5.465315000565552916e-03
5.465502484049460791e-03
5.465692941963623715e-03
5.465876213545424120e-03
5.466067473216816228e-03
5.466255592813395320e-03
5.466445216647505823e-03
5.466630722559918248e-03
5.466821871973622828e-03
5.467014043738369772e-03
5.467208915675085545e-03
5.467403736405946658e-03
5.467596835097949040e-03
5.467791351858380597e-03
5.467992306949958151e-03
5.468189750507973512e-03
5.468384984480424010e-03
5.468582309257047532e-03
5.468779840218334146e-03
5.468977479227832630e-03
5.469177845360721074e-03
5.469379552586228418e-03
5.469583918454323096e-03
5.469787622627106383e-03
5.469992383924271624e-03
5.470197695225321316e-03
5.470405724377813174e-03
5.470611685457244140e-03
5.470821711089150947e-03
5.471034113159877789e-03
5.471246154505112619e-03
5.471454800139686873e-03
5.471665561793572288e-03
5.471882150051682846e-03
5.472103224780461468e-03
5.472322541003643744e-03
5.472542077335911491e-03
5.472761446039673544e-03
5.472977100161265096e-03
5.473200263152386280e-03
5.473423259751722565e-03
5.473649860749811406e-03
5.473875392495845295e-03
5.474101325377655688e-03
5.474326992420614282e-03
5.474553455315380943e-03
5.474786031361957017e-03
5.475018717669164446e-03
5.475250193575908857e-03
5.475487084103860397e-03
5.475720377127155786e-03
5.475955397372820645e-03
5.476192331949919327e-03
5.476431560384570699e-03
5.476673874851619578e-03
5.476921150596212630e-03
5.477166017450247303e-03
5.477407845539823163e-03
5.477657333175398220e-03
5.477911950100573107e-03
5.478159666732754750e-03
5.478413585041934722e-03
5.478671541576867615e-03
5.478924152002721641e-03
5.479182450035484549e-03
5.479441970933696116e-03
5.479705504568044110e-03
5.479969646413929661e-03
5.480237097801320643e-03
5.480507075203788422e-03
5.480781994083048191e-03
5.481060354883939348e-03
5.481335696189023471e-03
5.481613067575266326e-03
5.481892242307589286e-03
5.482179749124803207e-03
5.482463505417038002e-03
5.482747466555360806e-03
5.483036622766683001e-03
5.483334614381483486e-03
5.483624368033047924e-03
5.483922896749312409e-03
5.484220861396322914e-03
5.484524688152454461e-03
5.484827610741699680e-03
5.485139405583542432e-03
5.485449028405488779e-03
5.485761105576314640e-03
5.486076796390338545e-03
5.486397561645134542e-03
5.486720409906198880e-03
5.487047671045441541e-03
5.487378373619668410e-03
5.487714310137187940e-03
5.488044982962827535e-03
5.488386385078301323e-03
5.488736588127340367e-03
5.489089579711012648e-03
5.489447195346028145e-03
5.489797957474877414e-03
5.490167851215158913e-03
5.490534731048349500e-03
5.490910635386416112e-03
5.491284223305918817e-03
5.491660621201381771e-03
5.492043955427540307e-03
5.492435033287591806e-03
5.492835891664259521e-03
5.493246769292126769e-03
5.493659511994726692e-03
5.494073521048960414e-03
5.494499071521856924e-03
5.494931778163453587e-03
5.495357197402013331e-03
5.495789028913119351e-03
5.496243432250857985e-03
5.496699592543084767e-03
5.497156674692833291e-03
5.497624223490719421e-03
5.498098144473353294e-03
5.498591586386010650e-03
5.499082520800919506e-03
5.499576325273423591e-03
5.500092923166721715e-03
5.500619771667206691e-03
5.501152113655646998e-03
5.501694741855570579e-03
5.502267386589407977e-03
5.502853139734900124e-03
5.503447688459519281e-03
5.504050613505027945e-03
5.504654579487497368e-03
5.505303009263368304e-03
5.505958092399435358e-03
5.506641586954382286e-03
5.507332444085901932e-03
5.508041754644940266e-03
5.508776118042773423e-03
5.509536229317824919e-03
5.510316056218449512e-03
5.511110662694220300e-03
5.511952325513413617e-03
5.512802354186932194e-03
5.513712209106865977e-03
5.514674342879293326e-03
5.515661660676497713e-03
5.516701077495233911e-03
5.517766405620149785e-03
5.518898950768308213e-03
5.520112680078149807e-03
5.521378089865932801e-03
5.522710720850755942e-03
5.524154604774023265e-03
5.525710999384259026e-03
5.527404521983129981e-03
5.529291430312012132e-03
5.531355421076099288e-03
5.533648805745928698e-03
5.536316629069884185e-03
5.539436612470924684e-03
5.543277685089136562e-03
5.548248265323566485e-03
5.555182283984367794e-03
5.568489303375522004e-03
