5.125250849975095113e-03
5.151340882608709121e-03
5.165616888415908159e-03
5.175314926480475107e-03
5.182934320436655661e-03
5.189155893864713133e-03
5.194509047419123247e-03
5.199168263475522321e-03
5.203326128021292657e-03
5.207046874091899452e-03
5.210447736869520258e-03
5.213571222665450491e-03
5.216515445569896645e-03
5.219255999463803287e-03
5.221777991544437197e-03
5.224202314230662163e-03
5.226507463336476852e-03
5.228638290780983355e-03
5.230695421812541109e-03
5.232681244159499354e-03
5.234582712119590503e-03
5.236377171261497564e-03
5.238102899035420451e-03
5.239789875514161942e-03
5.241372623053179580e-03
5.242935028243494999e-03
5.244450820027475070e-03
5.245877906110074478e-03
5.247300157204695323e-03
5.248688212166546102e-03
5.250007446475091384e-03
5.251308378082388852e-03
5.252570536597700110e-03
5.253804803457646708e-03
5.255004318680452438e-03
5.256185489287319886e-03
5.257338106362961262e-03
5.258479901280245679e-03
5.259562104015513828e-03
5.260640887557324966e-03
5.261704618386236175e-03
5.262719351798662154e-03
5.263746578958530126e-03
5.264726900750331048e-03
5.265708140226098115e-03
5.266658989387064047e-03
5.267608245549290982e-03
5.268514601729047848e-03
5.269436538394770345e-03
5.270331342532613879e-03
5.271217502266073267e-03
5.272092971575769414e-03
5.272940791753969077e-03
5.273783401500827146e-03
5.274618641826990875e-03
5.275424995852280759e-03
5.276227501152724007e-03
5.277020561282418434e-03
5.277801856831776904e-03
5.278571610019457822e-03
5.279335436491153569e-03
5.280082086996352141e-03
5.280839440091708581e-03
5.281562670844063521e-03
5.282300776635528647e-03
5.283010733028392636e-03
5.283718217235437720e-03
5.284410712556809366e-03
5.285104905970281104e-03
5.285796174632128794e-03
5.286474848918538971e-03
5.287164379360242451e-03
5.287839734766448981e-03
5.288499426252859723e-03
5.289142859076771674e-03
5.289788325255092953e-03
5.290421871024474781e-03
5.291043481596576468e-03
5.291662795626718083e-03
5.292283199264097467e-03
5.292903178625909914e-03
5.293511260650776880e-03
5.294126746760389329e-03
5.294719836047621572e-03
5.295306030731109122e-03
5.295894776223485437e-03
5.296478436211325171e-03
5.297053058077963797e-03
5.297625010249152472e-03
5.298192809623568020e-03
5.298760018585950068e-03
5.299318860085449820e-03
5.299881528812841816e-03
5.300437553510749245e-03
5.300994416579224086e-03
5.301521864716002806e-03
5.302055910608565945e-03
5.302588022864170199e-03
5.303116337511882238e-03
5.303637110597891891e-03
5.304165098938182742e-03
5.304678520435453584e-03
5.305187497246613947e-03
5.305702967810084492e-03
5.306207097598779170e-03
5.306716167898312825e-03
5.307211141899709043e-03
5.307706702543536076e-03
5.308196212184063123e-03
5.308679501302025240e-03
5.309164269364369249e-03
5.309644437165843105e-03
5.310127456346015219e-03
5.310608377353580323e-03
5.311074733114881999e-03
5.311543611790547209e-03
5.312016188357084404e-03
5.312489758199010620e-03
5.312953107389353086e-03
5.313398910081788135e-03
5.313848646188812884e-03
5.314306442126381057e-03
5.314761226500266771e-03
5.315210239850567259e-03
5.315652804482768300e-03
5.316094963670744272e-03
5.316528871653839437e-03
5.316961972748136638e-03
5.317400647638168693e-03
5.317829176241589510e-03
5.318257780251141320e-03
5.318690004722710120e-03
5.319118123266047826e-03
5.319539613371177499e-03
5.319970393323818214e-03
5.320391325496070904e-03
5.320808944133140379e-03
5.321227730374855636e-03
5.321644749664991916e-03
5.322051943379411433e-03
5.322462785646395189e-03
5.322872488794506800e-03
5.323283125756195222e-03
5.323682095154362408e-03
5.324077656260857265e-03
5.324477567797262535e-03
5.324865283508974784e-03
5.325262461192845943e-03
5.325658922321680443e-03
5.326048853691483717e-03
5.326444024141281479e-03
5.326833771220740484e-03
5.327223353565971493e-03
5.327613241825239661e-03
5.327996564753989008e-03
5.328377849861829808e-03
5.328759136606143684e-03
5.329139547818622161e-03
5.329526365316672107e-03
5.329901795198394715e-03
5.330269483889045479e-03
5.330639460051126398e-03
5.331007179094693522e-03
5.331378593089060834e-03
5.331742559097004362e-03
5.332105778463320025e-03
5.332459518325991833e-03
5.332821906647616100e-03
5.333185360839626243e-03
5.333543903419648603e-03
5.333905053230611655e-03
5.334264962846601947e-03
5.334622941336943092e-03
5.334979235443780034e-03
5.335331917829759692e-03
5.335686720419052613e-03
5.336045415522861109e-03
5.336397337227525954e-03
5.336739947122585287e-03
5.337083487880680578e-03
5.337432808578257762e-03
5.337780216543713818e-03
5.338126800713948600e-03
5.338468815687323100e-03
5.338809090916329936e-03
5.339156324300267480e-03
5.339496421421121089e-03
5.339831989104505509e-03
5.340172999489427655e-03
5.340502734693485312e-03
5.340841382733540858e-03
5.341172574667224331e-03
5.341506188174484013e-03
5.341838931113874166e-03
5.342168148965136670e-03
5.342507129569615265e-03
5.342839398370913782e-03
5.343172547390109134e-03
5.343505636685139636e-03
5.343831990907788390e-03
5.344155755314611810e-03
5.344479767546218493e-03
5.344799598075280177e-03
5.345123280102109277e-03
5.345445303750310378e-03
5.345762932485551011e-03
5.346086279199025772e-03
5.346403966188494235e-03
5.346719271618868667e-03
5.347035250623531459e-03
5.347346822842739475e-03
5.347666468844554377e-03
5.347976497165196109e-03
5.348290091401116178e-03
5.348605398601497495e-03
5.348920288732420848e-03
5.349229241851050955e-03
5.349540018644079187e-03
5.349849085227748741e-03
5.350156986878144318e-03
5.350464080963902337e-03
5.350768438079535859e-03
5.351079719822503591e-03
5.351381658432467076e-03
5.351687519518298110e-03
5.351988250281733937e-03
5.352290135179534232e-03
5.352591008074720873e-03
5.352893367924095765e-03
5.353192329575108196e-03
5.353487688549145307e-03
5.353788581125729085e-03
5.354087904797111795e-03
5.354383237665384654e-03
5.354683213355532732e-03
5.354973179368731524e-03
5.355264186476860200e-03
5.355564329477600742e-03
5.355855862247761549e-03
5.356149489534472140e-03
5.356445638036379416e-03
5.356736908696429697e-03
5.357025806197427895e-03
5.357318311527069568e-03
5.357612745681308679e-03
5.357901270835081775e-03
5.358194834408460880e-03
5.358478606827262770e-03
5.358761489451151563e-03
5.359049213173935379e-03
5.359340365954637017e-03
5.359624732295346222e-03
5.359909188923798855e-03
5.360192853294534591e-03
5.360476930409823274e-03
5.360759815226975866e-03
5.361042657361823720e-03
5.361330242451885914e-03
5.361613618446736847e-03
5.361894072003049218e-03
5.362179644663593245e-03
5.362460454121168937e-03
5.362741176521149990e-03
5.363022216518621016e-03
5.363298656097120927e-03
5.363573519892261138e-03
5.363848570784294015e-03
5.364129995640959901e-03
5.364405938754390236e-03
5.364676997298120469e-03
5.364948398315055877e-03
5.365215862042246181e-03
5.365494495049775645e-03
5.365766405357067469e-03
5.366037532351852421e-03
5.366314883037020741e-03
5.366587211072924683e-03
5.366858551408214620e-03
5.367127914950315347e-03
5.367400292930059151e-03
5.367669236014694159e-03
5.367947668655123974e-03
5.368220921327372837e-03
5.368490633784827638e-03
5.368763112579598776e-03
5.369033035102430129e-03
5.369303264892612802e-03
5.369568489837352014e-03
5.369835625280109694e-03
5.370102809496389053e-03
5.370369003135855128e-03
5.370627899388276741e-03
5.370891537038019123e-03
5.371159243048654469e-03
5.371425612412343044e-03
5.371691439786124671e-03
5.371955267815142765e-03
5.372215631186094340e-03
5.372482176152270326e-03
5.372746093991550946e-03
5.373005101872659756e-03
5.373267690040276802e-03
5.373526810600428791e-03
5.373782372667215354e-03
5.374042964710896986e-03
5.374304877200548197e-03
5.374567247266291009e-03
5.374829283499917357e-03
5.375087738526748184e-03
5.375346880401752833e-03
5.375605386344821032e-03
5.375863790781735922e-03
5.376116823034853172e-03
5.376373420141937996e-03
5.376631010351061793e-03
5.376888893057558266e-03
5.377148277987037900e-03
5.377403557391103109e-03
5.377658349179343863e-03
5.377913393235562826e-03
5.378164988528656015e-03
5.378419168770076642e-03
5.378673618361128408e-03
5.378931074889361195e-03
5.379184851122354415e-03
5.379434438186242277e-03
5.379689344757542825e-03
5.379943732249031253e-03
5.380197304514177520e-03
5.380450760059185891e-03
5.380701322429719095e-03
5.380954983953154490e-03
5.381208618433895412e-03
5.381458524930707830e-03
5.381702644428418975e-03
5.381953994503348680e-03
5.382204908081236749e-03
5.382452731231420276e-03
5.382707372389016788e-03
5.382959179907735071e-03
5.383208219588293299e-03
5.383455556778202200e-03
5.383704731481774031e-03
5.383954111104852572e-03
5.384201904165978984e-03
5.384451696066347090e-03
5.384695997163517663e-03
5.384940905974066987e-03
5.385187427687320935e-03
5.385436379698360816e-03
5.385681038133242893e-03
5.385928930447562643e-03
5.386175717199746631e-03
5.386418391524688994e-03
5.386663196077741585e-03
5.386902732696244658e-03
5.387150704430259188e-03
5.387397350674749154e-03
5.387638041530749475e-03
5.387887468138013655e-03
5.388129652654066390e-03
5.388370040567137288e-03
5.388615785862815172e-03
5.388859017482106224e-03
5.389098351640013267e-03
5.389344238010770720e-03
5.389587832709307261e-03
5.389834486979733046e-03
5.390072414191494563e-03
5.390314631272425175e-03
5.390556698315098795e-03
5.390794237272409153e-03
5.391034881244156050e-03
5.391278159218379148e-03
5.391517189796488606e-03
5.391759989932794900e-03
5.391998101466097086e-03
5.392237250687458017e-03
5.392472625926969694e-03
5.392711644091586175e-03
5.392952573297809735e-03
5.393185948128241709e-03
5.393419580498292655e-03
5.393655635256840858e-03
5.393897097046755108e-03
5.394137991059784823e-03
5.394382968578491366e-03
5.394620671016247052e-03
5.394857661895080710e-03
5.395091272444618377e-03
5.395325896839265473e-03
5.395564794211084314e-03
5.395799805772531765e-03
5.396038145142757758e-03
5.396273720047109652e-03
5.396507160588408063e-03
5.396747638269604186e-03
5.396982642985641114e-03
5.397214500309046800e-03
5.397451648993110279e-03
5.397688954911334346e-03
5.397925627062981867e-03
5.398156786035963189e-03
5.398395324939771547e-03
5.398631134818464641e-03
5.398866249614416371e-03
5.399096659843492275e-03
5.399327833428791031e-03
5.399564349583741221e-03
5.399798705453432573e-03
5.400035389015349525e-03
5.400271271025724323e-03
5.400504081047421794e-03
5.400740391687682516e-03
5.400975925102610535e-03
5.401207665993670685e-03
5.401443449302434363e-03
5.401677518984041200e-03
5.401907570666314613e-03
5.402143250897421638e-03
5.402380867623301358e-03
5.402614697917882368e-03
5.402850689919965615e-03
5.403082992414640073e-03
5.403319676282825924e-03
5.403553099370079181e-03
5.403788494420735770e-03
5.404018351506121101e-03
5.404248510971863297e-03
5.404479919001852276e-03
5.404713706949038597e-03
5.404941587222293273e-03
5.405175119971358279e-03
5.405404247419721801e-03
5.405631133602263085e-03
5.405863484472993308e-03
5.406092349236124757e-03
5.406321887300506897e-03
5.406552008666273661e-03
5.406786184160701676e-03
5.407016954330018388e-03
5.407248386781536402e-03
5.407481507438530871e-03
5.407710577263891670e-03
5.407942312982424483e-03
5.408172955905229257e-03
5.408406268752272324e-03
5.408637941160152410e-03
5.408873204368689312e-03
5.409103331899102127e-03
5.409332126687566890e-03
5.409559802460163838e-03
5.409787049328401709e-03
5.410016762860475441e-03
5.410248144187434875e-03
5.410482457160779163e-03
5.410712927198258089e-03
5.410941656250001230e-03
5.411174915793407619e-03
5.411402245729459402e-03
5.411632103594396503e-03
5.411860430517667631e-03
5.412090112315921797e-03
5.412319713300218875e-03
5.412546250640145641e-03
5.412776064335164151e-03
5.413004647540555804e-03
5.413228063496017435e-03
5.413455898263643332e-03
5.413679938649829972e-03
5.413908425154306987e-03
5.414140064134592180e-03
5.414370319014849206e-03
5.414600294492497544e-03
5.414828578562935410e-03
5.415058369215991485e-03
5.415285138606625026e-03
5.415522144616857422e-03
5.415754726487489144e-03
5.415984743471676140e-03
5.416210492421628074e-03
5.416436749877153595e-03
5.416667714483372649e-03
5.416892899279366659e-03
5.417119913000350423e-03
5.417348669069047343e-03
5.417578998087545054e-03
5.417803389555423191e-03
5.418029100264115140e-03
5.418257115047672018e-03
5.418487098307985493e-03
5.418712235903593542e-03
5.418939125609662649e-03
5.419167155275391411e-03
5.419396694564484855e-03
5.419628001291115771e-03
5.419853873255781572e-03
5.420083616004050739e-03
5.420313872937643565e-03
5.420549521302670502e-03
5.420775041205138332e-03
5.421004101562587434e-03
5.421232975230614801e-03
5.421459088609941433e-03
5.421689430233396154e-03
5.421919510058787611e-03
5.422148439581006910e-03
5.422371872718999980e-03
5.422602002331638679e-03
5.422831141213818769e-03
5.423058091488292334e-03
5.423288630721807314e-03
5.423517133415676171e-03
5.423742886863668067e-03
5.423971973917745583e-03
5.424198115946489256e-03
5.424429260716629418e-03
5.424654641603289702e-03
5.424880999704163181e-03
5.425113414368371717e-03
5.425342132937585951e-03
5.425575374066933000e-03
5.425803672961351451e-03
5.426028691408514917e-03
5.426257546549775358e-03
5.426486439074591252e-03
5.426713673162088247e-03
5.426941444422813017e-03
5.427169554159642570e-03
5.427399431717669712e-03
5.427631329686190276e-03
5.427856062760691609e-03
5.428082113667955129e-03
5.428310436970413405e-03
5.428536192959872338e-03
5.428766133429590961e-03
5.428993729143662995e-03
5.429223470883925116e-03
5.429453143294475127e-03
5.429688988098353361e-03
5.429918015046067414e-03
5.430150648942456103e-03
5.430385502946966439e-03
5.430614459904998040e-03
5.430846218065863568e-03
5.431077466231139933e-03
5.431305519267373011e-03
5.431536732961268765e-03
5.431768336029979029e-03
5.432002741515775009e-03
5.432226752895679897e-03
5.432458847252945137e-03
5.432687464020068309e-03
5.432923331182206751e-03
5.433154221284425614e-03
5.433382686400220138e-03
5.433614258698430538e-03
5.433846185993428980e-03
5.434077185270086430e-03
5.434303800996531826e-03
5.434534056228058213e-03
5.434765047556359280e-03
5.434997603079677782e-03
5.435229413940783315e-03
5.435457328926702157e-03
5.435695608572343497e-03
5.435925945076405461e-03
5.436156453323130050e-03
5.436387750352740869e-03
5.436622501949100669e-03
5.436858762404704615e-03
5.437084189650614671e-03
5.437313603501147535e-03
5.437549960813689749e-03
5.437777332004525843e-03
5.438007700986538691e-03
5.438238005151761582e-03
5.438468233972266162e-03
5.438700576828556579e-03
5.438930476177708181e-03
5.439164736940431226e-03
5.439397906970956133e-03
5.439627877011686194e-03
5.439862285271417769e-03
5.440100706655966178e-03
5.440334192798500050e-03
5.440569866395524902e-03
5.440806062424519834e-03
5.441041900883958338e-03
5.441277074658129945e-03
5.441514269039099752e-03
5.441752588313215205e-03
5.441983271201415555e-03
5.442215364159153600e-03
5.442450013006188726e-03
5.442683040878442367e-03
5.442918679202483900e-03
5.443154877803541188e-03
5.443388102069507753e-03
5.443625976335323899e-03
5.443858281698248265e-03
5.444095364633127002e-03
5.444332250982755923e-03
5.444569038548300634e-03
5.444802343491939207e-03
5.445039059565753847e-03
5.445273988685615622e-03
5.445507418425987907e-03
5.445743259322038954e-03
5.445976753170957835e-03
5.446210490663950382e-03
5.446445271970422157e-03
5.446680300679544381e-03
5.446917709579051671e-03
5.447153316711321816e-03
5.447394118535797865e-03
5.447632934400675753e-03
5.447873892392784446e-03
5.448115383612537471e-03
5.448354332086194352e-03
5.448597740530213875e-03
5.448839251703886492e-03
5.449078752309622145e-03
5.449317480793710797e-03
5.449555922829546310e-03
5.449799026817812690e-03
5.450038995119556133e-03
5.450277606384029694e-03
5.450514875366793861e-03
5.450757953174298689e-03
5.450999155946726661e-03
5.451236391647456582e-03
5.451478505597377386e-03
5.451719977178424818e-03
5.451966418717397490e-03
5.452211908664225670e-03
5.452454433829556288e-03
5.452694971848455995e-03
5.452939978817116298e-03
5.453182771615125088e-03
5.453421648270825872e-03
5.453666549316657508e-03
5.453909753530181669e-03
5.454154840772642600e-03
5.454398625562555808e-03
5.454640103801925571e-03
5.454884754800634443e-03
5.455125761674068340e-03
5.455373033679345243e-03
5.455617632938904692e-03
5.455864161111446606e-03
5.456106904733853437e-03
5.456357226378443989e-03
5.456604783984333497e-03
5.456855725576934511e-03
5.457102882243630715e-03
5.457351250340823634e-03
5.457598829858345373e-03
5.457848086436920508e-03
5.458096871367812061e-03
5.458343252473484876e-03
5.458594300972679711e-03
5.458840434974914120e-03
5.459090372713159590e-03
5.459337127905225344e-03
5.459589589628158733e-03
5.459842942432420639e-03
5.460093155425855410e-03
5.460346308310253666e-03
5.460597779757855701e-03
5.460849585358004514e-03
5.461099422196976673e-03
5.461351810602511903e-03
5.461602551793882585e-03
5.461852837472181560e-03
5.462103574025328409e-03
5.462357128563776962e-03
5.462610878128937308e-03
5.462864259734304812e-03
5.463122943002324608e-03
5.463373811202419141e-03
5.463632183842352316e-03
5.463887707082869423e-03
5.464144406884809471e-03
5.464400377512218868e-03
5.464658858025404908e-03
5.464914329476670309e-03
5.465173373436066177e-03
5.465429554755094239e-03
5.465683175551893161e-03
5.465937545851204220e-03
5.466192239346332610e-03
5.466454607790352700e-03
5.466713418646487049e-03
5.466975000289624013e-03
5.467235152840700142e-03
5.467491652401381720e-03
5.467753021010575767e-03
5.468014552883392054e-03
5.468274506215791038e-03
5.468537862451720161e-03
5.468799182311773199e-03
5.469063715011599110e-03
5.469329356982311971e-03
5.469589649358478842e-03
5.469858818988279289e-03
5.470119844145331610e-03
5.470384249453576729e-03
5.470651952251285623e-03
5.470920829349279133e-03
5.471188945727269159e-03
5.471454577609292588e-03
5.471722251321470623e-03
5.471992664515451521e-03
5.472263954905776627e-03
5.472538958146063240e-03
5.472800843221947882e-03
5.473072268885960205e-03
5.473346484621616735e-03
5.473617304555896193e-03
5.473888714744148086e-03
5.474161689150891692e-03
5.474427907351486940e-03
5.474702717485696417e-03
5.474973868780675171e-03
5.475248390691691940e-03
5.475522236690666227e-03
5.475797726225286634e-03
5.476073919240881036e-03
5.476346966469012451e-03
5.476625167718223580e-03
5.476900896888113948e-03
5.477174683275834802e-03
5.477453253859084978e-03
5.477732952570470333e-03
5.478009916705303510e-03
5.478289732557956038e-03
5.478569303397943895e-03
5.478847944377535605e-03
5.479126943173014477e-03
5.479403836641478197e-03
5.479689117233277167e-03
5.479969915448705021e-03
5.480249751551910520e-03
5.480537386865878477e-03
5.480823893765338767e-03
5.481113564408210403e-03
5.481395234439328211e-03
5.481687746927311512e-03
5.481977943108879044e-03
5.482267439357608324e-03
5.482555160577909543e-03
5.482835529798106566e-03
5.483122360167101000e-03
5.483409867805384696e-03
5.483697245320539107e-03
5.483982654945915303e-03
5.484277711209980741e-03
5.484570552450187403e-03
5.484866509226497475e-03
5.485159759516957008e-03
5.485453950491158380e-03
5.485744760872286047e-03
5.486038996987791308e-03
5.486337482476231694e-03
5.486635543488194676e-03
5.486935126288923839e-03
5.487233834964671403e-03
5.487531737001507051e-03
5.487826036684799631e-03
5.488119374213200861e-03
5.488416574041313917e-03
5.488719355925182966e-03
5.489021355598725123e-03
5.489320173382663919e-03
5.489626564719799623e-03
5.489927399057990993e-03
5.490238379781470744e-03
5.490544134836836121e-03
5.490852318629268862e-03
5.491155471657321006e-03
5.491461272032036219e-03
5.491765791665180474e-03
5.492079269510109080e-03
5.492392362556602382e-03
5.492706924564851739e-03
5.493022478366345850e-03
5.493342624291110143e-03
5.493655909738058389e-03
5.493973613728468305e-03
5.494294290485196922e-03
5.494610711667918639e-03
5.494929125653350531e-03
5.495246924846878406e-03
5.495561942408083364e-03
5.495883176737676595e-03
5.496210006883910613e-03
5.496534368467601885e-03
5.496852819194303526e-03
5.497182846496096072e-03
5.497510930046104090e-03
5.497844494906100471e-03
5.498174328461890269e-03
5.498498363442964193e-03
5.498823713077574324e-03
5.499160192974202922e-03
5.499493275535706494e-03
5.499825392068342922e-03
5.500157507780528872e-03
5.500492568308772492e-03
5.500834137994955325e-03
5.501172628368918016e-03
5.501503846153269449e-03
5.501846525525323252e-03
5.502183976845566142e-03
5.502525898597909054e-03
5.502860788207018794e-03
5.503204493434322303e-03
5.503553596657224933e-03
5.503896023429918904e-03
5.504249280029883951e-03
5.504594659501724739e-03
5.504945643564716079e-03
5.505295031779140411e-03
5.505648819333721668e-03
5.505997385534057258e-03
5.506350567670442904e-03
5.506707220577839422e-03
5.507065208887130907e-03
5.507418812971931130e-03
5.507775164664111683e-03
5.508137467367025912e-03
5.508500671908780726e-03
5.508862995611176622e-03
5.509230245772499951e-03
5.509591752346184798e-03
5.509963047344889828e-03
5.510329430543307178e-03
5.510690803438185285e-03
5.511068029724597826e-03
5.511446415193211983e-03
5.511824537225901155e-03
5.512204186524038117e-03
5.512582318338953534e-03
5.512967163589012690e-03
5.513345857823270108e-03
5.513727675072179098e-03
5.514107794906232714e-03
5.514489285970983895e-03
5.514877684739570227e-03
5.515273191971425092e-03
5.515665511712192041e-03
5.516061702841976513e-03
5.516458628232033361e-03
5.516858302302628594e-03
5.517260164182186469e-03
5.517666839088594677e-03
5.518069092687918550e-03
5.518471577923485596e-03
5.518888541650450626e-03
5.519292161935999627e-03
5.519698974688841756e-03
5.520111108889180947e-03
5.520524490975518665e-03
5.520944751879085753e-03
5.521362706280025928e-03
5.521784539020364868e-03
5.522214316907069279e-03
5.522646630812767451e-03
5.523069031409666776e-03
5.523505216029115338e-03
5.523938594728237950e-03
5.524376550150749722e-03
5.524816624860142897e-03
5.525264442700015752e-03
5.525721562906841730e-03
5.526170816350085141e-03
5.526620547016233842e-03
5.527070215268306899e-03
5.527527395776618904e-03
5.527989270831298874e-03
5.528454762510369436e-03
5.528914612906074208e-03
5.529372868981196308e-03
5.529849178221283960e-03
5.530323217171329714e-03
5.530791909019628846e-03
5.531279364945060339e-03
5.531764582407772829e-03
5.532243988584175515e-03
5.532730421324669190e-03
5.533213485249387047e-03
5.533699557463417872e-03
5.534192932926840225e-03
5.534681570442435104e-03
5.535177023223696036e-03
5.535679732013671847e-03
5.536199244875672151e-03
5.536717984373907067e-03
5.537236417007575240e-03
5.537747542349397145e-03
5.538262602271248024e-03
5.538795196576402728e-03
5.539328932304985430e-03
5.539862927104023324e-03
5.540401892458803393e-03
5.540956379611961316e-03
5.541498190548672931e-03
5.542053925305699159e-03
5.542600093700268855e-03
5.543158137752601279e-03
5.543728668929746167e-03
5.544297777137692854e-03
5.544878329800779181e-03
5.545447646991112818e-03
5.546028806983952474e-03
5.546614896740727739e-03
5.547209302024885130e-03
5.547819728185738979e-03
5.548436537120288690e-03
5.549059070653276048e-03
5.549673269747184418e-03
5.550293406115997148e-03
5.550921427730272535e-03
5.551545478452981838e-03
5.552195327454088371e-03
5.552852109681598487e-03
5.553506927253064850e-03
5.554182016160501278e-03
5.554845336390950780e-03
5.555533666278626541e-03
5.556216744095700960e-03
5.556906352384816117e-03
5.557611602632431431e-03
5.558325829235302197e-03
5.559038728135868961e-03
5.559770464066615334e-03
5.560503367845723126e-03
5.561239751218896923e-03
5.561999995833216866e-03
5.562766497144070940e-03
5.563541089173050860e-03
5.564329154199898313e-03
5.565117778632813240e-03
5.565933621063304422e-03
5.566744347919543208e-03
5.567569674268202547e-03
5.568413686925792645e-03
5.569265272264419669e-03
5.570134002329481249e-03
5.571027186537620517e-03
5.571923302032932845e-03
5.572834636932328528e-03
5.573773753824912830e-03
5.574704673524921369e-03
5.575659312852868782e-03
5.576644426722549182e-03
5.577657560222582488e-03
5.578666701369392605e-03
5.579712101915987495e-03
5.580770410930398738e-03
5.581833723950405286e-03
5.582928412305102409e-03
5.584058375570163761e-03
5.585229429089158017e-03
5.586424802053193382e-03
5.587617748177672178e-03
5.588844300589184549e-03
5.590097890104704821e-03
5.591413401566935025e-03
5.592757093001501749e-03
5.594122116597795638e-03
5.595548406902591150e-03
5.597001983963951002e-03
5.598508491487524594e-03
5.600058195294257968e-03
5.601666138312925286e-03
5.603327405474142070e-03
5.605023846134778338e-03
5.606813048418318388e-03
5.608691200356418806e-03
5.610662706737552796e-03
5.612733013714960549e-03
5.614904158451885716e-03
5.617189116509160689e-03
5.619576891371463011e-03
5.622108539201694372e-03
5.624828889292704699e-03
5.627707185123108705e-03
5.630817501174023923e-03
5.634170183500221071e-03
5.637864321920814902e-03
5.642028682371993432e-03
5.646710321910138400e-03
5.652073957375227352e-03
5.658362179953474978e-03
5.665995268585394436e-03
5.675865360533681458e-03
5.689846276697854005e-03
5.715530595931414375e-03
