4.829164256548094773e-03
4.881803413055801032e-03
4.910468987038603059e-03
4.930067646864898234e-03
4.945386148983315668e-03
4.958062076728087485e-03
4.968747703317152702e-03
4.978019733436103711e-03
4.986309723465258588e-03
4.993745222898831292e-03
5.000542898955388608e-03
5.006844921976559212e-03
5.012677775122150597e-03
5.018143690151117761e-03
5.023197282415420122e-03
5.027948887105865294e-03
5.032476457888818144e-03
5.036854234222426507e-03
5.040886130062852480e-03
5.044828809416473415e-03
5.048565552428143678e-03
5.052159347074727976e-03
5.055582787182297949e-03
5.058830984930900131e-03
5.062058404832920147e-03
5.065145681149870079e-03
5.068164706637170655e-03
5.071123079483691627e-03
5.074018372663365029e-03
5.076742907046676891e-03
5.079395312296084396e-03
5.081963625041065885e-03
5.084471858418300981e-03
5.086911743002295490e-03
5.089320586064040655e-03
5.091657251315121792e-03
5.093945144497209233e-03
5.096203683665423423e-03
5.098396135536535818e-03
5.100530212219638385e-03
5.102633340111167176e-03
5.104681647124626256e-03
5.106741700889926537e-03
5.108761675536937011e-03
5.110741750418954649e-03
5.112619587557746918e-03
5.114508870066074124e-03
5.116342594916859984e-03
5.118201671599084679e-03
5.119994381757104335e-03
5.121743558166069570e-03
5.123495226411350217e-03
5.125200680422622654e-03
5.126878343314085137e-03
5.128563739088067702e-03
5.130177279325615243e-03
5.131784298881140668e-03
5.133348274582396134e-03
5.134936254406021090e-03
5.136475519856790149e-03
5.137983810095545813e-03
5.139504947105359017e-03
5.141004221395938274e-03
5.142478660869988748e-03
5.143936100499076070e-03
5.145392131103358573e-03
5.146781907955270442e-03
5.148158256682484196e-03
5.149544334516437810e-03
5.150908094348720725e-03
5.152253330953483236e-03
5.153618111622100886e-03
5.154943465065315623e-03
5.156261896533351555e-03
5.157594348567051679e-03
5.158867829343548837e-03
5.160139713760535270e-03
5.161399347793288635e-03
5.162650196015146353e-03
5.163865686822097581e-03
5.165088041356864085e-03
5.166286102051912896e-03
5.167474259172332059e-03
5.168656159302296819e-03
5.169860467809683433e-03
5.171027588855422671e-03
5.172186598743824977e-03
5.173343819485858031e-03
5.174484192714755640e-03
5.175609977967365362e-03
5.176738464385775666e-03
5.177855063123102536e-03
5.178960141275052234e-03
5.180046874587952190e-03
5.181140024865072552e-03
5.182205779040710038e-03
5.183263147788164105e-03
5.184323195984826688e-03
5.185366749091812298e-03
5.186424905013151468e-03
5.187460136650320040e-03
5.188482972416762033e-03
5.189525662221117740e-03
5.190555546120822518e-03
5.191559567016523248e-03
5.192583309725612092e-03
5.193574724047590394e-03
5.194555155782546590e-03
5.195544212466450540e-03
5.196528914768279959e-03
5.197505701045494926e-03
5.198465515613439301e-03
5.199432767022301935e-03
5.200395813630282089e-03
5.201344104748580575e-03
5.202279509426058386e-03
5.203219332844147456e-03
5.204145369653125248e-03
5.205055198783384816e-03
5.205966216621855241e-03
5.206884852155964014e-03
5.207797613677847375e-03
5.208685814250207415e-03
5.209605395091471657e-03
5.210495386842711393e-03
5.211376559177549085e-03
5.212265567680506549e-03
5.213111202186606306e-03
5.213981284385800843e-03
5.214846903164121160e-03
5.215709184653258626e-03
5.216571336714151928e-03
5.217424704883406004e-03
5.218264540299028843e-03
5.219127569084089369e-03
5.219970483639996967e-03
5.220815042605048140e-03
5.221651906648041262e-03
5.222470241163111940e-03
5.223279672751829882e-03
5.224102641326170554e-03
5.224913299550808070e-03
5.225728982853670643e-03
5.226539856494238044e-03
5.227338490045177824e-03
5.228145615790299842e-03
5.228964827762220755e-03
5.229745613255399640e-03
5.230543303670545999e-03
5.231319004161656162e-03
5.232114177180619517e-03
5.232888938744734500e-03
5.233673156754651244e-03
5.234443944037579094e-03
5.235203919615153030e-03
5.235958359516535224e-03
5.236713169532232481e-03
5.237476104791607273e-03
5.238222339839841875e-03
5.238974481697395054e-03
5.239728175532917982e-03
5.240478958367408673e-03
5.241211396331353981e-03
5.241954791290102077e-03
5.242701037107145266e-03
5.243429603701234808e-03
5.244153659273553814e-03
5.244893245008346548e-03
5.245634992504768362e-03
5.246351863667080354e-03
5.247077320806974900e-03
5.247783313284797198e-03
5.248504553030922462e-03
5.249231030417645869e-03
5.249950872231763134e-03
5.250657172610822057e-03
5.251363865228272053e-03
5.252069019867711477e-03
5.252766078585380249e-03
5.253465697196987340e-03
5.254168170620061515e-03
5.254860110673293533e-03
5.255557351597114381e-03
5.256224672659100608e-03
5.256915450088620045e-03
5.257606864143483071e-03
5.258282922628453211e-03
5.258962495934053211e-03
5.259638803568622741e-03
5.260314901173731433e-03
5.260990161920478005e-03
5.261658861195806294e-03
5.262330323469823802e-03
5.262992492024680738e-03
5.263666762865203477e-03
5.264331844939811392e-03
5.264999934643601470e-03
5.265659445616382994e-03
5.266308658371952368e-03
5.266969068187322793e-03
5.267612201297115770e-03
5.268257224992673945e-03
5.268895284189467100e-03
5.269541546012868581e-03
5.270180952650811712e-03
5.270815050355082826e-03
5.271453327548725719e-03
5.272093813198482776e-03
5.272721685614992042e-03
5.273369540080619956e-03
5.274004457344240275e-03
5.274628085342484771e-03
5.275260605391474296e-03
5.275888341805410643e-03
5.276520070804683986e-03
5.277146307797683095e-03
5.277770653957687685e-03
5.278387478021692378e-03
5.279005817879506117e-03
5.279618260910672219e-03
5.280228968927775345e-03
5.280842175755594108e-03
5.281439958420819022e-03
5.282048034585082319e-03
5.282656720587593224e-03
5.283263315114872412e-03
5.283873677622295643e-03
5.284463173821722301e-03
5.285063192305233803e-03
5.285671648147419882e-03
5.286263151213759642e-03
5.286873660532098729e-03
5.287460155222395604e-03
5.288058865111361882e-03
5.288658220533515829e-03
5.289246592237078007e-03
5.289845970583671210e-03
5.290450416923713796e-03
5.291047824565390037e-03
5.291639432857441622e-03
5.292226029712790089e-03
5.292813157131354314e-03
5.293389774701647357e-03
5.293951989697330031e-03
5.294520705308300955e-03
5.295089725701453143e-03
5.295669393227884526e-03
5.296237975147525742e-03
5.296819052041450496e-03
5.297387149357758555e-03
5.297959523576218493e-03
5.298543755317815414e-03
5.299114450254967593e-03
5.299693879207848304e-03
5.300262196393992244e-03
5.300832337471307956e-03
5.301395458102348135e-03
5.301961184054126107e-03
5.302524668683123929e-03
5.303090492020522302e-03
5.303663216781435812e-03
5.304232173828494872e-03
5.304793885491882431e-03
5.305359823146521374e-03
5.305923379274579341e-03
5.306488706283629501e-03
5.307048250638216752e-03
5.307595286253290190e-03
5.308153647741216050e-03
5.308698359362500410e-03
5.309247589112770296e-03
5.309804439191950602e-03
5.310355688436130261e-03
5.310906866108085211e-03
5.311456069838673029e-03
5.312001371724664293e-03
5.312550277705734361e-03
5.313088665428782921e-03
5.313633798317176152e-03
5.314175560338941888e-03
5.314717078477838863e-03
5.315258996779517221e-03
5.315792311589150054e-03
5.316328703156499545e-03
5.316867665287232717e-03
5.317408534203944999e-03
5.317948708493653795e-03
5.318490635437132970e-03
5.319037078619042250e-03
5.319567004856910752e-03
5.320102418373619767e-03
5.320647333641223553e-03
5.321181531104032629e-03
5.321699749635352972e-03
5.322229870671805856e-03
5.322755839764830785e-03
5.323283892161696784e-03
5.323812406814613062e-03
5.324353445395026835e-03
5.324870825487668449e-03
5.325379060553697350e-03
5.325898680835270023e-03
5.326413640026558122e-03
5.326938430024280753e-03
5.327464955002742322e-03
5.327983589234021496e-03
5.328504968072581699e-03
5.329034869406890085e-03
5.329551815061148862e-03
5.330075473874251561e-03
5.330599487785112750e-03
5.331115665302962880e-03
5.331629226643712534e-03
5.332142449440481144e-03
5.332647648655721405e-03
5.333157658128704140e-03
5.333668442663853232e-03
5.334177142748745826e-03
5.334689498621742083e-03
5.335191367276544659e-03
5.335702951408299692e-03
5.336213618372132386e-03
5.336724837017098148e-03
5.337227430484587157e-03
5.337732187110378820e-03
5.338241770432902017e-03
5.338750434335549910e-03
5.339251703137985923e-03
5.339752708885895857e-03
5.340252396407800875e-03
5.340753099701717535e-03
5.341254671263283814e-03
5.341748812249788592e-03
5.342254718145384579e-03
5.342739735153575163e-03
5.343236541301079820e-03
5.343727472258423712e-03
5.344223987688546777e-03
5.344736401257478738e-03
5.345245164119950473e-03
5.345740834777363421e-03
5.346240152407321505e-03
5.346740105941382402e-03
5.347234279154368213e-03
5.347729947993404981e-03
5.348221530653998398e-03
5.348719094924267274e-03
5.349218373429617292e-03
5.349707246672701783e-03
5.350195150226514686e-03
5.350680541322994262e-03
5.351178202973858912e-03
5.351655929429956909e-03
5.352148538699877389e-03
5.352641918016287116e-03
5.353128441351193839e-03
5.353620824411497309e-03
5.354106444225376071e-03
5.354594835168427318e-03
5.355078511652307423e-03
5.355563442616038256e-03
5.356046645227287989e-03
5.356527909555726559e-03
5.357019037257338030e-03
5.357505284914224411e-03
5.357991062929226382e-03
5.358483392868967216e-03
5.358974814585387714e-03
5.359457930847842146e-03
5.359936960693877789e-03
5.360420792667265448e-03
5.360909092222614601e-03
5.361390985719693102e-03
5.361876736129424573e-03
5.362352753859401903e-03
5.362830093445762267e-03
5.363306229572924015e-03
5.363792553044533819e-03
5.364277440089101207e-03
5.364764733636066124e-03
5.365247806042926053e-03
5.365727050538628660e-03
5.366214532867298256e-03
5.366684884610907133e-03
5.367163581314398843e-03
5.367648111532469929e-03
5.368129830738871053e-03
5.368604787814668447e-03
5.369080465245736067e-03
5.369554984850433317e-03
5.370030170165423014e-03
5.370502308238859872e-03
5.370976423654689851e-03
5.371452934390741514e-03
5.371925128260018542e-03
5.372393700123777142e-03
5.372869629403221117e-03
5.373344212436132437e-03
5.373810588065828370e-03
5.374274639180896644e-03
5.374740068842589862e-03
5.375200866748816933e-03
5.375674409558646970e-03
5.376145655088124947e-03
5.376617036540094936e-03
5.377090583307825820e-03
5.377572809665672783e-03
5.378037449934911819e-03
5.378510222890742730e-03
5.378983805773103130e-03
5.379442737239431734e-03
5.379907377278474699e-03
5.380378973075752684e-03
5.380845911426316783e-03
5.381312510553211761e-03
5.381778959068233940e-03
5.382240070813638748e-03
5.382708070954764570e-03
5.383173726220246043e-03
5.383638390767856927e-03
5.384109839986631237e-03
5.384577574812041481e-03
5.385044436203607378e-03
5.385504638484105155e-03
5.385959336631173516e-03
5.386426866863596244e-03
5.386885775012201227e-03
5.387347290501571379e-03
5.387802401042134960e-03
5.388265293729949806e-03
5.388721219770676446e-03
5.389183105148414796e-03
5.389652644330666931e-03
5.390115904914363938e-03
5.390570292892520043e-03
5.391031820368173688e-03
5.391496670688062341e-03
5.391947119368448518e-03
5.392412708540315902e-03
5.392876693467831342e-03
5.393341900929645404e-03
5.393801461393058459e-03
5.394269202383332462e-03
5.394733831643240898e-03
5.395196811813612534e-03
5.395654343449880243e-03
5.396113594772617567e-03
5.396566155610411919e-03
5.397023550835963572e-03
5.397483734129433254e-03
5.397936666958629698e-03
5.398398401507295725e-03
5.398861945448189814e-03
5.399321855529516483e-03
5.399788254268924476e-03
5.400248842657950216e-03
5.400706441499633637e-03
5.401170161635806578e-03
5.401631793890238759e-03
5.402088302867770996e-03
5.402544380582331718e-03
5.402997129455472045e-03
5.403447841113019103e-03
5.403908865714215394e-03
5.404364840606235704e-03
5.404820160460965112e-03
5.405272572949122202e-03
5.405734251467565234e-03
5.406196822122948976e-03
5.406653008666760865e-03
5.407105876183610632e-03
5.407560672399596563e-03
5.408014215135482396e-03
5.408469470389387114e-03
5.408918062235775100e-03
5.409375065244385536e-03
5.409832260140515735e-03
5.410289688508745226e-03
5.410751197143326072e-03
5.411214537636740811e-03
5.411671179523034302e-03
5.412131229873872254e-03
5.412589799263008844e-03
5.413053376603760465e-03
5.413520265929072824e-03
5.413982965804154009e-03
5.414437801412280531e-03
5.414903067129221877e-03
5.415355971418036457e-03
5.415818430731644990e-03
5.416275165404685517e-03
5.416744516524207333e-03
5.417198479188857670e-03
5.417649841093438896e-03
5.418105545821512437e-03
5.418551878543854602e-03
5.419012777016482367e-03
5.419471473425214320e-03
5.419935410858258730e-03
5.420381526336987173e-03
5.420834764743113696e-03
5.421290664584893677e-03
5.421748187911346745e-03
5.422204899839159695e-03
5.422664285809035943e-03
5.423116375396182416e-03
5.423568992268549584e-03
5.424027847306805115e-03
5.424484689696734002e-03
5.424939636381564782e-03
5.425399038059467056e-03
5.425859166950763000e-03
5.426316878902641243e-03
5.426777800983620392e-03
5.427229621411635251e-03
5.427682693146021128e-03
5.428128375338989869e-03
5.428590608515995904e-03
5.429055455401173708e-03
5.429507812906665676e-03
5.429968877585712728e-03
5.430426170089090732e-03
5.430888488817441420e-03
5.431347972585450976e-03
5.431805898545804222e-03
5.432260695395190603e-03
5.432722337822157473e-03
5.433181270476219148e-03
5.433634961218344189e-03
5.434095746590868886e-03
5.434549980649621727e-03
5.434998743051560298e-03
5.435461127421631344e-03
5.435915114524119719e-03
5.436366837269948453e-03
5.436827763599928927e-03
5.437287901863124828e-03
5.437751630739367202e-03
5.438205770239253230e-03
5.438666043474596305e-03
5.439132471058881306e-03
5.439594086411128106e-03
5.440052330995395063e-03
5.440512240896248040e-03
5.440974833409502331e-03
5.441437062049390289e-03
5.441895791574786166e-03
5.442355859071762794e-03
5.442828114979266808e-03
5.443291678459537958e-03
5.443752592852005821e-03
5.444218209189614216e-03
5.444671839018061510e-03
5.445123145126455622e-03
5.445590036313179179e-03
5.446046589929203104e-03
5.446510755078274105e-03
5.446972709207365156e-03
5.447441348757293793e-03
5.447916510856838299e-03
5.448386619242357419e-03
5.448853451589594742e-03
5.449319346771567402e-03
5.449777020267001018e-03
5.450242598050428731e-03
5.450708648534709731e-03
5.451169131414764987e-03
5.451626251009015871e-03
5.452091909236294817e-03
5.452550763688208610e-03
5.453011027724763253e-03
5.453468387057930356e-03
5.453942385198542152e-03
5.454414098009906058e-03
5.454871506836202373e-03
5.455335365693157572e-03
5.455798564860124371e-03
5.456263361944435619e-03
5.456729649285738462e-03
5.457186148048964736e-03
5.457655146368421348e-03
5.458129436927480239e-03
5.458596691436230774e-03
5.459074986421941916e-03
5.459538304164416635e-03
5.460011807459827157e-03
5.460475906079740108e-03
5.460954564005510332e-03
5.461424931976730478e-03
5.461893272232123779e-03
5.462358970267255920e-03
5.462825920146669074e-03
5.463290512501031183e-03
5.463761235594893559e-03
5.464226377521042184e-03
5.464685934225577482e-03
5.465158170224199662e-03
5.465632084977244641e-03
5.466094269729828217e-03
5.466567540337256143e-03
5.467033665132985630e-03
5.467506356692786000e-03
5.467982585233500253e-03
5.468454495591758800e-03
5.468923234169056208e-03
5.469394408044437467e-03
5.469874134348460745e-03
5.470340723798060301e-03
5.470818298799617549e-03
5.471290171414382869e-03
5.471773378188636745e-03
5.472251489902007007e-03
5.472715472330864916e-03
5.473188300931162292e-03
5.473671005890223470e-03
5.474143188638288041e-03
5.474623452895951287e-03
5.475097754654382337e-03
5.475574876330237088e-03
5.476048462001763956e-03
5.476528892546375822e-03
5.477006910062253396e-03
5.477479818247234233e-03
5.477962415883367089e-03
5.478440019694115481e-03
5.478925013847614836e-03
5.479411445416599441e-03
5.479890473763932880e-03
5.480378532353652639e-03
5.480862976157259599e-03
5.481356555003521168e-03
5.481842346209550403e-03
5.482321380810168190e-03
5.482814706069968902e-03
5.483299831913210701e-03
5.483787040407826774e-03
5.484281489392908715e-03
5.484768705687220573e-03
5.485250171437379592e-03
5.485737866889759708e-03
5.486226215890416952e-03
5.486716267749366070e-03
5.487203083001181841e-03
5.487694949748030647e-03
5.488179830880463538e-03
5.488664739995065094e-03
5.489156783489742078e-03
5.489648321954066455e-03
5.490140176419716633e-03
5.490638631353376639e-03
5.491118851738056514e-03
5.491608477542433801e-03
5.492099421882167508e-03
5.492593333577160293e-03
5.493093497431616838e-03
5.493594834052061872e-03
5.494083844382898971e-03
5.494582839542680626e-03
5.495084376269552748e-03
5.495587521922270721e-03
5.496078394984366990e-03
5.496580811937509456e-03
5.497080058501997192e-03
5.497572090756290553e-03
5.498064939681287198e-03
5.498562085091107145e-03
5.499059421339359821e-03
5.499567311877554508e-03
5.500072015662041923e-03
5.500581811238370797e-03
5.501088644916496406e-03
5.501600505720693340e-03
5.502100663243772623e-03
5.502599858724346350e-03
5.503101054548853975e-03
5.503612103152108991e-03
5.504127149693525088e-03
5.504626577615141791e-03
5.505133749233137933e-03
5.505648010248877407e-03
5.506163556437677735e-03
5.506678721811465727e-03
5.507198635867193576e-03
5.507713885489397103e-03
5.508229434266946958e-03
5.508739109093384843e-03
5.509248245039372049e-03
5.509767058726499842e-03
5.510282928489105073e-03
5.510794368878429821e-03
5.511316701517041984e-03
5.511831752559441001e-03
5.512359214076585981e-03
5.512889875900429427e-03
5.513409966066937749e-03
5.513935190293562348e-03
5.514445589447511398e-03
5.514963902080914637e-03
5.515482127178577068e-03
5.516008538336376540e-03
5.516540317773114578e-03
5.517063704758970802e-03
5.517599659030238135e-03
5.518122152147319354e-03
5.518647410999221424e-03
5.519179283633643407e-03
5.519716021049755721e-03
5.520243467794843858e-03
5.520767586341158994e-03
5.521305330703973543e-03
5.521840377366675316e-03
5.522369326228316125e-03
5.522907633823548844e-03
5.523445488765471763e-03
5.523971133670951827e-03
5.524505174685508113e-03
5.525049052615776078e-03
5.525580023571573067e-03
5.526121038170333372e-03
5.526654564663257760e-03
5.527204224694333423e-03
5.527755375199049429e-03
5.528300816350461069e-03
5.528848462898373547e-03
5.529400698229399932e-03
5.529951518336536850e-03
5.530494969534491267e-03
5.531054181697586322e-03
5.531611624606659443e-03
5.532161329147832970e-03
5.532708614689423390e-03
5.533259399740517170e-03
5.533808836585767110e-03
5.534362002988615567e-03
5.534910839837034642e-03
5.535468164994898806e-03
5.536024305680902098e-03
5.536580187906729386e-03
5.537144722924910827e-03
5.537712226971676019e-03
5.538277086465711631e-03
5.538835735153225387e-03
5.539400154345890115e-03
5.539963635465959546e-03
5.540526850343243347e-03
5.541096634145972408e-03
5.541662192382680249e-03
5.542232332633923245e-03
5.542794899333213995e-03
5.543367633262030920e-03
5.543940313194225568e-03
5.544514385201202919e-03
5.545090337548919286e-03
5.545672152412096587e-03
5.546245847840613682e-03
5.546828287375372805e-03
5.547409967833858736e-03
5.547993944146185040e-03
5.548577668121446038e-03
5.549169550854955030e-03
5.549758255169447325e-03
5.550349313234858618e-03
5.550948844559941073e-03
5.551539023216485458e-03
5.552130621830622323e-03
5.552730704732594842e-03
5.553336408652180534e-03
5.553932134859489167e-03
5.554522310111634394e-03
5.555121312866248204e-03
5.555728610877420925e-03
5.556337375216724613e-03
5.556938510572905984e-03
5.557537009515143428e-03
5.558134162161944627e-03
5.558745100790447521e-03
5.559349865226810225e-03
5.559952438106904003e-03
5.560565664060888695e-03
5.561172902586943197e-03
5.561788877702817345e-03
5.562400265236805939e-03
5.563016957484141940e-03
5.563626103420529420e-03
5.564254124859280282e-03
5.564877488007862610e-03
5.565510575501531054e-03
5.566142497517257044e-03
5.566769002777428518e-03
5.567401377351624374e-03
5.568021123129223218e-03
5.568669151633027364e-03
5.569289847314739042e-03
5.569929211474635052e-03
5.570571501832034984e-03
5.571210741542642446e-03
5.571852830117537611e-03
5.572490759717146219e-03
5.573141811605422831e-03
5.573790679501547385e-03
5.574449496073891584e-03
5.575094747136391006e-03
5.575737589661604147e-03
5.576392550521134216e-03
5.577047064930158379e-03
5.577698224031060921e-03
5.578365426891678316e-03
5.579028298210130833e-03
5.579692385096433720e-03
5.580353358824716170e-03
5.581028272957249715e-03
5.581715653174654235e-03
5.582391613322969584e-03
5.583070658622847106e-03
5.583752345152336385e-03
5.584441194239014514e-03
5.585130181765508676e-03
5.585824201160810749e-03
5.586515423104317438e-03
5.587203017184075131e-03
5.587896330212781780e-03
5.588590906133492076e-03
5.589300845730073818e-03
5.590003959131207255e-03
5.590695137849090342e-03
5.591407020289184022e-03
5.592114406759411335e-03
5.592821606461340772e-03
5.593538176659148577e-03
5.594263921212516352e-03
5.594983986448098107e-03
5.595698738201589778e-03
5.596411895558579472e-03
5.597141541929408388e-03
5.597875346772225071e-03
5.598607300677949788e-03
5.599357639373807490e-03
5.600088341162419957e-03
5.600842005266176357e-03
5.601585546144700715e-03
5.602337724553352848e-03
5.603096913767408212e-03
5.603847032320456549e-03
5.604606223975318151e-03
5.605379269314448958e-03
5.606149004436363978e-03
5.606908723079133752e-03
5.607675773455176975e-03
5.608445207788079374e-03
5.609222989088243246e-03
5.610007501089944899e-03
5.610788642531447552e-03
5.611575103969273018e-03
5.612373807705267614e-03
5.613174183617869462e-03
5.613973522159661396e-03
5.614758818892796530e-03
5.615559692618842490e-03
5.616355456597123784e-03
5.617162501942703744e-03
5.617984128838246841e-03
5.618811779369603174e-03
5.619635015093761739e-03
5.620469707826921540e-03
5.621308292489034068e-03
5.622150931494606513e-03
5.622972727565570678e-03
5.623834298845440012e-03
5.624689355176743476e-03
5.625559142208472023e-03
5.626420235100991658e-03
5.627266374852307740e-03
5.628147847144583660e-03
5.629009774918294386e-03
5.629881601720773676e-03
5.630752420138899518e-03
5.631649419696182178e-03
5.632534611631209893e-03
5.633445478693189200e-03
5.634363174963362246e-03
5.635252081296913094e-03
5.636167303340868136e-03
5.637086704018814953e-03
5.638022802973599416e-03
5.638964975726271263e-03
5.639890966307133970e-03
5.640836623269520830e-03
5.641790762624428711e-03
5.642756798940783830e-03
5.643730524006789796e-03
5.644702907813399680e-03
5.645697822517961595e-03
5.646665919006739129e-03
5.647638367645988269e-03
5.648636120332536752e-03
5.649648484224598088e-03
5.650675341970961933e-03
5.651707430577545578e-03
5.652721306631933694e-03
5.653739390368089923e-03
5.654802602039147273e-03
5.655846266564947163e-03
5.656894646043369827e-03
5.657955286115651239e-03
5.659014192882281732e-03
5.660083396886326536e-03
5.661172357530143417e-03
5.662279086937068752e-03
5.663376720194001138e-03
5.664473251306903837e-03
5.665609933897297439e-03
5.666716094310123540e-03
5.667859798241694017e-03
5.669008994293392965e-03
5.670142678802461700e-03
5.671308071496717305e-03
5.672484728576188302e-03
5.673663382547743279e-03
5.674857482179187368e-03
5.676046241839235833e-03
5.677254964106649184e-03
5.678481601678941892e-03
5.679751239648829671e-03
5.681014313119744398e-03
5.682277117680246958e-03
5.683566362868854895e-03
5.684903823244458546e-03
5.686221020282915088e-03
5.687580943726180775e-03
5.688932934666685905e-03
5.690298994882297956e-03
5.691667900477164269e-03
5.693052972549389641e-03
5.694479748124926279e-03
5.695889542060967280e-03
5.697316512620054056e-03
5.698758892498414531e-03
5.700261471770774226e-03
5.701772576272796760e-03
5.703264219462717520e-03
5.704789677684481489e-03
5.706355493746768058e-03
5.707937520171423029e-03
5.709516971158893305e-03
5.711123629820145930e-03
5.712736019360797196e-03
5.714429414978887227e-03
5.716112868234418144e-03
5.717796032194620050e-03
5.719534572313995750e-03
5.721287831418956499e-03
5.723058134079762535e-03
5.724876046817328930e-03
5.726756178958079639e-03
5.728686930669279684e-03
5.730626666441650946e-03
5.732604072748282743e-03
5.734615818548919816e-03
5.736652445355042845e-03
5.738726759760415588e-03
5.740813202226186310e-03
5.742950114046512823e-03
5.745141548619817594e-03
5.747412151456071129e-03
5.749751435752368210e-03
5.752096623576004146e-03
5.754537594651394639e-03
5.757031883036198110e-03
5.759598089345475784e-03
5.762174595667827678e-03
5.764827525957669924e-03
5.767568193877570075e-03
5.770442025206020190e-03
5.773356464354026038e-03
5.776349737058248703e-03
5.779420318930748521e-03
5.782624341727115452e-03
5.786034857740079279e-03
5.789547201341965592e-03
5.793210129440645728e-03
5.797043121849193049e-03
5.801000840300974369e-03
5.805045757000999208e-03
5.809351848964994583e-03
5.813894566981500818e-03
5.818695392757624631e-03
5.823758070072211114e-03
5.829162319267891350e-03
5.835029880202704383e-03
5.841245238207329847e-03
5.848053427561093059e-03
5.855508938293098320e-03
5.863875868055062023e-03
5.873095327404828994e-03
5.883785986652912033e-03
5.896483770495103589e-03
5.911737817069719417e-03
5.931528536897946388e-03
5.959444221497779692e-03
6.012635313214532116e-03
