5.000000000000000000e+02 2.379439065788382845e-11
5.012999877929687500e+02 2.391046733561645166e-11
5.025999755859375000e+02 2.402715192862312839e-11
5.038999938964843750e+02 2.414445322180665755e-11
5.051999816894531250e+02 2.426237121516704561e-11
5.064999694824218750e+02 2.438091645058765190e-11
5.078000183105468750e+02 2.450009595599072459e-11
5.091000061035156250e+02 2.461990446043457594e-11
5.103999938964843750e+02 2.474035426278313864e-11
5.117000122070312500e+02 2.486144712001696666e-11
5.130000000000000000e+02 2.498319181703886536e-11
5.142999877929687500e+02 2.510559713875164336e-11
5.155999755859375000e+02 2.522865254327193807e-11
5.168999633789062500e+02 2.535237911436646818e-11
5.181999511718750000e+02 2.547677860901580381e-11
5.195000000000000000e+02 2.560185278420049892e-11
5.207999877929687500e+02 2.572761569576504663e-11
5.221000366210937500e+02 2.585406031578720523e-11
5.234000244140625000e+02 2.598120070011145492e-11
5.247000122070312500e+02 2.610903860571835611e-11
5.260000000000000000e+02 2.623758281751071742e-11
5.272999877929687500e+02 2.636684036341078378e-11
5.285999755859375000e+02 2.649681300039911240e-11
5.298999633789062500e+02 2.662750775639794499e-11
5.311999511718750000e+02 2.675893165932952648e-11
5.324999389648437500e+02 2.689108822315498421e-11
5.337999877929687500e+02 2.702399677466047640e-11
5.351000366210937500e+02 2.715764677196264697e-11
5.364000244140625000e+02 2.729204524298373762e-11
5.377000122070312500e+02 2.742720800054879543e-11
5.390000000000000000e+02 2.756313328767725675e-11
5.402999877929687500e+02 2.769983340323305104e-11
5.415999755859375000e+02 2.783731186117729591e-11
5.428999633789062500e+02 2.797557744641279998e-11
5.441999511718750000e+02 2.811463718686180495e-11
5.455000000000000000e+02 2.825449635346599211e-11
5.467999877929687500e+02 2.839516021716704598e-11
5.481000366210937500e+02 2.853663229192608741e-11
5.494000244140625000e+02 2.867892487660704263e-11
5.507000122070312500e+02 2.882204675611271700e-11
5.520000000000000000e+02 2.896599968742366774e-11
5.532999877929687500e+02 2.911079596940382752e-11
5.545999755859375000e+02 2.925643560205318665e-11
5.558999633789062500e+02 2.940293615517735589e-11
5.571999511718750000e+02 2.955029411481522082e-11
5.585000000000000000e+02 2.969852705077238574e-11
5.597999877929687500e+02 2.984763496304885065e-11
5.610999755859375000e+02 2.999762487956685725e-11
5.624000244140625000e+02 3.014851437013200983e-11
5.637000122070312500e+02 3.030029640682207960e-11
5.650000000000000000e+02 3.045298855944265791e-11
5.662999877929687500e+02 3.060659434195487855e-11
5.675999755859375000e+02 3.076112429624210409e-11
5.688999633789062500e+02 3.091659599210993881e-11
5.701999511718750000e+02 3.107299888767502013e-11
5.715000000000000000e+02 3.123035758066520051e-11
5.727999877929687500e+02 3.138866855711935911e-11
5.740999755859375000e+02 3.154794587288197933e-11
5.754000244140625000e+02 3.170819304191418204e-11
5.767000122070312500e+02 3.186942763402157799e-11
5.780000000000000000e+02 3.203165316316529448e-11
5.792999877929687500e+02 3.219487665726756678e-11
5.805999755859375000e+02 3.235910514425064305e-11
5.818999633789062500e+02 3.252435267995900672e-11
5.831999511718750000e+02 3.269062980627602035e-11
5.845000000000000000e+02 3.285794706508505945e-11
5.857999877929687500e+02 3.302630797034723194e-11
5.870999755859375000e+02 3.319571954998479246e-11
5.884000244140625000e+02 3.336619937380334529e-11
5.897000122070312500e+02 3.353774392784176312e-11
5.910000000000000000e+02 3.371037780982791131e-11
5.922999877929687500e+02 3.388410804768401867e-11
5.935999755859375000e+02 3.405893464141010457e-11
5.948999633789062500e+02 3.423487867477286831e-11
5.962000122070312500e+02 3.441195420361683208e-11
5.975000000000000000e+02 3.459015420001972186e-11
5.987999877929687500e+02 3.476949974774828218e-11
6.000999755859375000e+02 3.495000490264700292e-11
6.014000244140625000e+02 3.513166263679363590e-11
6.027000122070312500e+02 3.531449754791603358e-11
6.040000000000000000e+02 3.549852720581980025e-11
6.052999877929687500e+02 3.568375512446606968e-11
6.065999755859375000e+02 3.587018481781594980e-11
6.078999633789062500e+02 3.605783736963617869e-11
6.092000122070312500e+02 3.624673034973236061e-11
6.105000000000000000e+02 3.643686024414336825e-11
6.117999877929687500e+02 3.662824462267483173e-11
6.130999755859375000e+02 3.682089051324897340e-11
6.144000244140625000e+02 3.701481548567141044e-11
6.157000122070312500e+02 3.721003710974774068e-11
6.170000000000000000e+02 3.740655187151685619e-11
6.182999877929687500e+02 3.760438788266773674e-11
6.195999755859375000e+02 3.780354162923922917e-11
6.208999633789062500e+02 3.800404473688145995e-11
6.222000122070312500e+02 3.820590774747777872e-11
6.235000000000000000e+02 3.840912714706707756e-11
6.247999877929687500e+02 3.861372401941606868e-11
6.260999755859375000e+02 3.881971944829149661e-11
6.273999633789062500e+02 3.902710640577110023e-11
6.287000122070312500e+02 3.923591651750499311e-11
6.300000000000000000e+02 3.944616032537653136e-11
6.312999877929687500e+02 3.965784837126909047e-11
6.325999755859375000e+02 3.987100525291050350e-11
6.338999633789062500e+02 4.008562394237854813e-11
6.352000122070312500e+02 4.030175012116778903e-11
6.365000000000000000e+02 4.051935919155038020e-11
6.377999877929687500e+02 4.073849683502090570e-11
6.390999755859375000e+02 4.095915953761823822e-11
6.403999633789062500e+02 4.118137541103136399e-11
6.417000122070312500e+02 4.140515148318251179e-11
6.430000000000000000e+02 4.163050883783842615e-11
6.442999877929687500e+02 4.185745450292132940e-11
6.455999755859375000e+02 4.208601659012021423e-11
6.469000244140625000e+02 4.231620915527955761e-11
6.482000122070312500e+02 4.254803571236048685e-11
6.495000000000000000e+02 4.278152437305197527e-11
6.507999877929687500e+02 4.301668216527626458e-11
6.520999755859375000e+02 4.325353017280008638e-11
6.533999633789062500e+02 4.349209299335128666e-11
6.547000122070312500e+02 4.373238468277436177e-11
6.560000000000000000e+02 4.397441226899153404e-11
6.572999877929687500e+02 4.421820386369180263e-11
6.585999755859375000e+02 4.446378055064188620e-11
6.599000244140625000e+02 4.471115638568628113e-11
6.612000122070312500e+02 4.496033839674720972e-11
6.625000000000000000e+02 4.521136172343590638e-11
6.637999877929687500e+02 4.546423339367461284e-11
6.650999755859375000e+02 4.571897449123004777e-11
6.663999633789062500e+02 4.597560961383007654e-11
6.677000122070312500e+02 4.623415633128029697e-11
6.690000000000000000e+02 4.649463572734744714e-11
6.702999877929687500e+02 4.675706537183713777e-11
6.715999755859375000e+02 4.702146283455496669e-11
6.729000244140625000e+02 4.728786676907328270e-11
6.742000122070312500e+02 4.755627717539207288e-11
6.755000000000000000e+02 4.782670459539471273e-11
6.767999877929687500e+02 4.809920173849802800e-11
6.780999755859375000e+02 4.837377914658537481e-11
6.793999633789062500e+02 4.865044384757900779e-11
6.806999511718750000e+02 4.892922395316789379e-11
6.820000000000000000e+02 4.921016514484661687e-11
6.832999877929687500e+02 4.949326742261517703e-11
6.845999755859375000e+02 4.977856241212366843e-11
6.859000244140625000e+02 5.006607471109994354e-11
6.872000122070312500e+02 5.035582188934960662e-11
6.885000000000000000e+02 5.064781800271714758e-11
6.897999877929687500e+02 5.094210170477490874e-11
6.910999755859375000e+02 5.123871164909523246e-11
6.923999633789062500e+02 5.153764432171697849e-11
6.936999511718750000e+02 5.183893837621250856e-11
6.950000000000000000e+02 5.214261489634852842e-11
6.962999877929687500e+02 5.244870902173626602e-11
6.976000366210937500e+02 5.275726291990919748e-11
6.989000244140625000e+02 5.306826956294506171e-11
7.002000122070312500e+02 5.338176057649394640e-11
7.015000000000000000e+02 5.369777461412820683e-11
7.027999877929687500e+02 5.401634681545905803e-11
7.040999755859375000e+02 5.433749123633098341e-11
7.053999633789062500e+02 5.466123950239407067e-11
7.066999511718750000e+02 5.498762675325954778e-11
7.080000000000000000e+02 5.531667407269413987e-11
7.092999877929687500e+02 5.564842362823130367e-11
7.106000366210937500e+02 5.598290704552114628e-11
7.119000244140625000e+02 5.632013838040813819e-11
7.132000122070312500e+02 5.666015628646463468e-11
7.145000000000000000e+02 5.700299238934072344e-11
7.157999877929687500e+02 5.734867480072537134e-11
7.170999755859375000e+02 5.769725974399653145e-11
7.183999633789062500e+02 5.804875073311532463e-11
7.196999511718750000e+02 5.840318642165409322e-11
7.210000000000000000e+02 5.876061249110740836e-11
7.222999877929687500e+02 5.912107462296986702e-11
7.236000366210937500e+02 5.948458687308595263e-11
7.249000244140625000e+02 5.985118438106686082e-11
7.262000122070312500e+02 6.022089525860159723e-11
7.275000000000000000e+02 6.059378978491257896e-11
7.287999877929687500e+02 6.096988201584428946e-11
7.300999755859375000e+02 6.134920709100795020e-11
7.313999633789062500e+02 6.173180015001476974e-11
7.326999511718750000e+02 6.211772444416496228e-11
7.340000000000000000e+02 6.250699402930298538e-11
7.352999877929687500e+02 6.289967918465130787e-11
7.366000366210937500e+02 6.329578693813213269e-11
7.379000244140625000e+02 6.369536648520119059e-11
7.392000122070312500e+02 6.409846702131417357e-11
7.405000000000000000e+02 6.450513774192678654e-11
7.417999877929687500e+02 6.491539973080576755e-11
7.430999755859375000e+02 6.532932326717353373e-11
7.443999633789062500e+02 6.574692943479683607e-11
7.456999511718750000e+02 6.616828148497584998e-11
7.469999389648437500e+02 6.659341455732179695e-11
7.482999877929687500e+02 6.702240595897936165e-11
7.496000366210937500e+02 6.745524866202627654e-11
7.509000244140625000e+02 6.789202700152949385e-11
7.522000122070312500e+02 6.833276908917798043e-11
7.535000000000000000e+02 6.877753114834965707e-11
7.547999877929687500e+02 6.922638345826697965e-11
7.560999755859375000e+02 6.967935413061891503e-11
7.573999633789062500e+02 7.013651344462789325e-11
7.586999511718750000e+02 7.059789653990516166e-11
7.599999389648437500e+02 7.106355261190637346e-11
7.612999877929687500e+02 7.153359410738746067e-11
7.626000366210937500e+02 7.200799291465943060e-11
7.639000244140625000e+02 7.248684742463370599e-11
7.652000122070312500e+02 7.297019980484372420e-11
7.665000000000000000e+02 7.345812736243419575e-11
7.677999877929687500e+02 7.395067929286078679e-11
7.690999755859375000e+02 7.444791181950148270e-11
7.703999633789062500e+02 7.494989522157867478e-11
7.716999511718750000e+02 7.545667869454810670e-11
7.729999389648437500e+02 7.596833954555442437e-11
7.742999877929687500e+02 7.648497616550905054e-11
7.755999755859375000e+02 7.700656044272301836e-11
7.769000244140625000e+02 7.753321887979669158e-11
7.782000122070312500e+02 7.806502175595251317e-11
7.795000000000000000e+02 7.860201123872393340e-11
7.807999877929687500e+02 7.914427869110013332e-11
7.820999755859375000e+02 7.969188736438130125e-11
7.833999633789062500e+02 8.024492159363433774e-11
7.846999511718750000e+02 8.080343057431497356e-11
7.860000000000000000e+02 8.136751269733459268e-11
7.872999877929687500e+02 8.193723824191562514e-11
7.885999755859375000e+02 8.251264234766931829e-11
7.899000244140625000e+02 8.309386557304051929e-11
7.912000122070312500e+02 8.368095711348494598e-11
7.925000000000000000e+02 8.427399427614724427e-11
7.937999877929687500e+02 8.487306842401660813e-11
7.950999755859375000e+02 8.547825686423769638e-11
7.963999633789062500e+02 8.608964393187744835e-11
7.976999511718750000e+02 8.670734207369174436e-11
7.990000000000000000e+02 8.733142859682525617e-11
8.002999877929687500e+02 8.796197378050042676e-11
8.015999755859375000e+02 8.859907601562866595e-11
8.029000244140625000e+02 8.924281963727688720e-11
8.042000122070312500e+02 8.989332412012322549e-11
8.055000000000000000e+02 9.055065974339012378e-11
8.067999877929687500e+02 9.121494598175571704e-11
8.080999755859375000e+02 9.188628825405364387e-11
8.093999633789062500e+02 9.256475683950637309e-11
8.106999511718750000e+02 9.325047824071424261e-11
8.120000000000000000e+02 9.394359301612213837e-11
8.132999877929687500e+02 9.464414333326352356e-11
8.145999755859375000e+02 9.535223461097203681e-11
8.159000244140625000e+02 9.606804254730377261e-11
8.172000122070312500e+02 9.679162336563667759e-11
8.185000000000000000e+02 9.752313168026012112e-11
8.197999877929687500e+02 9.826267993792995768e-11
8.210999755859375000e+02 9.901035950163538122e-11
8.223999633789062500e+02 9.976632498566573526e-11
8.236999511718750000e+02 1.005306818088546713e-10
8.250000000000000000e+02 1.013035986413360423e-10
8.262999877929687500e+02 1.020851387344100234e-10
8.275999755859375000e+02 1.028754567023659842e-10
8.288999633789062500e+02 1.036747141874154969e-10
8.302000122070312500e+02 1.044830236363144677e-10
8.315000000000000000e+02 1.053005256075077697e-10
8.327999877929687500e+02 1.061273676873625174e-10
8.340999755859375000e+02 1.069637115180902963e-10
8.353999633789062500e+02 1.078096765743692541e-10
8.367000122070312500e+02 1.086654736938666811e-10
8.380000000000000000e+02 1.095311590999605367e-10
8.392999877929687500e+02 1.104069576861625946e-10
8.405999755859375000e+02 1.112930029829954860e-10
8.418999633789062500e+02 1.121894777164375471e-10
8.432000122070312500e+02 1.130965505566226179e-10
8.445000000000000000e+02 1.140143761178400160e-10
8.457999877929687500e+02 1.149431371260681293e-10
8.470999755859375000e+02 1.158830163072852295e-10
8.483999633789062500e+02 1.168341682757806987e-10
8.497000122070312500e+02 1.177968600925997868e-10
8.510000000000000000e+02 1.187711550090426820e-10
8.522999877929687500e+02 1.197573130582324053e-10
8.535999755859375000e+02 1.207555310219917246e-10
8.548999633789062500e+02 1.217660056821434853e-10
8.562000122070312500e+02 1.227889478763549906e-10
8.575000610351562500e+02 1.238245965539825105e-10
8.588000488281250000e+02 1.248731063293153883e-10
8.601000366210937500e+02 1.259346880400209530e-10
8.614000244140625000e+02 1.270096228029888990e-10
8.627000122070312500e+02 1.280980933441975883e-10
8.640000000000000000e+02 1.292003526688477485e-10
8.652999877929687500e+02 1.303166537821402104e-10
8.665999755859375000e+02 1.314471934658976902e-10
8.678999633789062500e+02 1.325922668928544951e-10
8.692000122070312500e+02 1.337521270682113007e-10
8.705000000000000000e+02 1.349269848296355394e-10
8.717999877929687500e+02 1.361171353498612856e-10
8.730999755859375000e+02 1.373229019133118131e-10
8.743999633789062500e+02 1.385444672459654581e-10
8.756999511718750000e+02 1.397821686880898747e-10
8.769999389648437500e+02 1.410363154682637497e-10
8.782999267578125000e+02 1.423071465358434048e-10
8.795999145507812500e+02 1.435949992310965197e-10
8.809000244140625000e+02 1.449002952293576490e-10
8.822000122070312500e+02 1.462231329215382540e-10
8.835000000000000000e+02 1.475639620946618562e-10
8.848000488281250000e+02 1.489230498097737698e-10
8.861000366210937500e+02 1.503008036863640658e-10
8.874000244140625000e+02 1.516975891763893908e-10
8.887000122070312500e+02 1.531136873967395167e-10
8.900000000000000000e+02 1.545495200227490239e-10
8.912999877929687500e+02 1.560054525063745330e-10
8.925999755859375000e+02 1.574818502995727940e-10
8.938999633789062500e+02 1.589791069659893428e-10
8.951999511718750000e+02 1.604976441809588374e-10
8.965000000000000000e+02 1.620378695639713486e-10
8.977999877929687500e+02 1.636001907345169992e-10
8.990999755859375000e+02 1.651850574796194139e-10
9.003999633789062500e+02 1.667929055304576563e-10
9.016999511718750000e+02 1.684241846740552738e-10
9.029999389648437500e+02 1.700793868649693152e-10
9.042999267578125000e+02 1.717589197226899552e-10
9.055999145507812500e+02 1.734634017043745159e-10
9.069000244140625000e+02 1.751933388204245560e-10
9.082000122070312500e+02 1.769490262435743305e-10
9.095000000000000000e+02 1.787311667660481402e-10
9.108000488281250000e+02 1.805402523424030339e-10
9.121000366210937500e+02 1.823768592622629615e-10
9.134000244140625000e+02 1.842415075918739388e-10
9.147000122070312500e+02 1.861348860676158089e-10
9.160000000000000000e+02 1.880575288115790709e-10
9.172999877929687500e+02 1.900100823926101436e-10
9.185999755859375000e+02 1.919931231003329247e-10
9.198999633789062500e+02 1.940073818386607334e-10
9.211999511718750000e+02 1.960535051764400398e-10
9.225000000000000000e+02 1.981321396825171332e-10
9.237999877929687500e+02 2.002440162608054101e-10
9.250999755859375000e+02 2.023898798710625955e-10
9.263999633789062500e+02 2.045704614172020083e-10
9.276999511718750000e+02 2.067865199148259863e-10
9.289999389648437500e+02 2.090389268262926825e-10
9.302999267578125000e+02 2.113283427762929473e-10
9.316000366210937500e+02 2.136559203440747058e-10
9.329000244140625000e+02 2.160220812049725900e-10
9.342000122070312500e+02 2.184279076590120563e-10
9.355000000000000000e+02 2.208743133360847082e-10
9.367999877929687500e+02 2.233622399777712195e-10
9.381000366210937500e+02 2.258926152698076771e-10
9.394000244140625000e+02 2.284665074563751058e-10
9.407000122070312500e+02 2.310848582790540501e-10
9.420000000000000000e+02 2.337487640937145272e-10
9.432999877929687500e+02 2.364593072003820452e-10
9.445999755859375000e+02 2.392175417873930420e-10
9.458999633789062500e+02 2.420247750482848379e-10
9.471999511718750000e+02 2.448819908921714795e-10
9.484999389648437500e+02 2.477905667918126525e-10
9.497999877929687500e+02 2.507517115498342417e-10
9.510999755859375000e+02 2.537667183039290324e-10
9.523999633789062500e+02 2.568369645268566586e-10
9.536999511718750000e+02 2.599637995796879427e-10
9.549999389648437500e+02 2.631486290468715375e-10
9.562999267578125000e+02 2.663929990713009297e-10
9.576000366210937500e+02 2.696986525776925811e-10
9.589000244140625000e+02 2.730666015868493500e-10
9.602000122070312500e+02 2.764988139169996395e-10
9.615000000000000000e+02 2.799969481577926489e-10
9.627999877929687500e+02 2.835626910105668545e-10
9.641000366210937500e+02 2.871978978467945336e-10
9.654000244140625000e+02 2.909044240379480153e-10
9.667000122070312500e+02 2.946840968438104032e-10
9.680000000000000000e+02 2.985389965293658646e-10
9.692999877929687500e+02 3.024711471362204780e-10
9.705999755859375000e+02 3.064826289293582038e-10
9.718999633789062500e+02 3.105757470672749958e-10
9.731999511718750000e+02 3.147526942617105784e-10
9.744999389648437500e+02 3.190157756711610087e-10
9.757999877929687500e+02 3.233675494593227870e-10
9.770999755859375000e+02 3.278105456782034468e-10
9.783999633789062500e+02 3.323473506031886103e-10
9.796999511718750000e+02 3.369806629564197671e-10
9.809999389648437500e+02 3.417133782418611748e-10
9.823000488281250000e+02 3.465487011920557264e-10
9.836000366210937500e+02 3.514889931888772575e-10
9.849000244140625000e+02 3.565377963051364701e-10
9.862000122070312500e+02 3.616983714967541908e-10
9.875000000000000000e+02 3.669740359430293350e-10
9.887999877929687500e+02 3.723684441635285237e-10
9.900999755859375000e+02 3.778852225661293077e-10
9.914000244140625000e+02 3.835282224522208692e-10
9.927000122070312500e+02 3.893012951231928555e-10
9.940000000000000000e+02 3.952087416674580219e-10
9.952999877929687500e+02 4.012547788383624814e-10
9.965999755859375000e+02 4.074439326178309307e-10
9.978999633789062500e+02 4.137807852111660004e-10
9.991999511718750000e+02 4.202703123873161152e-10
1.000499938964843750e+03 4.269174899152294414e-10
1.001799987792968750e+03 4.337276590158110246e-10
1.003099975585937500e+03 4.407062733567217261e-10
1.004399963378906250e+03 4.478591239458900611e-10
1.005699951171875000e+03 4.551922266847563311e-10
1.006999938964843750e+03 4.627117661448947940e-10
1.008300048828125000e+03 4.704249389186825143e-10
1.009600036621093750e+03 4.783374797906701251e-10
1.010900024414062500e+03 4.864568664701247212e-10
1.012200012207031250e+03 4.947909140065807411e-10
1.013500000000000000e+03 5.033473250028169628e-10
1.014799987792968750e+03 5.121341394018799731e-10
1.016099975585937500e+03 5.211600718273512530e-10
1.017400024414062500e+03 5.304341742430805064e-10
1.018700012207031250e+03 5.399657235064289648e-10
1.020000000000000000e+03 5.497646711552929609e-10
1.021299987792968750e+03 5.598415871847269252e-10
1.022599975585937500e+03 5.702069853664066308e-10
1.023899963378906250e+03 5.808726163863231158e-10
1.025199951171875000e+03 5.918503433772232859e-10
1.026500000000000000e+03 6.031528165991450151e-10
1.027799926757812500e+03 6.147934172160398324e-10
1.029099975585937500e+03 6.267860886256385005e-10
1.030399902343750000e+03 6.391457300230969651e-10
1.031699951171875000e+03 6.518876903905947449e-10
1.033000000000000000e+03 6.650293427519174888e-10
1.034300048828125000e+03 6.785861485360005828e-10
1.035599975585937500e+03 6.925771674679682039e-10
1.036900024414062500e+03 7.070220215067236590e-10
1.038200073242187500e+03 7.219407261748158944e-10
1.039500000000000000e+03 7.373550961428887688e-10
1.040800048828125000e+03 7.532878456556324595e-10
1.042099975585937500e+03 7.697632632123203217e-10
1.043400024414062500e+03 7.868067617797842808e-10
1.044699951171875000e+03 8.044456659197065252e-10
1.046000000000000000e+03 8.227090993418637420e-10
1.047299926757812500e+03 8.416274788937248864e-10
1.048599975585937500e+03 8.612335265812554363e-10
1.049900024414062500e+03 8.815618197818926814e-10
1.051199951171875000e+03 9.026494659250815485e-10
1.052500000000000000e+03 9.245357651520069989e-10
1.053799926757812500e+03 9.472628287727512992e-10
1.055099975585937500e+03 9.708756354896720585e-10
1.056399902343750000e+03 9.954218627272683238e-10
1.057699951171875000e+03 1.020953123546495225e-09
1.059000000000000000e+03 1.047526428452591181e-09
1.060300048828125000e+03 1.075196539015676435e-09
1.061599975585937500e+03 1.104028561907413722e-09
1.062900024414062500e+03 1.134090527415118739e-09
1.064199951171875000e+03 1.165455301036610519e-09
1.065500000000000000e+03 1.198201595501015056e-09
1.066800048828125000e+03 1.232413970768764695e-09
1.068099975585937500e+03 1.268183958499156796e-09
1.069400024414062500e+03 1.305609949603598907e-09
1.070699951171875000e+03 1.344799105840457681e-09
1.072000000000000000e+03 1.385866797581280158e-09
1.073299926757812500e+03 1.428938627852400413e-09
1.074599975585937500e+03 1.474150432334937489e-09
1.075900024414062500e+03 1.521650640746671920e-09
1.077199951171875000e+03 1.571600389288799530e-09
1.078500000000000000e+03 1.624175769581050438e-09
1.079799926757812500e+03 1.679569065576002767e-09
1.081099975585937500e+03 1.737990102920155126e-09
1.082399902343750000e+03 1.799670521930648743e-09
1.083700073242187500e+03 1.864868275465504018e-09
1.085000000000000000e+03 1.933851886377796197e-09
1.086300048828125000e+03 2.006933281968374648e-09
1.087599975585937500e+03 2.084452051440038734e-09
1.088900024414062500e+03 2.166784216744498370e-09
1.090199951171875000e+03 2.254343806836954507e-09
1.091500000000000000e+03 2.347596576180319922e-09
1.092800048828125000e+03 2.447055956662006337e-09
1.094099975585937500e+03 2.553298800139749986e-09
1.095400024414062500e+03 2.666968976737798549e-09
1.096699951171875000e+03 2.788791543138156648e-09
1.098000000000000000e+03 2.919579264492425739e-09
1.099299926757812500e+03 3.060252854837864385e-09
1.100599975585937500e+03 3.211853571134051601e-09
1.101899902343750000e+03 3.375563228785430844e-09
1.103199951171875000e+03 3.552729614608148450e-09
1.104500000000000000e+03 3.744894373625509161e-09
1.105799926757812500e+03 3.953826293307724457e-09
1.107099975585937500e+03 4.181563808445638704e-09
1.108399902343750000e+03 4.430464252829813549e-09
1.109700073242187500e+03 4.703290668146073682e-09
1.111000000000000000e+03 5.003198760151826218e-09
1.112300048828125000e+03 5.333957744104635550e-09
1.113599975585937500e+03 5.699989476233273476e-09
1.114900024414062500e+03 6.106534425149421667e-09
1.116199951171875000e+03 6.559837883675427777e-09
1.117500000000000000e+03 7.067388355966803061e-09
1.118800048828125000e+03 7.638230159493609840e-09
1.120099975585937500e+03 8.283351591241798474e-09
1.121400024414062500e+03 9.016214776826993512e-09
1.122699951171875000e+03 9.853433949326030586e-09
1.124000000000000000e+03 1.081569481395315656e-08
1.125299926757812500e+03 1.192898696450462407e-08
1.126599975585937500e+03 1.322627889023448272e-08
1.127899902343750000e+03 1.474984427434051467e-08
1.129199951171875000e+03 1.655447977033090544e-08
1.130500000000000000e+03 1.871209193009064717e-08
1.131799926757812500e+03 2.131818133361342645e-08
1.133099975585937500e+03 2.450129531308908631e-08
1.134400024414062500e+03 2.843709549185296990e-08
1.135700073242187500e+03 3.336716607856376525e-08
1.137000000000000000e+03 3.963015172327161006e-08
1.138300048828125000e+03 4.770231031546368221e-08
1.139599975585937500e+03 5.825345749405651291e-08
1.140900024414062500e+03 7.220813228515803189e-08
1.142199951171875000e+03 9.076878452270693780e-08
1.143500000000000000e+03 1.152528080140907088e-07
1.144800048828125000e+03 1.463531554427186511e-07
1.146099975585937500e+03 1.821466166582972312e-07
1.147400024414062500e+03 2.149660572876238435e-07
1.148699951171875000e+03 2.314674549925804415e-07
1.150000000000000000e+03 2.224601280073393115e-07
1.151299926757812500e+03 1.932867257604486411e-07
1.152599975585937500e+03 1.575297800545920455e-07
1.153899902343750000e+03 1.249434226591785408e-07
1.155199951171875000e+03 9.884001475448234372e-08
1.156500000000000000e+03 7.898820028876086701e-08
1.157799926757812500e+03 6.408389195393208686e-08
1.159099975585937500e+03 5.283375415092549801e-08
1.160400024414062500e+03 4.424702481057809194e-08
1.161700073242187500e+03 3.760532568861188472e-08
1.163000000000000000e+03 3.239369742088317868e-08
1.164300048828125000e+03 2.824424660677275023e-08
1.165599975585937500e+03 2.489370570478937071e-08
1.166900024414062500e+03 2.215214764635796713e-08
1.168199951171875000e+03 1.988120354984190496e-08
1.169500000000000000e+03 1.797906322288077728e-08
1.170800048828125000e+03 1.637007788555343654e-08
1.172099975585937500e+03 1.499767512518262737e-08
1.173400024414062500e+03 1.381923852085859938e-08
1.174699951171875000e+03 1.280245177451148442e-08
1.176000000000000000e+03 1.192263687130578153e-08
1.177299926757812500e+03 1.116083708734586957e-08
1.178599975585937500e+03 1.050241005586626352e-08
1.179899902343750000e+03 9.936036436631659138e-09
1.181199951171875000e+03 9.452918395460915016e-09
1.182500000000000000e+03 9.046172391745227942e-09
1.183799926757812500e+03 8.710445959904049157e-09
1.185099975585937500e+03 8.441548884025746642e-09
1.186400024414062500e+03 8.236345248981950907e-09
1.187700073242187500e+03 8.092437689937001586e-09
1.189000000000000000e+03 8.008120614497503288e-09
1.190300048828125000e+03 7.982324429121390552e-09
1.191599975585937500e+03 8.014495895769665088e-09
1.192900024414062500e+03 8.104662001663743342e-09
1.194199951171875000e+03 8.253379583138809709e-09
1.195500000000000000e+03 8.461845973251623136e-09
1.196799926757812500e+03 8.731922390705740852e-09
1.198099975585937500e+03 9.066298561902146286e-09
1.199400024414062500e+03 9.468675334470819085e-09
1.200699951171875000e+03 9.943956286542779474e-09
1.202000000000000000e+03 1.049859136403610671e-08
1.203299926757812500e+03 1.114097988982904891e-08
1.204599975585937500e+03 1.188213085111065009e-08
1.205899902343750000e+03 1.273644912709794048e-08
1.207199951171875000e+03 1.372276460174589630e-08
1.208499877929687500e+03 1.486564644143031244e-08
1.209800048828125000e+03 1.619739385231416352e-08
1.211099975585937500e+03 1.776015007935839413e-08
1.212400024414062500e+03 1.961009891925189256e-08
1.213700073242187500e+03 2.182207413782908758e-08
1.215000000000000000e+03 2.449692698151612062e-08
1.216300048828125000e+03 2.777197383031446253e-08
1.217599975585937500e+03 3.183576720365513897e-08
1.218900024414062500e+03 3.694879855751986255e-08
1.220199951171875000e+03 4.347264988101304261e-08
1.221500000000000000e+03 5.191215853109985473e-08
1.222799926757812500e+03 6.298425983528661518e-08
1.224099975585937500e+03 7.770121928075946215e-08
1.225400024414062500e+03 9.736206497115926214e-08
1.226699951171875000e+03 1.232589738541837451e-07
1.228000000000000000e+03 1.556703820889072512e-07
1.229299926757812500e+03 1.914778622664366667e-07
1.230599975585937500e+03 2.212140668235947111e-07
1.231899902343750000e+03 2.312845176143517436e-07
1.233199951171875000e+03 2.157821364700148335e-07
1.234499877929687500e+03 1.834145986624228071e-07
1.235800048828125000e+03 1.475964675281751435e-07
1.237099975585937500e+03 1.162785383256146025e-07
1.238400024414062500e+03 9.155599817307292732e-08
1.239700073242187500e+03 7.279702224279283616e-08
1.241000000000000000e+03 5.869239925291974849e-08
1.242300048828125000e+03 4.803164077582961794e-08
1.243599975585937500e+03 3.987994544468461058e-08
1.244900024414062500e+03 3.355901283815545314e-08
1.246199951171875000e+03 2.858630064246159146e-08
1.247500000000000000e+03 2.461903156438025992e-08
1.248799926757812500e+03 2.141193134251135909e-08
1.250099975585937500e+03 1.878753020968476463e-08
1.251400024414062500e+03 1.661577494675570657e-08
1.252699951171875000e+03 1.480008188657773210e-08
1.254000000000000000e+03 1.326779243336242427e-08
1.255299926757812500e+03 1.196354590067403768e-08
1.256599975585937500e+03 1.084466199784547769e-08
1.257899902343750000e+03 9.877862782150474818e-09
1.259199951171875000e+03 9.036938264151220095e-09
1.260500000000000000e+03 8.300969748955258117e-09
1.261800048828125000e+03 7.653327710726950324e-09
1.263099975585937500e+03 7.080386301374093666e-09
1.264400024414062500e+03 6.571076262246489269e-09
1.265699951171875000e+03 6.116291205264824429e-09
1.267000000000000000e+03 5.708492699913971184e-09
1.268300048828125000e+03 5.341394522752435394e-09
1.269599975585937500e+03 5.009725169863909370e-09
1.270900024414062500e+03 4.709038046733323041e-09
1.272199951171875000e+03 4.435561239380972850e-09
1.273500000000000000e+03 4.186080569736385748e-09
1.274799926757812500e+03 3.957841542067183793e-09
1.276099975585937500e+03 3.748473104078588688e-09
1.277400024414062500e+03 3.555929174600354189e-09
1.278699951171875000e+03 3.378431745528285209e-09
1.280000000000000000e+03 3.214432874820745949e-09
1.281299926757812500e+03 3.062578928430286210e-09
1.282599975585937500e+03 2.921682693508177177e-09
1.283899902343750000e+03 2.790699089905141584e-09
1.285199951171875000e+03 2.668705154648801039e-09
1.286500000000000000e+03 2.554873504509288428e-09
1.287800048828125000e+03 2.448497074285543292e-09
1.289099975585937500e+03 2.348919624710168399e-09
1.290400024414062500e+03 2.255563179457868014e-09
1.291699951171875000e+03 2.167910033664508281e-09
1.293000000000000000e+03 2.085496681802293359e-09
1.294300048828125000e+03 2.007905271726321563e-09
1.295599975585937500e+03 1.934759556591371658e-09
1.296900024414062500e+03 1.865718822727085606e-09
1.298199951171875000e+03 1.800475753149605016e-09
1.299500000000000000e+03 1.738750467883509968e-09
1.300799926757812500e+03 1.680289287047503435e-09
1.302099975585937500e+03 1.624860795217956339e-09
1.303399902343750000e+03 1.572254604514590527e-09
1.304699951171875000e+03 1.522277306517268787e-09
1.306000000000000000e+03 1.474753146946529016e-09
1.307299926757812500e+03 1.429519977580371965e-09
1.308599975585937500e+03 1.386429930934797055e-09
1.309899902343750000e+03 1.345346271754637686e-09
1.311200073242187500e+03 1.306140136057638799e-09
1.312500000000000000e+03 1.268702113150315981e-09
1.313800048828125000e+03 1.232922117658649200e-09
1.315099975585937500e+03 1.198701083990695911e-09
1.316400024414062500e+03 1.165947705380670072e-09
1.317699951171875000e+03 1.134577084527871534e-09
1.319000000000000000e+03 1.104510396256419259e-09
1.320300048828125000e+03 1.075674775068493388e-09
1.321599975585937500e+03 1.048001965783266489e-09
1.322900024414062500e+03 1.021428773323926401e-09
1.324199951171875000e+03 9.958965004838964861e-10
1.325500000000000000e+03 9.713497110125208839e-10
1.326799926757812500e+03 9.477372416358677267e-10
1.328099975585937500e+03 9.250108526956588376e-10
1.329399902343750000e+03 9.031259028298041062e-10
1.330699951171875000e+03 8.820401120580875681e-10
1.332000000000000000e+03 8.617140677925680845e-10
1.333299926757812500e+03 8.421108312739349434e-10
1.334599975585937500e+03 8.231953753377268683e-10
1.335899902343750000e+03 8.049354277650024715e-10
1.337200073242187500e+03 7.872986601134423280e-10
1.338500000000000000e+03 7.702590409590566213e-10
1.339800048828125000e+03 7.537878963790927542e-10
1.341099975585937500e+03 7.378595885132067562e-10
1.342400024414062500e+03 7.224499413088815533e-10
1.343699951171875000e+03 7.075360718512926500e-10
1.345000000000000000e+03 6.930963903633084394e-10
1.346300048828125000e+03 6.791102628652222909e-10
1.347599975585937500e+03 6.655588545254220727e-10
1.348900024414062500e+03 6.524235554058072843e-10
1.350199951171875000e+03 6.396871049293482478e-10
1.351500000000000000e+03 6.273331983164403647e-10
1.352799926757812500e+03 6.153462054680143444e-10
1.354099975585937500e+03 6.037113958590480422e-10
1.355399902343750000e+03 5.924146011982989608e-10
1.356699951171875000e+03 5.814428338854613137e-10
1.358000000000000000e+03 5.707832187669850786e-10
1.359299926757812500e+03 5.604238364867456230e-10
1.360599975585937500e+03 5.503531050288859165e-10
1.361900024414062500e+03 5.405594423775487221e-10
1.363200073242187500e+03 5.310341339091525586e-10
1.364500000000000000e+03 5.217663285117533271e-10
1.365800048828125000e+03 5.127465244344782679e-10
1.367099975585937500e+03 5.039660070537453829e-10
1.368400024414062500e+03 4.954159492992171168e-10
1.369699951171875000e+03 4.870883112278469861e-10
1.371000000000000000e+03 4.789751653433445815e-10
1.372300048828125000e+03 4.710690339364428600e-10
1.373599975585937500e+03 4.633628328615205727e-10
1.374900024414062500e+03 4.558496466430901687e-10
1.376199951171875000e+03 4.485229533693097879e-10
1.377500000000000000e+03 4.413764841335385305e-10
1.378799926757812500e+03 4.344042792577137182e-10
1.380099975585937500e+03 4.276004915105291608e-10
1.381399902343750000e+03 4.209597234477017238e-10
1.382699951171875000e+03 4.144766619600155353e-10
1.384000000000000000e+03 4.081461063850105392e-10
1.385299926757812500e+03 4.019634182940060162e-10
1.386599975585937500e+03 3.959237905881874977e-10
1.387900024414062500e+03 3.900223037219846476e-10
1.389200073242187500e+03 3.842555280693428382e-10
1.390500000000000000e+03 3.786190219834040665e-10
1.391800048828125000e+03 3.731086249342002566e-10
1.393099975585937500e+03 3.677205699554091268e-10
1.394400024414062500e+03 3.624512868625309050e-10
1.395699951171875000e+03 3.572971773593771106e-10
1.397000000000000000e+03 3.522547555965148721e-10
1.398299926757812500e+03 3.473208168414013482e-10
1.399599975585937500e+03 3.424921844731824578e-10
1.400900024414062500e+03 3.377658786528270427e-10
1.402199951171875000e+03 3.331389195413038931e-10
1.403500000000000000e+03 3.286084397463377183e-10
1.404799926757812500e+03 3.241717686574760989e-10
1.406099975585937500e+03 3.198262918876443941e-10
1.407399902343750000e+03 3.155695074965240891e-10
1.408699951171875000e+03 3.113988573204184767e-10
1.409999877929687500e+03 3.073120924242097436e-10
1.411299926757812500e+03 3.033068514260241060e-10
1.412599975585937500e+03 2.993806886089208791e-10
1.413900024414062500e+03 2.955321140533844580e-10
1.415200073242187500e+03 2.917586258190961728e-10
1.416500000000000000e+03 2.880584528696507501e-10
1.417800048828125000e+03 2.844295149400641260e-10
1.419099975585937500e+03 2.808700128822420086e-10
1.420400024414062500e+03 2.773780913247121204e-10
1.421699951171875000e+03 2.739521479012029893e-10
1.423000000000000000e+03 2.705904115753093417e-10
1.424299926757812500e+03 2.672912237573816167e-10
1.425599975585937500e+03 2.640530945279043126e-10
1.426900024414062500e+03 2.608744496322949240e-10
1.428199951171875000e+03 2.577537991510377943e-10
1.429500000000000000e+03 2.546898218347512231e-10
1.430799926757812500e+03 2.516809434288526532e-10
1.432099975585937500e+03 2.487260113540941853e-10
1.433399902343750000e+03 2.458235919143381998e-10
1.434699951171875000e+03 2.429725325303367976e-10
1.435999877929687500e+03 2.401715400643970898e-10
1.437299926757812500e+03 2.374193776022043801e-10
1.438599975585937500e+03 2.347148082294437134e-10
1.439900024414062500e+03 2.320570729305129073e-10
1.441200073242187500e+03 2.294448223443411911e-10
1.442500000000000000e+03 2.268771006735034593e-10
1.443800048828125000e+03 2.243528396738187389e-10
1.445099975585937500e+03 2.218710132686394815e-10
1.446400024414062500e+03 2.194307359397630245e-10
1.447699951171875000e+03 2.170310659456087459e-10
1.449000000000000000e+03 2.146709772095291487e-10
1.450299926757812500e+03 2.123497388276108882e-10
1.451599975585937500e+03 2.100663668907399177e-10
1.452900024414062500e+03 2.078201304950029442e-10
1.454199951171875000e+03 2.056101441221972275e-10
1.455500000000000000e+03 2.034356487567205593e-10
1.456799926757812500e+03 2.012958572712816609e-10
1.458099975585937500e+03 1.991900668736561286e-10
1.459399902343750000e+03 1.971175044923973223e-10
1.460699951171875000e+03 1.950774954469697532e-10
1.461999877929687500e+03 1.930693088334601799e-10
1.463300048828125000e+03 1.910921434687328661e-10
1.464599975585937500e+03 1.891456901242090474e-10
1.465900024414062500e+03 1.872291195050640723e-10
1.467200073242187500e+03 1.853418272099849469e-10
1.468500000000000000e+03 1.834832088376587805e-10
1.469800048828125000e+03 1.816526318750836897e-10
1.471099975585937500e+03 1.798496184235470313e-10
1.472400024414062500e+03 1.780735640817359922e-10
1.473699951171875000e+03 1.763239066158710285e-10
1.475000000000000000e+03 1.746001681272396264e-10
1.476299926757812500e+03 1.729017582703733268e-10
1.477599975585937500e+03 1.712282553699375495e-10
1.478900024414062500e+03 1.695791112479972858e-10
1.480199951171875000e+03 1.679538761175289627e-10
1.481500000000000000e+03 1.663520720798200146e-10
1.482799926757812500e+03 1.647732493478469201e-10
1.484099975585937500e+03 1.632170003021195048e-10
1.485399902343750000e+03 1.616827908205472953e-10
1.486699951171875000e+03 1.601702835628626375e-10
1.488000000000000000e+03 1.586789584628194898e-10
1.489300048828125000e+03 1.572086046827505489e-10
1.490599975585937500e+03 1.557587302680987918e-10
1.491900024414062500e+03 1.543289275993740955e-10
1.493199951171875000e+03 1.529188452804643230e-10
1.494500000000000000e+03 1.515281319152572333e-10
1.495800048828125000e+03 1.501564079959517740e-10
1.497099975585937500e+03 1.488033502381246973e-10
1.498400024414062500e+03 1.474685791339748470e-10
1.499699951171875000e+03 1.461517713990790787e-10
1.501000000000000000e+03 1.448526178048586278e-10
1.502299926757812500e+03 1.435708231785793165e-10
1.503599975585937500e+03 1.423060220682844723e-10
1.504899902343750000e+03 1.410579333570843492e-10
1.506199951171875000e+03 1.398262618722447695e-10
1.507500000000000000e+03 1.386107405527204446e-10
1.508799926757812500e+03 1.374110601699326617e-10
1.510099975585937500e+03 1.362269396069917006e-10
1.511399902343750000e+03 1.350580977470078152e-10
1.512699951171875000e+03 1.339042956406247874e-10
1.514000000000000000e+03 1.327652100034193432e-10
1.515300048828125000e+03 1.316407143327911319e-10
1.516599975585937500e+03 1.305304712884724736e-10
1.517900024414062500e+03 1.294342559769516078e-10
1.519199951171875000e+03 1.283518435047166962e-10
1.520500000000000000e+03 1.272829808665670373e-10
1.521800048828125000e+03 1.262274572248352503e-10
1.523099975585937500e+03 1.251850195743206337e-10
1.524400024414062500e+03 1.241554711332003678e-10
1.525699951171875000e+03 1.231386151196516330e-10
1.527000000000000000e+03 1.221342125843181334e-10
1.528299926757812500e+03 1.211420667453770753e-10
1.529599975585937500e+03 1.201619667651611557e-10
1.530899902343750000e+03 1.191937299176920641e-10
1.532199951171875000e+03 1.182371734769914126e-10
1.533500000000000000e+03 1.172920866053919758e-10
1.534799926757812500e+03 1.163583146886043583e-10
1.536099975585937500e+03 1.154356187772722903e-10
1.537399902343750000e+03 1.145238864246398785e-10
1.538700073242187500e+03 1.136228505696618733e-10
1.540000000000000000e+03 1.127324549889603151e-10
1.541300048828125000e+03 1.118525169565569193e-10
1.542599975585937500e+03 1.109828256347843441e-10
1.543900024414062500e+03 1.101232264093532590e-10
1.545199951171875000e+03 1.092735787218187650e-10
1.546500000000000000e+03 1.084337349858137862e-10
1.547800048828125000e+03 1.076035054474377446e-10
1.549099975585937500e+03 1.067827776599347342e-10
1.550400024414062500e+03 1.059713970090154113e-10
1.551699951171875000e+03 1.051692159083126483e-10
1.553000000000000000e+03 1.043760727156148600e-10
1.554299926757812500e+03 1.035919041796218580e-10
1.555599975585937500e+03 1.028164854068218430e-10
1.556899902343750000e+03 1.020497461179923977e-10
1.558199951171875000e+03 1.012915387267664075e-10
1.559500000000000000e+03 1.005417226746990123e-10
1.560799926757812500e+03 9.980017848711205117e-11
1.562099975585937500e+03 9.906678668932740221e-11
1.563399902343750000e+03 9.834145591835588434e-11
1.564700073242187500e+03 9.762396830860799154e-11
1.566000000000000000e+03 9.691433791592816848e-11
1.567300048828125000e+03 9.621238201433810477e-11
1.568599975585937500e+03 9.551803032461538329e-11
1.569900024414062500e+03 9.483112823247062175e-11
1.571199951171875000e+03 9.415158437491467789e-11
1.572500000000000000e+03 9.347929333311388725e-11
1.573800048828125000e+03 9.281415671615685293e-11
1.575099975585937500e+03 9.215606207728766875e-11
1.576400024414062500e+03 9.150492508143940833e-11
1.577699951171875000e+03 9.086063328185620426e-11
1.579000000000000000e+03 9.022309531554888844e-11
1.580299926757812500e+03 8.959219873576155468e-11
1.581599975585937500e+03 8.896790137496072687e-11
1.582899902343750000e+03 8.835006267470157077e-11
1.584199951171875000e+03 8.773860532783938875e-11
1.585500000000000000e+03 8.713344499930726735e-11
1.586799926757812500e+03 8.653448329819379674e-11
1.588099975585937500e+03 8.594164994527655981e-11
1.589400024414062500e+03 8.535481843795514110e-11
1.590700073242187500e+03 8.477398877622957939e-11
1.592000000000000000e+03 8.419903445749945923e-11
1.593300048828125000e+03 8.362988520254236350e-11
1.594599975585937500e+03 8.306644262044689530e-11
1.595900024414062500e+03 8.250864345991284045e-11
1.597199951171875000e+03 8.195641041379554011e-11
1.598500000000000000e+03 8.140968023079480595e-11
1.599799926757812500e+03 8.086836154792146985e-11
1.601099975585937500e+03 8.033239111387531762e-11
1.602400024414062500e+03 7.980169162151171629e-11
1.603699951171875000e+03 7.927621387537492217e-11
1.605000000000000000e+03 7.875586651247579299e-11
1.606299926757812500e+03 7.824059330943638214e-11
1.607599975585937500e+03 7.773031695911199200e-11
1.608899902343750000e+03 7.722499529396921107e-11
1.610199951171875000e+03 7.672454397894106125e-11
1.611500000000000000e+03 7.622889976272738007e-11
1.612799926757812500e+03 7.573802047779470432e-11
1.614099975585937500e+03 7.525181476115385296e-11
1.615400024414062500e+03 7.477021936150467643e-11
1.616700073242187500e+03 7.429323427884714890e-11
1.618000000000000000e+03 7.382074706642536417e-11
1.619300048828125000e+03 7.335273664047262297e-11
1.620599975585937500e+03 7.288911163799973133e-11
1.621900024414062500e+03 7.242983691939548070e-11
1.623199951171875000e+03 7.197484923335969565e-11
1.624500000000000000e+03 7.152410641235891301e-11
1.625799926757812500e+03 7.107753817717068978e-11
1.627099975585937500e+03 7.063511641610604620e-11
1.628400024414062500e+03 7.019677084994256514e-11
1.629699951171875000e+03 6.976245931114675756e-11
1.631000000000000000e+03 6.933211152049623217e-11
1.632299926757812500e+03 6.890571342214647971e-11
1.633599975585937500e+03 6.848320176479731185e-11
1.634899902343750000e+03 6.806452032507076902e-11
1.636199951171875000e+03 6.764964099127791024e-11
1.637499877929687500e+03 6.723849348419626667e-11
1.638799926757812500e+03 6.683105672005911319e-11
1.640099975585937500e+03 6.642723230795506581e-11
1.641400024414062500e+03 6.602706944333981653e-11
1.642700073242187500e+03 6.563046973530194260e-11
1.644000000000000000e+03 6.523739101630801960e-11
1.645300048828125000e+03 6.484779814674678726e-11
1.646599975585937500e+03 6.446164193116256651e-11
1.647900024414062500e+03 6.407890128578863224e-11
1.649199951171875000e+03 6.369951998724702487e-11
1.650500000000000000e+03 6.332345586800428123e-11
1.651799926757812500e+03 6.295066676052695103e-11
1.653099975585937500e+03 6.258113158104830913e-11
1.654400024414062500e+03 6.221481518995712113e-11
1.655699951171875000e+03 6.185166136387545332e-11
1.657000000000000000e+03 6.149164901903656765e-11
1.658299926757812500e+03 6.113472895998477212e-11
1.659599975585937500e+03 6.078086604710884526e-11
1.660899902343750000e+03 6.043004622456429071e-11
1.662199951171875000e+03 6.008221326897317477e-11
1.663499877929687500e+03 5.973733906864651766e-11
1.664799926757812500e+03 5.939538145605084328e-11
1.666099975585937500e+03 5.905630529157496889e-11
1.667400024414062500e+03 5.872009300541326438e-11
1.668700073242187500e+03 5.838672351379899168e-11
1.670000000000000000e+03 5.805614762127646526e-11
1.671300048828125000e+03 5.772833018823447010e-11
1.672599975585937500e+03 5.740325364486738254e-11
1.673900024414062500e+03 5.708088285156398755e-11
1.675199951171875000e+03 5.676118266871308303e-11
1.676500000000000000e+03 5.644412498462567628e-11
1.677799926757812500e+03 5.612968168761281338e-11
1.679099975585937500e+03 5.581782115202438077e-11
1.680400024414062500e+03 5.550852229409365977e-11
1.681699951171875000e+03 5.520174997420942891e-11
1.683000000000000000e+03 5.489748310860496304e-11
1.684299926757812500e+03 5.459569358559127592e-11
1.685599975585937500e+03 5.429634977951829279e-11
1.686899902343750000e+03 5.399942006473590653e-11
1.688199951171875000e+03 5.370489038539962727e-11
1.689499877929687500e+03 5.341272911585936084e-11
1.690800048828125000e+03 5.312289057462052965e-11
1.692099975585937500e+03 5.283539233148874443e-11
1.693400024414062500e+03 5.255018519100829382e-11
1.694699951171875000e+03 5.226725861129582171e-11
1.696000000000000000e+03 5.198657393877897929e-11
1.697300048828125000e+03 5.170810657572992704e-11
1.698599975585937500e+03 5.143184246630416213e-11
1.699900024414062500e+03 5.115774998485160334e-11
1.701199951171875000e+03 5.088581156156663991e-11
1.702500000000000000e+03 5.061600259872141939e-11
1.703799926757812500e+03 5.034830201254919725e-11
1.705099975585937500e+03 5.008268871928326775e-11
1.706400024414062500e+03 4.981913460723464464e-11
1.707699951171875000e+03 4.955762913451995891e-11
1.709000000000000000e+03 4.929814067548912929e-11
1.710299926757812500e+03 4.904065868825877385e-11
1.711599975585937500e+03 4.878515506113993219e-11
1.712899902343750000e+03 4.853160871036585978e-11
1.714199951171875000e+03 4.827999855216985089e-11
1.715500000000000000e+03 4.803029998882402073e-11
1.716800048828125000e+03 4.778251302032839516e-11
1.718099975585937500e+03 4.753661304895512173e-11
1.719400024414062500e+03 4.729257196301521419e-11
1.720699951171875000e+03 4.705037922062530998e-11
1.722000000000000000e+03 4.681000319613532140e-11
1.723300048828125000e+03 4.657143334766187940e-11
1.724599975585937500e+03 4.633466967520498400e-11
1.725900024414062500e+03 4.609966298330892382e-11
1.727199951171875000e+03 4.586640624405147007e-11
1.728500000000000000e+03 4.563489242951036811e-11
1.729799926757812500e+03 4.540509342799664464e-11
1.731099975585937500e+03 4.517700221158807086e-11
1.732399902343750000e+03 4.495058715463453968e-11
1.733699951171875000e+03 4.472584474317491732e-11
1.735000000000000000e+03 4.450275740740361889e-11
1.736299926757812500e+03 4.428130054959278547e-11
1.737599975585937500e+03 4.406146362785904156e-11
1.738899902343750000e+03 4.384322907239678935e-11
1.740199951171875000e+03 4.362658634132265981e-11
1.741499877929687500e+03 4.341151786483104865e-11
1.742799926757812500e+03 4.319800607311633868e-11
1.744099853515625000e+03 4.298603691033405292e-11
1.745399902343750000e+03 4.277559280667858063e-11
1.746699951171875000e+03 4.256666322026654633e-11
1.747999877929687500e+03 4.235923409525347950e-11
1.749299926757812500e+03 4.215328786183375649e-11
1.750599853515625000e+03 4.194881749208514851e-11
1.751899902343750000e+03 4.174579838827978370e-11
1.753199829101562500e+03 4.154422000853432536e-11
1.754500122070312500e+03 4.134404369927641176e-11
1.755800048828125000e+03 4.114530811407839169e-11
1.757100097656250000e+03 4.094797811332903721e-11
1.758400024414062500e+03 4.075204666910611954e-11
1.759700073242187500e+03 4.055747512783729633e-11
1.761000000000000000e+03 4.036427051744480928e-11
1.762300048828125000e+03 4.017241878208416852e-11
1.763600097656250000e+03 3.998191289383313234e-11
1.764900024414062500e+03 3.979271771308048570e-11
1.766200073242187500e+03 3.960484378170959118e-11
1.767500000000000000e+03 3.941827352991484450e-11
1.768800048828125000e+03 3.923298938789062844e-11
1.770099975585937500e+03 3.904897729979246606e-11
1.771400024414062500e+03 3.886623375165923648e-11
1.772699951171875000e+03 3.868474820160757069e-11
1.774000000000000000e+03 3.850450307983185147e-11
1.775300048828125000e+03 3.832549135840985004e-11
1.776599975585937500e+03 3.814769546753594920e-11
1.777900024414062500e+03 3.797110486532678636e-11
1.779199951171875000e+03 3.779571603782124068e-11
1.780500000000000000e+03 3.762152195709707045e-11
1.781799926757812500e+03 3.744849451146529589e-11
1.783099975585937500e+03 3.727664072884816517e-11
1.784399902343750000e+03 3.710593249755669853e-11
1.785699951171875000e+03 3.693638035947427145e-11
1.787000000000000000e+03 3.676795620291190416e-11
1.788299926757812500e+03 3.660066002786960313e-11
1.789599975585937500e+03 3.643447426454174467e-11
1.790899902343750000e+03 3.626939539896722088e-11
1.792199951171875000e+03 3.610541640322379002e-11
1.793499877929687500e+03 3.594251619354471404e-11
1.794799926757812500e+03 3.578069476992999940e-11
1.796099853515625000e+03 3.561994159049627062e-11
1.797399902343750000e+03 3.546024611336016511e-11
1.798699951171875000e+03 3.530159428267720592e-11
1.799999877929687500e+03 3.514398609844738658e-11
1.801299926757812500e+03 3.498740047690397550e-11
1.802599853515625000e+03 3.483184444596922085e-11
1.803899902343750000e+03 3.467729340791527018e-11
1.805200073242187500e+03 3.452372627897538542e-11
1.806500122070312500e+03 3.437117117083855281e-11
1.807800048828125000e+03 3.421960699973802782e-11
1.809100097656250000e+03 3.406902322379045435e-11
1.810400024414062500e+03 3.391940930111247630e-11
1.811700073242187500e+03 3.377074766189846352e-11
1.813000000000000000e+03 3.362304884803179153e-11
1.814300048828125000e+03 3.347628474782349346e-11
1.815599975585937500e+03 3.333046941711805274e-11
1.816900024414062500e+03 3.318556771630424142e-11
1.818200073242187500e+03 3.304159721518768318e-11
1.819500000000000000e+03 3.289853683000163994e-11
1.820800048828125000e+03 3.275637953282387000e-11
1.822099975585937500e+03 3.261512883761549421e-11
1.823400024414062500e+03 3.247475663268753926e-11
1.824699951171875000e+03 3.233527697388449504e-11
1.826000000000000000e+03 3.219666877743962348e-11
1.827299926757812500e+03 3.205892501543068934e-11
1.828599975585937500e+03 3.192204217389657176e-11
1.829900024414062500e+03 3.178601673887614342e-11
1.831199951171875000e+03 3.165084168244715615e-11
1.832500000000000000e+03 3.151649592084289773e-11
1.833799926757812500e+03 3.138299350990783220e-11
1.835099975585937500e+03 3.125030985191413296e-11
1.836399902343750000e+03 3.111844494686177416e-11
1.837699951171875000e+03 3.098739879475076871e-11
1.838999877929687500e+03 3.085715031181439149e-11
1.840299926757812500e+03 3.072770652597487774e-11
1.841599975585937500e+03 3.059905338138774404e-11
1.842899902343750000e+03 3.047118736409186954e-11
1.844199951171875000e+03 3.034410144616500605e-11
1.845499877929687500e+03 3.021778157176267015e-11
1.846799926757812500e+03 3.009223828276822442e-11
1.848099853515625000e+03 2.996745400937606457e-11
1.849399902343750000e+03 2.984342523762506974e-11
1.850699829101562500e+03 2.972014142563187091e-11
1.851999877929687500e+03 2.959760257339646807e-11
1.853299926757812500e+03 2.947580165299661951e-11
1.854599853515625000e+03 2.935473163651008352e-11
1.855900024414062500e+03 2.923436441224788033e-11
1.857200073242187500e+03 2.911474039076291270e-11
1.858500122070312500e+03 2.899582618942452927e-11
1.859800048828125000e+03 2.887762707917441133e-11
1.861100097656250000e+03 2.876012197624582081e-11
1.862400024414062500e+03 2.864331966554156955e-11
1.863700073242187500e+03 2.852720082027548637e-11
1.865000000000000000e+03 2.841177773931149428e-11
1.866300048828125000e+03 2.829703285284399222e-11
1.867599975585937500e+03 2.818296264691184964e-11
1.868900024414062500e+03 2.806955657963170721e-11
1.870200073242187500e+03 2.795682343590636706e-11
1.871500000000000000e+03 2.784475091687190298e-11
1.872800048828125000e+03 2.773332320970326786e-11
1.874099975585937500e+03 2.762254909930326710e-11
1.875400024414062500e+03 2.751242331473021616e-11
1.876699951171875000e+03 2.740293355712019206e-11
1.878000000000000000e+03 2.729408158345375199e-11
1.879299926757812500e+03 2.718585685184753661e-11
1.880599975585937500e+03 2.707825409135985495e-11
1.881900024414062500e+03 2.697127505897127713e-11
1.883199951171875000e+03 2.686491096977899131e-11
1.884500000000000000e+03 2.675915830982187664e-11
1.885799926757812500e+03 2.665401180815825506e-11
1.887099975585937500e+03 2.654946443686587840e-11
1.888399902343750000e+03 2.644551619594475312e-11
1.889699951171875000e+03 2.634215654351151019e-11
1.890999877929687500e+03 2.623938899352726724e-11
1.892299926757812500e+03 2.613720300410866170e-11
1.893599975585937500e+03 2.603559506129457917e-11
1.894899902343750000e+03 2.593456340810444953e-11
1.896199951171875000e+03 2.583410101661603107e-11
1.897499877929687500e+03 2.573420964380989391e-11
1.898799926757812500e+03 2.563487347686097482e-11
1.900099853515625000e+03 2.553609602973040756e-11
1.901399902343750000e+03 2.543787203147650440e-11
1.902699829101562500e+03 2.534019972511870814e-11
1.903999877929687500e+03 2.524307032575421018e-11
1.905299926757812500e+03 2.514648559036357417e-11
1.906600097656250000e+03 2.505042092121894766e-11
1.907900024414062500e+03 2.495490443000930396e-11
1.909200073242187500e+03 2.485991854692903233e-11
1.910500000000000000e+03 2.476545448707533386e-11
1.911800048828125000e+03 2.467151752138988660e-11
1.913100097656250000e+03 2.457809183704764670e-11
1.914400024414062500e+03 2.448518621895141629e-11
1.915700073242187500e+03 2.439278836823726270e-11
1.917000000000000000e+03 2.430089301396351756e-11
1.918300048828125000e+03 2.420951245499409740e-11
1.919599975585937500e+03 2.411862033662059257e-11
1.920900024414062500e+03 2.402822720072636241e-11
1.922199951171875000e+03 2.393832601938917168e-11
1.923500000000000000e+03 2.384891679260901712e-11
1.924800048828125000e+03 2.375998722152197253e-11
1.926099975585937500e+03 2.367154082008915552e-11
1.927400024414062500e+03 2.358357231736889451e-11
1.928699951171875000e+03 2.349607819940005571e-11
1.930000000000000000e+03 2.340906022316320602e-11
1.931299926757812500e+03 2.332250433281385877e-11
1.932599975585937500e+03 2.323641579929369525e-11
1.933899902343750000e+03 2.315078759468047375e-11
1.935199951171875000e+03 2.306561620501307019e-11
1.936500000000000000e+03 2.298089811633036693e-11
1.937799926757812500e+03 2.289663508561291795e-11
1.939099975585937500e+03 2.281282184191904519e-11
1.940399902343750000e+03 2.272944960034594650e-11
1.941699951171875000e+03 2.264652363183529672e-11
1.942999877929687500e+03 2.256403163752317930e-11
1.944299926757812500e+03 2.248198064533183597e-11
1.945599853515625000e+03 2.240035659941677359e-11
1.946899902343750000e+03 2.231916652770023712e-11
1.948199951171875000e+03 2.223840164527942765e-11
1.949499877929687500e+03 2.215806370913490236e-11
1.950799926757812500e+03 2.207814393436385913e-11
1.952099853515625000e+03 2.199864232096629472e-11
1.953399902343750000e+03 2.191955184101996419e-11
1.954699829101562500e+03 2.184088127942768260e-11
1.955999877929687500e+03 2.176261658034495037e-11
1.957300048828125000e+03 2.168474544490784774e-11
1.958600097656250000e+03 2.160729071386366673e-11
1.959900024414062500e+03 2.153023657438735380e-11
1.961200073242187500e+03 2.145358302647891541e-11
1.962500000000000000e+03 2.137731952825498576e-11
1.963800048828125000e+03 2.130145310763780333e-11
1.965100097656250000e+03 2.122597673670512641e-11
1.966400024414062500e+03 2.115089041545696147e-11
1.967700073242187500e+03 2.107618711597105708e-11
1.969000000000000000e+03 2.100185805334461436e-11
1.970300048828125000e+03 2.092791728342211671e-11
1.971599975585937500e+03 2.085435250733964115e-11
1.972900024414062500e+03 2.078116021113606035e-11
1.974199951171875000e+03 2.070834215179194121e-11
1.975500000000000000e+03 2.063589130138503879e-11
1.976800048828125000e+03 2.056380941689591350e-11
1.978099975585937500e+03 2.049209298436344127e-11
1.979400024414062500e+03 2.042073497586538361e-11
1.980699951171875000e+03 2.034973714838229448e-11
1.982000000000000000e+03 2.027909774493361993e-11
1.983299926757812500e+03 2.020881325155823587e-11
1.984599975585937500e+03 2.013888366825614229e-11
1.985899902343750000e+03 2.006930196710509748e-11
1.987199951171875000e+03 2.000006814810509498e-11
1.988500000000000000e+03 1.993118045427558082e-11
1.989799926757812500e+03 1.986263712863599136e-11
1.991099975585937500e+03 1.979443465722520572e-11
1.992399902343750000e+03 1.972656952608209982e-11
1.993699951171875000e+03 1.965903822124555604e-11
1.994999877929687500e+03 1.959184777063781608e-11
1.996299926757812500e+03 1.952498411841439330e-11
1.997599853515625000e+03 1.945845253551696898e-11
1.998899902343750000e+03 1.939224775100385860e-11
