5.000000000000000000e+02 2.385591468048308963e-11
5.012999877929687500e+02 2.397247284265628079e-11
5.025999755859375000e+02 2.408965434806882098e-11
5.038999938964843750e+02 2.420745041723847107e-11
5.051999816894531250e+02 2.432587158554391993e-11
5.064999694824218750e+02 2.444492312067452010e-11
5.078000183105468750e+02 2.456461204621606092e-11
5.091000061035156250e+02 2.468493836216855209e-11
5.103999938964843750e+02 2.480590558032487698e-11
5.117000122070312500e+02 2.492752423606374386e-11
5.130000000000000000e+02 2.504979784117803609e-11
5.142999877929687500e+02 2.517272990746066613e-11
5.155999755859375000e+02 2.529633272618676292e-11
5.168999633789062500e+02 2.542060454145988963e-11
5.181999511718750000e+02 2.554555588865872868e-11
5.195000000000000000e+02 2.567118501188683999e-11
5.207999877929687500e+02 2.579750771421225528e-11
5.221000366210937500e+02 2.592451872794563172e-11
5.234000244140625000e+02 2.605223210025856094e-11
5.247000122070312500e+02 2.618064783115104618e-11
5.260000000000000000e+02 2.630977470010532656e-11
5.272999877929687500e+02 2.643962324250009418e-11
5.285999755859375000e+02 2.657018643474955970e-11
5.298999633789062500e+02 2.670148183581821104e-11
5.311999511718750000e+02 2.683351471339538780e-11
5.324999389648437500e+02 2.696628506748109644e-11
5.337999877929687500e+02 2.709981045703982165e-11
5.351000366210937500e+02 2.723408210258932433e-11
5.364000244140625000e+02 2.736911229540474634e-11
5.377000122070312500e+02 2.750490981496832681e-11
5.390000000000000000e+02 2.764147992896941502e-11
5.402999877929687500e+02 2.777883317278669985e-11
5.415999755859375000e+02 2.791696779052374124e-11
5.428999633789062500e+02 2.805589607345567782e-11
5.441999511718750000e+02 2.819561802158250637e-11
5.455000000000000000e+02 2.833615821745451710e-11
5.467999877929687500e+02 2.847750261390011191e-11
5.481000366210937500e+02 2.861966876988378196e-11
5.494000244140625000e+02 2.876265492950908394e-11
5.507000122070312500e+02 2.890648040763694911e-11
5.520000000000000000e+02 2.905114344837093091e-11
5.532999877929687500e+02 2.919665634298617123e-11
5.545999755859375000e+02 2.934302084737911983e-11
5.558999633789062500e+02 2.949025276461781164e-11
5.571999511718750000e+02 2.963835209470225313e-11
5.585000000000000000e+02 2.978733639659692900e-11
5.597999877929687500e+02 2.993719162313025407e-11
5.610999755859375000e+02 3.008794586864540516e-11
5.624000244140625000e+02 3.023960615672818131e-11
5.637000122070312500e+02 3.039217248737857606e-11
5.650000000000000000e+02 3.054565188418238847e-11
5.662999877929687500e+02 3.070005137072541758e-11
5.675999755859375000e+02 3.085538499417924857e-11
5.688999633789062500e+02 3.101166328992258001e-11
5.701999511718750000e+02 3.116888976974831143e-11
5.715000000000000000e+02 3.132707848082802154e-11
5.727999877929687500e+02 3.148622239957593067e-11
5.740999755859375000e+02 3.164634962033520918e-11
5.754000244140625000e+02 3.180745311952006448e-11
5.767000122070312500e+02 3.196954343250919515e-11
5.780000000000000000e+02 3.213264163005997894e-11
5.792999877929687500e+02 3.229674420037952926e-11
5.805999755859375000e+02 3.246187572601811693e-11
5.818999633789062500e+02 3.262802215980416323e-11
5.831999511718750000e+02 3.279520457249503948e-11
5.845000000000000000e+02 3.296344403484815574e-11
5.857999877929687500e+02 3.313273703507059311e-11
5.870999755859375000e+02 3.330308708495525756e-11
5.884000244140625000e+02 3.347451525525953978e-11
5.897000122070312500e+02 3.364702856956922591e-11
5.910000000000000000e+02 3.382063053967722193e-11
5.922999877929687500e+02 3.399533521275511301e-11
5.935999755859375000e+02 3.417116365956028337e-11
5.948999633789062500e+02 3.434810885650694690e-11
5.962000122070312500e+02 3.452619889793828041e-11
5.975000000000000000e+02 3.470541973668269871e-11
5.987999877929687500e+02 3.488580649066917122e-11
6.000999755859375000e+02 3.506735213631189887e-11
6.014000244140625000e+02 3.525007774436828529e-11
6.027000122070312500e+02 3.543398682663121061e-11
6.040000000000000000e+02 3.561910045385807197e-11
6.052999877929687500e+02 3.580541862604885647e-11
6.065999755859375000e+02 3.599295539037517511e-11
6.078999633789062500e+02 3.618172830580149967e-11
6.092000122070312500e+02 3.637175141949943472e-11
6.105000000000000000e+02 3.656302473146896734e-11
6.117999877929687500e+02 3.675556931246749466e-11
6.130999755859375000e+02 3.694938867428790976e-11
6.144000244140625000e+02 3.714449335230889828e-11
6.157000122070312500e+02 3.734091144087365642e-11
6.170000000000000000e+02 3.753864293998218419e-11
6.182999877929687500e+02 3.773769838501316077e-11
6.195999755859375000e+02 3.793809533493107732e-11
6.208999633789062500e+02 3.813985134870043147e-11
6.222000122070312500e+02 3.834297696169991533e-11
6.235000000000000000e+02 3.854747568572242843e-11
6.247999877929687500e+02 3.875336859152534852e-11
6.260999755859375000e+02 3.896066621448737419e-11
6.273999633789062500e+02 3.916938611357299012e-11
6.287000122070312500e+02 3.937953882416089491e-11
6.300000000000000000e+02 3.959113839342268018e-11
6.312999877929687500e+02 3.980420589211573015e-11
6.325999755859375000e+02 4.001874132024004484e-11
6.338999633789062500e+02 4.023477277213880751e-11
6.352000122070312500e+02 4.045231429498360334e-11
6.365000000000000000e+02 4.067137291236023784e-11
6.377999877929687500e+02 4.089195564785449714e-11
6.390999755859375000e+02 4.111409059580957097e-11
6.403999633789062500e+02 4.133780585056863615e-11
6.417000122070312500e+02 4.156308736496010103e-11
6.430000000000000000e+02 4.178997025691294795e-11
6.442999877929687500e+02 4.201845452642717690e-11
6.455999755859375000e+02 4.224857880322465680e-11
6.469000244140625000e+02 4.248035362268409270e-11
6.482000122070312500e+02 4.271377547301257215e-11
6.495000000000000000e+02 4.294888298393198345e-11
6.507999877929687500e+02 4.318569020261390532e-11
6.520999755859375000e+02 4.342419010547254518e-11
6.533999633789062500e+02 4.366443185760848344e-11
6.547000122070312500e+02 4.390642599440040575e-11
6.560000000000000000e+02 4.415017251584829920e-11
6.572999877929687500e+02 4.439570653988116549e-11
6.585999755859375000e+02 4.464303509008479075e-11
6.599000244140625000e+02 4.489219328438815084e-11
6.612000122070312500e+02 4.514318814637703188e-11
6.625000000000000000e+02 4.539603723501593151e-11
6.637999877929687500e+02 4.565075810926934734e-11
6.650999755859375000e+02 4.590737886348044326e-11
6.663999633789062500e+02 4.616590652123503124e-11
6.677000122070312500e+02 4.642637971225497376e-11
6.690000000000000000e+02 4.668879843654028373e-11
6.702999877929687500e+02 4.695319078843413151e-11
6.715999755859375000e+02 4.721958837407259988e-11
6.729000244140625000e+02 4.748800875242018649e-11
6.742000122070312500e+02 4.775845894706267099e-11
6.755000000000000000e+02 4.803096705234324957e-11
6.767999877929687500e+02 4.830556116260509906e-11
6.780999755859375000e+02 4.858225181322691803e-11
6.793999633789062500e+02 4.886107061034476989e-11
6.806999511718750000e+02 4.914204213650895777e-11
6.820000000000000000e+02 4.942518395068396638e-11
6.832999877929687500e+02 4.971051712362716702e-11
6.845999755859375000e+02 4.999807677326755493e-11
6.859000244140625000e+02 5.028788045856961482e-11
6.872000122070312500e+02 5.057994573849783138e-11
6.885000000000000000e+02 5.087430421918828742e-11
6.897999877929687500e+02 5.117096643601967505e-11
6.910999755859375000e+02 5.146998155409256822e-11
6.923999633789062500e+02 5.177136362057854566e-11
6.936999511718750000e+02 5.207514424161370309e-11
6.950000000000000000e+02 5.238133746436961921e-11
6.962999877929687500e+02 5.268997138318948377e-11
6.976000366210937500e+02 5.300110218675965685e-11
6.989000244140625000e+02 5.331471933970143988e-11
7.002000122070312500e+02 5.363085795994381519e-11
7.015000000000000000e+02 5.394955667720867108e-11
7.027999877929687500e+02 5.427085060942496403e-11
7.040999755859375000e+02 5.459474678017850601e-11
7.053999633789062500e+02 5.492128733098405901e-11
7.066999511718750000e+02 5.525050737977060536e-11
7.080000000000000000e+02 5.558243150908842235e-11
7.092999877929687500e+02 5.591707727790201405e-11
7.106000366210937500e+02 5.625451141027642622e-11
7.119000244140625000e+02 5.659472688262586625e-11
7.132000122070312500e+02 5.693777286005090165e-11
7.145000000000000000e+02 5.728368446048050828e-11
7.157999877929687500e+02 5.763248275467208330e-11
7.170999755859375000e+02 5.798420988414038868e-11
7.183999633789062500e+02 5.833890799040019934e-11
7.196999511718750000e+02 5.869660165600179904e-11
7.210000000000000000e+02 5.905731546349549090e-11
7.222999877929687500e+02 5.942109506618891705e-11
7.236000366210937500e+02 5.978800016456134357e-11
7.249000244140625000e+02 6.015802373502699726e-11
7.262000122070312500e+02 6.053122196627221881e-11
7.275000000000000000e+02 6.090763699981180252e-11
7.287999877929687500e+02 6.128730395357470488e-11
7.300999755859375000e+02 6.167025794548990820e-11
7.313999633789062500e+02 6.205654111707220679e-11
7.326999511718750000e+02 6.244620263342214229e-11
7.340000000000000000e+02 6.283926356529711185e-11
7.352999877929687500e+02 6.323579414855506720e-11
7.366000366210937500e+02 6.363579438319602126e-11
7.379000244140625000e+02 6.403932748149211379e-11
7.392000122070312500e+02 6.444643558495813907e-11
7.405000000000000000e+02 6.485717488228045074e-11
7.417999877929687500e+02 6.527157346780223208e-11
7.430999755859375000e+02 6.568968050662403764e-11
7.443999633789062500e+02 6.611155218743225985e-11
7.456999511718750000e+02 6.653720958098425706e-11
7.469999389648437500e+02 6.696672994672379298e-11
7.482999877929687500e+02 6.740015542616566190e-11
7.496000366210937500e+02 6.783752113723879446e-11
7.509000244140625000e+02 6.827886219787221175e-11
7.522000122070312500e+02 6.872426289109542483e-11
7.535000000000000000e+02 6.917375131125164281e-11
7.547999877929687500e+02 6.962739067061301837e-11
7.560999755859375000e+02 7.008521608710853383e-11
7.573999633789062500e+02 7.054729779659612800e-11
7.586999511718750000e+02 7.101369901134796647e-11
7.599999389648437500e+02 7.148445484929304449e-11
7.612999877929687500e+02 7.195964256987509992e-11
7.626000366210937500e+02 7.243929026743729018e-11
7.639000244140625000e+02 7.292347520142340481e-11
7.652000122070312500e+02 7.341223248976241321e-11
7.665000000000000000e+02 7.390566748624122359e-11
7.677999877929687500e+02 7.440379423803145990e-11
7.690999755859375000e+02 7.490669702816264610e-11
7.703999633789062500e+02 7.541443204532116168e-11
7.716999511718750000e+02 7.592706952536493250e-11
7.729999389648437500e+02 7.644465863339456484e-11
7.742999877929687500e+02 7.696730472319696691e-11
7.755999755859375000e+02 7.749502886552954877e-11
7.769000244140625000e+02 7.802792939059341957e-11
7.782000122070312500e+02 7.856603439273178845e-11
7.795000000000000000e+02 7.910947029648894781e-11
7.807999877929687500e+02 7.965825817262230775e-11
7.820999755859375000e+02 8.021251039850457550e-11
7.833999633789062500e+02 8.077228316282211761e-11
7.846999511718750000e+02 8.133764670143292459e-11
7.860000000000000000e+02 8.190870636812389171e-11
7.872999877929687500e+02 8.248549025723820224e-11
7.885999755859375000e+02 8.306813181690598644e-11
7.899000244140625000e+02 8.365665211788462852e-11
7.912000122070312500e+02 8.425117056113264771e-11
7.925000000000000000e+02 8.485176440609378186e-11
7.937999877929687500e+02 8.545852495938340569e-11
7.950999755859375000e+02 8.607154352761684223e-11
7.963999633789062500e+02 8.669088332306624415e-11
7.976999511718750000e+02 8.731664267593275938e-11
7.990000000000000000e+02 8.794896205793229136e-11
8.002999877929687500e+02 8.858785551623643820e-11
8.015999755859375000e+02 8.923345649897530429e-11
8.029000244140625000e+02 8.988585631276423851e-11
8.042000122070312500e+02 9.054513924063279067e-11
8.055000000000000000e+02 9.121142468353949294e-11
8.067999877929687500e+02 9.188482501885705256e-11
8.080999755859375000e+02 9.256541048244343417e-11
8.093999633789062500e+02 9.325331452242874218e-11
8.106999511718750000e+02 9.394860737467096708e-11
8.120000000000000000e+02 9.465147165240074200e-11
8.132999877929687500e+02 9.536194949713287417e-11
8.145999755859375000e+02 9.608016733341168185e-11
8.159000244140625000e+02 9.680622349143830005e-11
8.172000122070312500e+02 9.754028653727181548e-11
8.185000000000000000e+02 9.828244777752755118e-11
8.197999877929687500e+02 9.903282661316407807e-11
8.210999755859375000e+02 9.979155649231147469e-11
8.223999633789062500e+02 1.005587357451708890e-10
8.236999511718750000e+02 1.013345399613871938e-10
8.250000000000000000e+02 1.021191096126763183e-10
8.262999877929687500e+02 1.029125008877246293e-10
8.275999755859375000e+02 1.037149174705201956e-10
8.288999633789062500e+02 1.045264647148499514e-10
8.302000122070312500e+02 1.053472971396013595e-10
8.315000000000000000e+02 1.061775692636619730e-10
8.327999877929687500e+02 1.070174145351618963e-10
8.340999755859375000e+02 1.078669944965744043e-10
8.353999633789062500e+02 1.087264636667870114e-10
8.367000122070312500e+02 1.095960046590304153e-10
8.380000000000000000e+02 1.104757087799199262e-10
8.392999877929687500e+02 1.113657867370294250e-10
8.405999755859375000e+02 1.122663719784890550e-10
8.418999633789062500e+02 1.131776962826300167e-10
8.432000122070312500e+02 1.140998509560676849e-10
8.445000000000000000e+02 1.150330818243049100e-10
8.457999877929687500e+02 1.159775504298149668e-10
8.470999755859375000e+02 1.169334393858285530e-10
8.483999633789062500e+02 1.179009313055763404e-10
8.497000122070312500e+02 1.188802579673895815e-10
8.510000000000000000e+02 1.198715387722268084e-10
8.522999877929687500e+02 1.208750125220050595e-10
8.535999755859375000e+02 1.218908758771266306e-10
8.548999633789062500e+02 1.229193816866801584e-10
8.562000122070312500e+02 1.239606844695531185e-10
8.575000610351562500e+02 1.250150511220057455e-10
8.588000488281250000e+02 1.260826923516119076e-10
8.601000366210937500e+02 1.271637907716023283e-10
8.614000244140625000e+02 1.282586273254087629e-10
8.627000122070312500e+02 1.293674267677767293e-10
8.640000000000000000e+02 1.304904138534516419e-10
8.652999877929687500e+02 1.316278554786937612e-10
8.665999755859375000e+02 1.327800325869348683e-10
8.678999633789062500e+02 1.339471418385772850e-10
8.692000122070312500e+02 1.351295203657391587e-10
8.705000000000000000e+02 1.363273788759943575e-10
8.717999877929687500e+02 1.375410264071179364e-10
8.730999755859375000e+02 1.387707439025416504e-10
8.743999633789062500e+02 1.400168123056973324e-10
8.756999511718750000e+02 1.412795406543600113e-10
8.769999389648437500e+02 1.425592379863046901e-10
8.782999267578125000e+02 1.438561571506200054e-10
8.795999145507812500e+02 1.451706914681104714e-10
8.809000244140625000e+02 1.465032623539238500e-10
8.822000122070312500e+02 1.478539540910897042e-10
8.835000000000000000e+02 1.492232442834421107e-10
8.848000488281250000e+02 1.506114700630992171e-10
8.861000366210937500e+02 1.520189685621792486e-10
8.874000244140625000e+02 1.534461611958299673e-10
8.887000122070312500e+02 1.548933570018263245e-10
8.900000000000000000e+02 1.563609914424876545e-10
8.912999877929687500e+02 1.578494578386184974e-10
8.925999755859375000e+02 1.593590933223370782e-10
8.938999633789062500e+02 1.608904176389922165e-10
8.951999511718750000e+02 1.624437679207021632e-10
8.965000000000000000e+02 1.640196217713009436e-10
8.977999877929687500e+02 1.656183725115931236e-10
8.990999755859375000e+02 1.672405679812707962e-10
9.003999633789062500e+02 1.688865874539668777e-10
9.016999511718750000e+02 1.705569647222018372e-10
9.029999389648437500e+02 1.722521492954666072e-10
9.042999267578125000e+02 1.739726609191100072e-10
9.055999145507812500e+02 1.757190755271673267e-10
9.069000244140625000e+02 1.774919971480169477e-10
9.082000122070312500e+02 1.792916926779191051e-10
9.095000000000000000e+02 1.811188644754533678e-10
9.108000488281250000e+02 1.829741306161697419e-10
9.121000366210937500e+02 1.848580248925886709e-10
9.134000244140625000e+02 1.867711934746033572e-10
9.147000122070312500e+02 1.887142263434205849e-10
9.160000000000000000e+02 1.906878539519631191e-10
9.172999877929687500e+02 1.926925819984082589e-10
9.185999755859375000e+02 1.947291690300219139e-10
9.198999633789062500e+02 1.967983174053836012e-10
9.211999511718750000e+02 1.989007294830729157e-10
9.225000000000000000e+02 2.010370795273261785e-10
9.237999877929687500e+02 2.032082244156104858e-10
9.250999755859375000e+02 2.054148946008485512e-10
9.263999633789062500e+02 2.076578205359631139e-10
9.276999511718750000e+02 2.099379152871076367e-10
9.289999389648437500e+02 2.122559514487195500e-10
9.302999267578125000e+02 2.146128561341238888e-10
9.316000366210937500e+02 2.170096547868468491e-10
9.329000244140625000e+02 2.194469092937519930e-10
9.342000122070312500e+02 2.219257715229098736e-10
9.355000000000000000e+02 2.244471966819885929e-10
9.367999877929687500e+02 2.270122102145143728e-10
9.381000366210937500e+02 2.296217813753269393e-10
9.394000244140625000e+02 2.322770901268399900e-10
9.407000122070312500e+02 2.349791197710648490e-10
9.420000000000000000e+02 2.377289940817288472e-10
9.432999877929687500e+02 2.405279211155887492e-10
9.445999755859375000e+02 2.433771932124310115e-10
9.458999633789062500e+02 2.462779341459829134e-10
9.471999511718750000e+02 2.492314081616875599e-10
9.484999389648437500e+02 2.522389356936745522e-10
9.497999877929687500e+02 2.553019776477894205e-10
9.510999755859375000e+02 2.584218825525048585e-10
9.523999633789062500e+02 2.616000832193231488e-10
9.536999511718750000e+02 2.648381248371193067e-10
9.549999389648437500e+02 2.681374683117388625e-10
9.562999267578125000e+02 2.714997431150862135e-10
9.576000366210937500e+02 2.749268877568410704e-10
9.589000244140625000e+02 2.784200821994171047e-10
9.602000122070312500e+02 2.819812930468369648e-10
9.615000000000000000e+02 2.856124869031234024e-10
9.627999877929687500e+02 2.893154337118970025e-10
9.641000366210937500e+02 2.930920719828372171e-10
9.654000244140625000e+02 2.969445087916826757e-10
9.667000122070312500e+02 3.008747388367994811e-10
9.680000000000000000e+02 3.048849815712988407e-10
9.692999877929687500e+02 3.089774845426354164e-10
9.705999755859375000e+02 3.131545514869501075e-10
9.718999633789062500e+02 3.174185985177565463e-10
9.731999511718750000e+02 3.217720698429116648e-10
9.744999389648437500e+02 3.262176344250176545e-10
9.757999877929687500e+02 3.307579050379905728e-10
9.770999755859375000e+02 3.353957192104916848e-10
9.783999633789062500e+02 3.401340268485551956e-10
9.796999511718750000e+02 3.449756654808424738e-10
9.809999389648437500e+02 3.499237816737898910e-10
9.823000488281250000e+02 3.549820276920111438e-10
9.836000366210937500e+02 3.601530724981085786e-10
9.849000244140625000e+02 3.654407088284116660e-10
9.862000122070312500e+02 3.708484765701614210e-10
9.875000000000000000e+02 3.763803370257465434e-10
9.887999877929687500e+02 3.820400829314965554e-10
9.900999755859375000e+02 3.878318160615161375e-10
9.914000244140625000e+02 3.937598067559688374e-10
9.927000122070312500e+02 3.998284658267343387e-10
9.940000000000000000e+02 4.060424569347808323e-10
9.952999877929687500e+02 4.124065561184493457e-10
9.965999755859375000e+02 4.189257360764830212e-10
9.978999633789062500e+02 4.256054190171159853e-10
9.991999511718750000e+02 4.324506619221211240e-10
1.000499938964843750e+03 4.394675050752825183e-10
1.001799987792968750e+03 4.466618201943252269e-10
1.003099975585937500e+03 4.540397037517197750e-10
1.004399963378906250e+03 4.616077298237708161e-10
1.005699951171875000e+03 4.693727534302147590e-10
1.006999938964843750e+03 4.773416576851311055e-10
1.008300048828125000e+03 4.855228427971314349e-10
1.009600036621093750e+03 4.939223771443431278e-10
1.010900024414062500e+03 5.025493632939569964e-10
1.012200012207031250e+03 5.114121733602415790e-10
1.013500000000000000e+03 5.205197975330149032e-10
1.014799987792968750e+03 5.298815631342134543e-10
1.016099975585937500e+03 5.395074717500101161e-10
1.017400024414062500e+03 5.494076373439504540e-10
1.018700012207031250e+03 5.595931290872482904e-10
1.020000000000000000e+03 5.700750723398034266e-10
1.021299987792968750e+03 5.808656038578710372e-10
1.022599975585937500e+03 5.919773660958825878e-10
1.023899963378906250e+03 6.034236757725066662e-10
1.025199951171875000e+03 6.152183553045888749e-10
1.026500000000000000e+03 6.273762946940154446e-10
1.027799926757812500e+03 6.399130582069095218e-10
1.029099975585937500e+03 6.528448843736303414e-10
1.030399902343750000e+03 6.661891354982644692e-10
1.031699951171875000e+03 6.799642976586254916e-10
1.033000000000000000e+03 6.941906549704911387e-10
1.034300048828125000e+03 7.088864687569297374e-10
1.035599975585937500e+03 7.240743830585458441e-10
1.036900024414062500e+03 7.397777161801808270e-10
1.038200073242187500e+03 7.560205730682849277e-10
1.039500000000000000e+03 7.728285757638401553e-10
1.040800048828125000e+03 7.902294252892239003e-10
1.042099975585937500e+03 8.082522273839731564e-10
1.043400024414062500e+03 8.269277734482153450e-10
1.044699951171875000e+03 8.462893271842780159e-10
1.046000000000000000e+03 8.663716132003343006e-10
1.047299926757812500e+03 8.872125588596800431e-10
1.048599975585937500e+03 9.088517771862018254e-10
1.049900024414062500e+03 9.313318592041640960e-10
1.051199951171875000e+03 9.546985986929532921e-10
1.052500000000000000e+03 9.790011045644520717e-10
1.053799926757812500e+03 1.004291407542233326e-09
1.055099975585937500e+03 1.030625246803170605e-09
1.056399902343750000e+03 1.058063643260655240e-09
1.057699951171875000e+03 1.086670427262396943e-09
1.059000000000000000e+03 1.116518082213805926e-09
1.060300048828125000e+03 1.147677293482328259e-09
1.061599975585937500e+03 1.180230096550055070e-09
1.062900024414062500e+03 1.214264482899833222e-09
1.064199951171875000e+03 1.249875074279500159e-09
1.065500000000000000e+03 1.287163459834001845e-09
1.066800048828125000e+03 1.326240893162339810e-09
1.068099975585937500e+03 1.367227056166469684e-09
1.069400024414062500e+03 1.410253093240365566e-09
1.070699951171875000e+03 1.455460937005783310e-09
1.072000000000000000e+03 1.503005668237088182e-09
1.073299926757812500e+03 1.553057313899218174e-09
1.074599975585937500e+03 1.605800959525056997e-09
1.075900024414062500e+03 1.661440120536615969e-09
1.077199951171875000e+03 1.720197416509269690e-09
1.078500000000000000e+03 1.782319066266666609e-09
1.079799926757812500e+03 1.848075112635472317e-09
1.081099975585937500e+03 1.917765715578245286e-09
1.082399902343750000e+03 1.991721039816060989e-09
1.083700073242187500e+03 2.070315077245359463e-09
1.085000000000000000e+03 2.153944969501362830e-09
1.086300048828125000e+03 2.243071463812258391e-09
1.087599975585937500e+03 2.338205427714468168e-09
1.088900024414062500e+03 2.439917738261453968e-09
1.090199951171875000e+03 2.548851418779966561e-09
1.091500000000000000e+03 2.665730853814612793e-09
1.092800048828125000e+03 2.791377746714783994e-09
1.094099975585937500e+03 2.926723930655143520e-09
1.095400024414062500e+03 3.072832046072211297e-09
1.096699951171875000e+03 3.230918240893653532e-09
1.098000000000000000e+03 3.402380264881466499e-09
1.099299926757812500e+03 3.588833205636503499e-09
1.100599975585937500e+03 3.792151068226382481e-09
1.101899902343750000e+03 4.014519817305415658e-09
1.103199951171875000e+03 4.258503230255029961e-09
1.104500000000000000e+03 4.527133248591437212e-09
1.105799926757812500e+03 4.824012690884309802e-09
1.107099975585937500e+03 5.153457297755910360e-09
1.108399902343750000e+03 5.520685874395745201e-09
1.109700073242187500e+03 5.932096738897476783e-09
1.111000000000000000e+03 6.395466854963404901e-09
1.112300048828125000e+03 6.920594180966969579e-09
1.113599975585937500e+03 7.519785837259897447e-09
1.114900024414062500e+03 8.208722063413727069e-09
1.116199951171875000e+03 9.007540884621386831e-09
1.117500000000000000e+03 9.942152027939139667e-09
1.118800048828125000e+03 1.104533462446338330e-08
1.120099975585937500e+03 1.235631916550411415e-08
1.121400024414062500e+03 1.391562803264821415e-08
1.122699951171875000e+03 1.575213232147808063e-08
1.124000000000000000e+03 1.787270233505283728e-08
1.125299926757812500e+03 2.029399959216268155e-08
1.126599975585937500e+03 2.311928721109826473e-08
1.127899902343750000e+03 2.654663885197370681e-08
1.129199951171875000e+03 3.077688636513940127e-08
1.130500000000000000e+03 3.596757024089481043e-08
1.131799926757812500e+03 4.230278799026259222e-08
1.133099975585937500e+03 5.004969209388251394e-08
1.134400024414062500e+03 5.950673527726565033e-08
1.135700073242187500e+03 7.094677339747249059e-08
1.137000000000000000e+03 8.454398958419408979e-08
1.138300048828125000e+03 1.001926735894712790e-07
1.139599975585937500e+03 1.172438056299433477e-07
1.140900024414062500e+03 1.342408814570761399e-07
1.142199951171875000e+03 1.488782913743792072e-07
1.143500000000000000e+03 1.585031166723028059e-07
1.144800048828125000e+03 1.611854153221787690e-07
1.146099975585937500e+03 1.566765258657855600e-07
1.147400024414062500e+03 1.464483509487780829e-07
1.148699951171875000e+03 1.328426983679310318e-07
1.150000000000000000e+03 1.180765057795191375e-07
1.151299926757812500e+03 1.037005305821313859e-07
1.152599975585937500e+03 9.055244270227510037e-08
1.153899902343750000e+03 7.895118530609515432e-08
1.155199951171875000e+03 6.891533572183201762e-08
1.156500000000000000e+03 6.031959227987455099e-08
1.157799926757812500e+03 5.298542059865963593e-08
1.159099975585937500e+03 4.672674892148055684e-08
1.160400024414062500e+03 4.137405463304803398e-08
1.161700073242187500e+03 3.677955699312929575e-08
1.163000000000000000e+03 3.281963729564719423e-08
1.164300048828125000e+03 2.939214900388650870e-08
1.165599975585937500e+03 2.641320285861498581e-08
1.166900024414062500e+03 2.381402390772284279e-08
1.168199951171875000e+03 2.153843425307365855e-08
1.169500000000000000e+03 1.954061988735351588e-08
1.170800048828125000e+03 1.778303597984335156e-08
1.172099975585937500e+03 1.623472750896089087e-08
1.173400024414062500e+03 1.487009940429351280e-08
1.174699951171875000e+03 1.366804359916689118e-08
1.176000000000000000e+03 1.261118475371925854e-08
1.177299926757812500e+03 1.168513676620341089e-08
1.178599975585937500e+03 1.087794538121799300e-08
1.179899902343750000e+03 1.017969352037447169e-08
1.181199951171875000e+03 9.582188423691450201e-09
1.182500000000000000e+03 9.078653286083920442e-09
1.183799926757812500e+03 8.663511492807603840e-09
1.185099975585937500e+03 8.332195128415840199e-09
1.186400024414062500e+03 8.081146774797535718e-09
1.187700073242187500e+03 7.907560593710410745e-09
1.189000000000000000e+03 7.809431772824988689e-09
1.190300048828125000e+03 7.785481008130129309e-09
1.191599975585937500e+03 7.835144614724228610e-09
1.192900024414062500e+03 7.958503504315650288e-09
1.194199951171875000e+03 8.156349712627382894e-09
1.195500000000000000e+03 8.430187298416023769e-09
1.196799926757812500e+03 8.782295274800507096e-09
1.198099975585937500e+03 9.215778853344060682e-09
1.199400024414062500e+03 9.734674629275091168e-09
1.200699951171875000e+03 1.034406205984092203e-08
1.202000000000000000e+03 1.105018752892728843e-08
1.203299926757812500e+03 1.186063336262691955e-08
1.204599975585937500e+03 1.278455966534565397e-08
1.205899902343750000e+03 1.383309898913545975e-08
1.207199951171875000e+03 1.501979145888163546e-08
1.208499877929687500e+03 1.636100551318630468e-08
1.209800048828125000e+03 1.787669937344603856e-08
1.211099975585937500e+03 1.959081930926078343e-08
1.212400024414062500e+03 2.153318218418182200e-08
1.213700073242187500e+03 2.374028457279541027e-08
1.215000000000000000e+03 2.625681311261225419e-08
1.216300048828125000e+03 2.913738860089223960e-08
1.217599975585937500e+03 3.244935654956405126e-08
1.218900024414062500e+03 3.627616390052089649e-08
1.220199951171875000e+03 4.072083463300422986e-08
1.221500000000000000e+03 4.590910194573649234e-08
1.222799926757812500e+03 5.199175289842565917e-08
1.224099975585937500e+03 5.914552743074711459e-08
1.225400024414062500e+03 6.756859809490299943e-08
1.226699951171875000e+03 7.746290613066725969e-08
1.228000000000000000e+03 8.899041520172995044e-08
1.229299926757812500e+03 1.021838136382703420e-07
1.230599975585937500e+03 1.167847593456705285e-07
1.231899902343750000e+03 1.320019070475187864e-07
1.233199951171875000e+03 1.462651668410409698e-07
1.234499877929687500e+03 1.572074505156934351e-07
1.235800048828125000e+03 1.622066433483196612e-07
1.237099975585937500e+03 1.595386426963306801e-07
1.238400024414062500e+03 1.494415519390254451e-07
1.239700073242187500e+03 1.340784395152877245e-07
1.241000000000000000e+03 1.163856812235614970e-07
1.242300048828125000e+03 9.883981544131398008e-08
1.243599975585937500e+03 8.292720103942788806e-08
1.244900024414062500e+03 6.925005846914591351e-08
1.246199951171875000e+03 5.785478789815815445e-08
1.247500000000000000e+03 4.852021986870729684e-08
1.248799926757812500e+03 4.092406326796016321e-08
1.250099975585937500e+03 3.474086962841936290e-08
1.251400024414062500e+03 2.972895028308640319e-08
1.252699951171875000e+03 2.569386540657168702e-08
1.254000000000000000e+03 2.240491953598650605e-08
1.255299926757812500e+03 1.962690413315336440e-08
1.256599975585937500e+03 1.721996780525922526e-08
1.257899902343750000e+03 1.514679407240639838e-08
1.259199951171875000e+03 1.339254822237575947e-08
1.260500000000000000e+03 1.192266747041096054e-08
1.261800048828125000e+03 1.069064017046818541e-08
1.263099975585937500e+03 9.651103622762397256e-09
1.264400024414062500e+03 8.766208229139691052e-09
1.265699951171875000e+03 8.006049921207546105e-09
1.267000000000000000e+03 7.347411983269766064e-09
1.268300048828125000e+03 6.772261443079371058e-09
1.269599975585937500e+03 6.266476510469817929e-09
1.270900024414062500e+03 5.818882379496994700e-09
1.272199951171875000e+03 5.420534260801211742e-09
1.273500000000000000e+03 5.064192354521813412e-09
1.274799926757812500e+03 4.743943363305834074e-09
1.276099975585937500e+03 4.454906063591439238e-09
1.277400024414062500e+03 4.193019137128226979e-09
1.278699951171875000e+03 3.954877100013034921e-09
1.280000000000000000e+03 3.737608485617906868e-09
1.281299926757812500e+03 3.538768636576509459e-09
1.282599975585937500e+03 3.356270030813040333e-09
1.283899902343750000e+03 3.188319125458753270e-09
1.285199951171875000e+03 3.033365562279487165e-09
1.286500000000000000e+03 2.890053845405393803e-09
1.287800048828125000e+03 2.757233680049222887e-09
1.289099975585937500e+03 2.633868497324928982e-09
1.290400024414062500e+03 2.519056131684248617e-09
1.291699951171875000e+03 2.412002299856736716e-09
1.293000000000000000e+03 2.312004418508095932e-09
1.294300048828125000e+03 2.218438118955447431e-09
1.295599975585937500e+03 2.130749155996493698e-09
1.296900024414062500e+03 2.048441271153266876e-09
1.298199951171875000e+03 1.971070798558235095e-09
1.299500000000000000e+03 1.898239922311939938e-09
1.300799926757812500e+03 1.829589821463259457e-09
1.302099975585937500e+03 1.764798310084581353e-09
1.303399902343750000e+03 1.703573094629439190e-09
1.304699951171875000e+03 1.645649526385057328e-09
1.306000000000000000e+03 1.590788241547524502e-09
1.307299926757812500e+03 1.538770441372138313e-09
1.308599975585937500e+03 1.489397555041287905e-09
1.309899902343750000e+03 1.442488542607507548e-09
1.311200073242187500e+03 1.397873601860605023e-09
1.312500000000000000e+03 1.355407765989760116e-09
1.313800048828125000e+03 1.314948315731608303e-09
1.315099975585937500e+03 1.276366691371748091e-09
1.316400024414062500e+03 1.239545570933050880e-09
1.317699951171875000e+03 1.204376173118715787e-09
1.319000000000000000e+03 1.170758257312269024e-09
1.320300048828125000e+03 1.138599224558582447e-09
1.321599975585937500e+03 1.107813330922264062e-09
1.322900024414062500e+03 1.078321350355540499e-09
1.324199951171875000e+03 1.050049563301901945e-09
1.325500000000000000e+03 1.022929531941356789e-09
1.326799926757812500e+03 9.968976506809408872e-10
1.328099975585937500e+03 9.718949213999715863e-10
1.329399902343750000e+03 9.478660544310664766e-10
1.330699951171875000e+03 9.247599180696344279e-10
1.332000000000000000e+03 9.025280776680292842e-10
1.333299926757812500e+03 8.811259194092780215e-10
1.334599975585937500e+03 8.605111894012345458e-10
1.335899902343750000e+03 8.406448926955621777e-10
1.337200073242187500e+03 8.214886524194743479e-10
1.338500000000000000e+03 8.030106657764887783e-10
1.339800048828125000e+03 7.851770509887278097e-10
1.341099975585937500e+03 7.679575785429275312e-10
1.342400024414062500e+03 7.513231988882377549e-10
1.343699951171875000e+03 7.352471100212625416e-10
1.345000000000000000e+03 7.197036899010200890e-10
1.346300048828125000e+03 7.046692269018644887e-10
1.347599975585937500e+03 6.901209084171321107e-10
1.348900024414062500e+03 6.760374389346905758e-10
1.350199951171875000e+03 6.623986467161354558e-10
1.351500000000000000e+03 6.491854276081027445e-10
1.352799926757812500e+03 6.363799136083286545e-10
1.354099975585937500e+03 6.239647986014130126e-10
1.355399902343750000e+03 6.119240688117420500e-10
1.356699951171875000e+03 6.002423847279383967e-10
1.358000000000000000e+03 5.889051934802335560e-10
1.359299926757812500e+03 5.778985040857230582e-10
1.360599975585937500e+03 5.672095055239156405e-10
1.361900024414062500e+03 5.568248810761431284e-10
1.363200073242187500e+03 5.467342358354280982e-10
1.364500000000000000e+03 5.369257139889477508e-10
1.365800048828125000e+03 5.273885273089202256e-10
1.367099975585937500e+03 5.181125056431133582e-10
1.368400024414062500e+03 5.090879283487863301e-10
1.369699951171875000e+03 5.003054681040026560e-10
1.371000000000000000e+03 4.917564156623758567e-10
1.372300048828125000e+03 4.834322865322650229e-10
1.373599975585937500e+03 4.753249333541471857e-10
1.374900024414062500e+03 4.674269392214224776e-10
1.376199951171875000e+03 4.597308310388042252e-10
1.377500000000000000e+03 4.522295290318107085e-10
1.378799926757812500e+03 4.449164029354508814e-10
1.380099975585937500e+03 4.377851034281656083e-10
1.381399902343750000e+03 4.308295059431412196e-10
1.382699951171875000e+03 4.240435982909366754e-10
1.384000000000000000e+03 4.174218177916019718e-10
1.385299926757812500e+03 4.109588265199325192e-10
1.386599975585937500e+03 4.046494270224395539e-10
1.387900024414062500e+03 3.984881409022027123e-10
1.389200073242187500e+03 3.924712878002649981e-10
1.390500000000000000e+03 3.865936702631377513e-10
1.391800048828125000e+03 3.808511303280301056e-10
1.393099975585937500e+03 3.752392290887191812e-10
1.394400024414062500e+03 3.697540895258459188e-10
1.395699951171875000e+03 3.643917222426783711e-10
1.397000000000000000e+03 3.591485311632893372e-10
1.398299926757812500e+03 3.540207797400355839e-10
1.399599975585937500e+03 3.490050966517352215e-10
1.400900024414062500e+03 3.440981667658927530e-10
1.402199951171875000e+03 3.392967592330422181e-10
1.403500000000000000e+03 3.345978117697768337e-10
1.404799926757812500e+03 3.299984025644056426e-10
1.406099975585937500e+03 3.254955536165512952e-10
1.407399902343750000e+03 3.210865959636116002e-10
1.408699951171875000e+03 3.167689449260136964e-10
1.409999877929687500e+03 3.125399596354984334e-10
1.411299926757812500e+03 3.083971396955227970e-10
1.412599975585937500e+03 3.043378723321706265e-10
1.413900024414062500e+03 3.003604156961647914e-10
1.415200073242187500e+03 2.964622974853051635e-10
1.416500000000000000e+03 2.926413544351667729e-10
1.417800048828125000e+03 2.888954794700109903e-10
1.419099975585937500e+03 2.852227621745013530e-10
1.420400024414062500e+03 2.816211235672424279e-10
1.421699951171875000e+03 2.780889060819865182e-10
1.423000000000000000e+03 2.746241150203676243e-10
1.424299926757812500e+03 2.712250366274516051e-10
1.425599975585937500e+03 2.678900695256772080e-10
1.426900024414062500e+03 2.646175280544534363e-10
1.428199951171875000e+03 2.614058108362189341e-10
1.429500000000000000e+03 2.582534288707849746e-10
1.430799926757812500e+03 2.551588931579629867e-10
1.432099975585937500e+03 2.521206866032210993e-10
1.433399902343750000e+03 2.491375449611161554e-10
1.434699951171875000e+03 2.462080354201458211e-10
1.435999877929687500e+03 2.433309218292100839e-10
1.437299926757812500e+03 2.405048275654931056e-10
1.438599975585937500e+03 2.377284321948651817e-10
1.439900024414062500e+03 2.350009209813741395e-10
1.441200073242187500e+03 2.323209173022040373e-10
1.442500000000000000e+03 2.296872411949412293e-10
1.443800048828125000e+03 2.270989795934322783e-10
1.445099975585937500e+03 2.245549384880919664e-10
1.446400024414062500e+03 2.220541486240804641e-10
1.447699951171875000e+03 2.195955845578716787e-10
1.449000000000000000e+03 2.171782910817974049e-10
1.450299926757812500e+03 2.148013551297042055e-10
1.451599975585937500e+03 2.124638636354386953e-10
1.452900024414062500e+03 2.101648754385042150e-10
1.454199951171875000e+03 2.079036179444633088e-10
1.455500000000000000e+03 2.056792061815057616e-10
1.456799926757812500e+03 2.034908535080224158e-10
1.458099975585937500e+03 2.013377451880610212e-10
1.459399902343750000e+03 1.992191086271840441e-10
1.460699951171875000e+03 1.971342133724687969e-10
1.461999877929687500e+03 1.950823711125072830e-10
1.463300048828125000e+03 1.930626125924596987e-10
1.464599975585937500e+03 1.910746990104090574e-10
1.465900024414062500e+03 1.891177173002018960e-10
1.467200073242187500e+03 1.871910634334598324e-10
1.468500000000000000e+03 1.852940490987748699e-10
1.469800048828125000e+03 1.834261264564549670e-10
1.471099975585937500e+03 1.815866352894353489e-10
1.472400024414062500e+03 1.797750277580239742e-10
1.473699951171875000e+03 1.779907279281856051e-10
1.475000000000000000e+03 1.762331598658849780e-10
1.476299926757812500e+03 1.745017616842585049e-10
1.477599975585937500e+03 1.727960838738152277e-10
1.478900024414062500e+03 1.711155785948631048e-10
1.480199951171875000e+03 1.694597120548817185e-10
1.481500000000000000e+03 1.678280206972085126e-10
1.482799926757812500e+03 1.662200409651810083e-10
1.484099975585937500e+03 1.646352812077935046e-10
1.485399902343750000e+03 1.630733481042414358e-10
1.486699951171875000e+03 1.615337359563475546e-10
1.488000000000000000e+03 1.600158828772482214e-10
1.489300048828125000e+03 1.585196624423991049e-10
1.490599975585937500e+03 1.570445689536229321e-10
1.491900024414062500e+03 1.555900967127424299e-10
1.493199951171875000e+03 1.541559366819825434e-10
1.494500000000000000e+03 1.527416814933672122e-10
1.495800048828125000e+03 1.513469799676065872e-10
1.497099975585937500e+03 1.499714247367246077e-10
1.498400024414062500e+03 1.486147208101177913e-10
1.499699951171875000e+03 1.472764467726384275e-10
1.501000000000000000e+03 1.459563216808547355e-10
1.502299926757812500e+03 1.446540084026484641e-10
1.503599975585937500e+03 1.433691698059014916e-10
1.504899902343750000e+03 1.421015109000103096e-10
1.506199951171875000e+03 1.408506945528568481e-10
1.507500000000000000e+03 1.396164257738376503e-10
1.508799926757812500e+03 1.383984095723492855e-10
1.510099975585937500e+03 1.371963650049599209e-10
1.511399902343750000e+03 1.360100251754093476e-10
1.512699951171875000e+03 1.348390669987509904e-10
1.514000000000000000e+03 1.336831954843814442e-10
1.515300048828125000e+03 1.325422842077563520e-10
1.516599975585937500e+03 1.314160100839291126e-10
1.517900024414062500e+03 1.303040781222963727e-10
1.519199951171875000e+03 1.292063057096273828e-10
1.520500000000000000e+03 1.281223697609755935e-10
1.521800048828125000e+03 1.270521157574534773e-10
1.523099975585937500e+03 1.259952346612860571e-10
1.524400024414062500e+03 1.249515860007573776e-10
1.525699951171875000e+03 1.239209028796072559e-10
1.527000000000000000e+03 1.229029745902617981e-10
1.528299926757812500e+03 1.218975482836323934e-10
1.529599975585937500e+03 1.209044553936598906e-10
1.530899902343750000e+03 1.199235133071136952e-10
1.532199951171875000e+03 1.189545113164198616e-10
1.533500000000000000e+03 1.179972387140045735e-10
1.534799926757812500e+03 1.170514988394655350e-10
1.536099975585937500e+03 1.161171161031578473e-10
1.537399902343750000e+03 1.151939078918508515e-10
1.538700073242187500e+03 1.142816283800416843e-10
1.540000000000000000e+03 1.133802354262155772e-10
1.541300048828125000e+03 1.124894832048696927e-10
1.542599975585937500e+03 1.116092031499449441e-10
1.543900024414062500e+03 1.107392407425538169e-10
1.545199951171875000e+03 1.098794274166372244e-10
1.546500000000000000e+03 1.090296086533076650e-10
1.547800048828125000e+03 1.081896299336776372e-10
1.549099975585937500e+03 1.073593156681022553e-10
1.550400024414062500e+03 1.065385394320372009e-10
1.551699951171875000e+03 1.057271537301807586e-10
1.553000000000000000e+03 1.049249899964738288e-10
1.554299926757812500e+03 1.041319358535437042e-10
1.555599975585937500e+03 1.033478367825028704e-10
1.556899902343750000e+03 1.025725733823928211e-10
1.558199951171875000e+03 1.018060051814976010e-10
1.559500000000000000e+03 1.010479917081013585e-10
1.560799926757812500e+03 1.002984135612455355e-10
1.562099975585937500e+03 9.955713026921422872e-11
1.563399902343750000e+03 9.882404350180629007e-11
1.564700073242187500e+03 9.809894957503367641e-11
1.566000000000000000e+03 9.738186253606794707e-11
1.567300048828125000e+03 9.667261381885001531e-11
1.568599975585937500e+03 9.597106295166400355e-11
1.569900024414062500e+03 9.527710458072293896e-11
1.571199951171875000e+03 9.459065442299729756e-11
1.572500000000000000e+03 9.391157903035696203e-11
1.573800048828125000e+03 9.323977304901497247e-11
1.575099975585937500e+03 9.257513112518443361e-11
1.576400024414062500e+03 9.191756195224999658e-11
1.577699951171875000e+03 9.126696017642470147e-11
1.579000000000000000e+03 9.062322746750745206e-11
1.580299926757812500e+03 8.998625847171127553e-11
1.581599975585937500e+03 8.935597592959243402e-11
1.582899902343750000e+03 8.873226044019242124e-11
1.584199951171875000e+03 8.811504176765327255e-11
1.585500000000000000e+03 8.750422860535963906e-11
1.586799926757812500e+03 8.689970857593878768e-11
1.588099975585937500e+03 8.630140441994699348e-11
1.589400024414062500e+03 8.570921078359729656e-11
1.590700073242187500e+03 8.512310659613231271e-11
1.592000000000000000e+03 8.454297245659352268e-11
1.593300048828125000e+03 8.396873812912298770e-11
1.594599975585937500e+03 8.340029123634796173e-11
1.595900024414062500e+03 8.283757558958207822e-11
1.597199951171875000e+03 8.228052095296739838e-11
1.598500000000000000e+03 8.172904304347434652e-11
1.599799926757812500e+03 8.118305757807342453e-11
1.601099975585937500e+03 8.064250836807821416e-11
1.602400024414062500e+03 8.010729708328760626e-11
1.603699951171875000e+03 7.957739562935843047e-11
1.605000000000000000e+03 7.905267758174632975e-11
1.606299926757812500e+03 7.853313591686555675e-11
1.607599975585937500e+03 7.801866528092913865e-11
1.608899902343750000e+03 7.750919543807912372e-11
1.610199951171875000e+03 7.700467019962917126e-11
1.611500000000000000e+03 7.650502635330710274e-11
1.612799926757812500e+03 7.601021473401236360e-11
1.614099975585937500e+03 7.552015105871539109e-11
1.615400024414062500e+03 7.503473699721507604e-11
1.616700073242187500e+03 7.455401469102614815e-11
1.618000000000000000e+03 7.407785771560432791e-11
1.619300048828125000e+03 7.360622392943480809e-11
1.620599975585937500e+03 7.313904309665966283e-11
1.621900024414062500e+03 7.267627307576411075e-11
1.623199951171875000e+03 7.221783660730438814e-11
1.624500000000000000e+03 7.176370559693732466e-11
1.625799926757812500e+03 7.131380980880495566e-11
1.627099975585937500e+03 7.086810007780673949e-11
1.628400024414062500e+03 7.042653426242786893e-11
1.629699951171875000e+03 6.998904915039620422e-11
1.631000000000000000e+03 6.955558152943957976e-11
1.632299926757812500e+03 6.912611032880059842e-11
1.633599975585937500e+03 6.870057233620713336e-11
1.634899902343750000e+03 6.827891838655856538e-11
1.636199951171875000e+03 6.786109931475437868e-11
1.637499877929687500e+03 6.744708000286555217e-11
1.638799926757812500e+03 6.703679723861995902e-11
1.640099975585937500e+03 6.663018780974542070e-11
1.641400024414062500e+03 6.622727278699932145e-11
1.642700073242187500e+03 6.582796086376633823e-11
1.644000000000000000e+03 6.543221692211747579e-11
1.645300048828125000e+03 6.504001286770956380e-11
1.646599975585937500e+03 6.465127846468462466e-11
1.647900024414062500e+03 6.426599264228531294e-11
1.649199951171875000e+03 6.388410623541102236e-11
1.650500000000000000e+03 6.350559114971858257e-11
1.651799926757812500e+03 6.313037714935004184e-11
1.653099975585937500e+03 6.275846423430538725e-11
1.654400024414062500e+03 6.238978216872668000e-11
1.655699951171875000e+03 6.202431690544233491e-11
1.657000000000000000e+03 6.166201927935175864e-11
1.658299926757812500e+03 6.130285417252599471e-11
1.659599975585937500e+03 6.094678646703604788e-11
1.660899902343750000e+03 6.059378104495296166e-11
1.662199951171875000e+03 6.024379576476194176e-11
1.663499877929687500e+03 5.989680955570561687e-11
1.664799926757812500e+03 5.955277325268341951e-11
1.666099975585937500e+03 5.921163066700897018e-11
1.667400024414062500e+03 5.887341691661125123e-11
1.668700073242187500e+03 5.853805123025362527e-11
1.670000000000000000e+03 5.820552307255738727e-11
1.671300048828125000e+03 5.787578327842197619e-11
1.672599975585937500e+03 5.754879672991840324e-11
1.673900024414062500e+03 5.722454586808219018e-11
1.675199951171875000e+03 5.690299908677725422e-11
1.676500000000000000e+03 5.658412829166041855e-11
1.677799926757812500e+03 5.626788080583820321e-11
1.679099975585937500e+03 5.595426014110352711e-11
1.680400024414062500e+03 5.564322064414868998e-11
1.681699951171875000e+03 5.533473422063053438e-11
1.683000000000000000e+03 5.502876926441297106e-11
1.684299926757812500e+03 5.472531524011731435e-11
1.685599975585937500e+03 5.442431947085009078e-11
1.686899902343750000e+03 5.412577493302549484e-11
1.688199951171875000e+03 5.382964650871456358e-11
1.689499877929687500e+03 5.353592015074570537e-11
1.690800048828125000e+03 5.324453264684676108e-11
1.692099975585937500e+03 5.295549804418930941e-11
1.693400024414062500e+03 5.266879527201597260e-11
1.694699951171875000e+03 5.238437516522618961e-11
1.696000000000000000e+03 5.210221665306255684e-11
1.697300048828125000e+03 5.182231271193928816e-11
1.698599975585937500e+03 5.154462120034161512e-11
1.699900024414062500e+03 5.126912807109793961e-11
1.701199951171875000e+03 5.099580171807217885e-11
1.702500000000000000e+03 5.072463511767854670e-11
1.703799926757812500e+03 5.045558612840226825e-11
1.705099975585937500e+03 5.018864421486463846e-11
1.706400024414062500e+03 4.992378479451539298e-11
1.707699951171875000e+03 4.966099030839002125e-11
1.709000000000000000e+03 4.940022915035245986e-11
1.710299926757812500e+03 4.914148727323111071e-11
1.711599975585937500e+03 4.888474711806148911e-11
1.712899902343750000e+03 4.862998410229330483e-11
1.714199951171875000e+03 4.837717364337627413e-11
1.715500000000000000e+03 4.812627711158852808e-11
1.716800048828125000e+03 4.787732260127324351e-11
1.718099975585937500e+03 4.763027148270855147e-11
1.719400024414062500e+03 4.738508512617255720e-11
1.720699951171875000e+03 4.714177055525107914e-11
1.722000000000000000e+03 4.690029265201513495e-11
1.723300048828125000e+03 4.666063034570732750e-11
1.724599975585937500e+03 4.642277661274187711e-11
1.725900024414062500e+03 4.618671038236137372e-11
1.727199951171875000e+03 4.595241409560135201e-11
1.728500000000000000e+03 4.571985263453281673e-11
1.729799926757812500e+03 4.548903653453447938e-11
1.731099975585937500e+03 4.525992716588445165e-11
1.732399902343750000e+03 4.503252804037563953e-11
1.733699951171875000e+03 4.480679701649325517e-11
1.735000000000000000e+03 4.458273760603020457e-11
1.736299926757812500e+03 4.436032522643621045e-11
1.737599975585937500e+03 4.413954934233257422e-11
1.738899902343750000e+03 4.392038537116900567e-11
1.740199951171875000e+03 4.370282277756681915e-11
1.741499877929687500e+03 4.348684751435442303e-11
1.742799926757812500e+03 4.327243851077443308e-11
1.744099853515625000e+03 4.305958874324104378e-11
1.745399902343750000e+03 4.284828065278977691e-11
1.746699951171875000e+03 4.263848614507743626e-11
1.747999877929687500e+03 4.243020522010404122e-11
1.749299926757812500e+03 4.222341680711219464e-11
1.750599853515625000e+03 4.201812090610189005e-11
1.751899902343750000e+03 4.181428591093705758e-11
1.753199829101562500e+03 4.161190128623899867e-11
1.754500122070312500e+03 4.141092840228584437e-11
1.755800048828125000e+03 4.121140940059236961e-11
1.757100097656250000e+03 4.101330565143668607e-11
1.758400024414062500e+03 4.081660310764720858e-11
1.759700073242187500e+03 4.062128069846655291e-11
1.761000000000000000e+03 4.042733491210181954e-11
1.762300048828125000e+03 4.023474818958851730e-11
1.763600097656250000e+03 4.004350297196217442e-11
1.764900024414062500e+03 3.985360277101566458e-11
1.766200073242187500e+03 3.966501598061291144e-11
1.767500000000000000e+03 3.947774260075393439e-11
1.768800048828125000e+03 3.929177209606001545e-11
1.770099975585937500e+03 3.910707988398089028e-11
1.771400024414062500e+03 3.892365894093075336e-11
1.772699951171875000e+03 3.874150926690959822e-11
1.774000000000000000e+03 3.856060627936716051e-11
1.775300048828125000e+03 3.838094997830342730e-11
1.776599975585937500e+03 3.820250524578941626e-11
1.777900024414062500e+03 3.802529315258252455e-11
1.779199951171875000e+03 3.784927506896086384e-11
1.780500000000000000e+03 3.767446153030314565e-11
1.781799926757812500e+03 3.750082795405907330e-11
1.783099975585937500e+03 3.732836380484995467e-11
1.784399902343750000e+03 3.715706908267578977e-11
1.785699951171875000e+03 3.698692271677918790e-11
1.787000000000000000e+03 3.681792119536726894e-11
1.788299926757812500e+03 3.665005398306132137e-11
1.789599975585937500e+03 3.648330000910396098e-11
1.790899902343750000e+03 3.631766278528809376e-11
1.792199951171875000e+03 3.615313177623502758e-11
1.793499877929687500e+03 3.598968942298025837e-11
1.794799926757812500e+03 3.582733221373089305e-11
1.796099853515625000e+03 3.566604258952245987e-11
1.797399902343750000e+03 3.550582055035493942e-11
1.798699951171875000e+03 3.534665204905674654e-11
1.799999877929687500e+03 3.518853006204209509e-11
1.801299926757812500e+03 3.503144054213938052e-11
1.802599853515625000e+03 3.487537646576281671e-11
1.803899902343750000e+03 3.472033783291239718e-11
1.805200073242187500e+03 3.456628250207334703e-11
1.806500122070312500e+03 3.441324559117464858e-11
1.807800048828125000e+03 3.426120602945891760e-11
1.809100097656250000e+03 3.411014625796165648e-11
1.810400024414062500e+03 3.396006276488998507e-11
1.811700073242187500e+03 3.381094501486518542e-11
1.813000000000000000e+03 3.366278598430148432e-11
1.814300048828125000e+03 3.351558216140596932e-11
1.815599975585937500e+03 3.336931598721416218e-11
1.816900024414062500e+03 3.322398394993315692e-11
1.818200073242187500e+03 3.307957551418426143e-11
1.819500000000000000e+03 3.293608716817458264e-11
1.820800048828125000e+03 3.279350837652542198e-11
1.822099975585937500e+03 3.265182860385809379e-11
1.823400024414062500e+03 3.251104785017258516e-11
1.824699951171875000e+03 3.237115909188311642e-11
1.826000000000000000e+03 3.223214125823228395e-11
1.827299926757812500e+03 3.209400488459879280e-11
1.828599975585937500e+03 3.195672890022525875e-11
1.829900024414062500e+03 3.182031330511166885e-11
1.831199951171875000e+03 3.168475107567224347e-11
1.832500000000000000e+03 3.155002816473537802e-11
1.833799926757812500e+03 3.141614457230107897e-11
1.835099975585937500e+03 3.128308976299065422e-11
1.836399902343750000e+03 3.115085671321829825e-11
1.837699951171875000e+03 3.101944191119112445e-11
1.838999877929687500e+03 3.088883833332334025e-11
1.840299926757812500e+03 3.075903544423624060e-11
1.841599975585937500e+03 3.063003675572272502e-11
1.842899902343750000e+03 3.050182119702541577e-11
1.844199951171875000e+03 3.037439579173010542e-11
1.845499877929687500e+03 3.024773946907939682e-11
1.846799926757812500e+03 3.012185574086620243e-11
1.848099853515625000e+03 2.999673758350471673e-11
1.849399902343750000e+03 2.987238148520204666e-11
1.850699829101562500e+03 2.974877691057950010e-11
1.851999877929687500e+03 2.962591683605127801e-11
1.853299926757812500e+03 2.950379423803158780e-11
1.854599853515625000e+03 2.938241438420976584e-11
1.855900024414062500e+03 2.926174040076039941e-11
1.857200073242187500e+03 2.914180916150891416e-11
1.858500122070312500e+03 2.902259432800857009e-11
1.859800048828125000e+03 2.890409238846646769e-11
1.861100097656250000e+03 2.878629105160747478e-11
1.862400024414062500e+03 2.866919909691382725e-11
1.863700073242187500e+03 2.855279369773169109e-11
1.865000000000000000e+03 2.843708012175041239e-11
1.866300048828125000e+03 2.832205134538420176e-11
1.867599975585937500e+03 2.820769858915081042e-11
1.868900024414062500e+03 2.809402185305023511e-11
1.870200073242187500e+03 2.798101411349668649e-11
1.871500000000000000e+03 2.786866307921501945e-11
1.872800048828125000e+03 2.775697752968747634e-11
1.874099975585937500e+03 2.764593639415667294e-11
1.875400024414062500e+03 2.753554845210485482e-11
1.876699951171875000e+03 2.742580316815332665e-11
1.878000000000000000e+03 2.731669176281984284e-11
1.879299926757812500e+03 2.720821599200085315e-11
1.880599975585937500e+03 2.710036532031767194e-11
1.881900024414062500e+03 2.699313623597738675e-11
1.883199951171875000e+03 2.688652698308356075e-11
1.884500000000000000e+03 2.678053229394684465e-11
1.885799926757812500e+03 2.667514690087788593e-11
1.887099975585937500e+03 2.657036202439444871e-11
1.888399902343750000e+03 2.646617766449652651e-11
1.889699951171875000e+03 2.636258679759832676e-11
1.890999877929687500e+03 2.625959293549274574e-11
1.892299926757812500e+03 2.615718027511174853e-11
1.893599975585937500e+03 2.605534354876597936e-11
1.894899902343750000e+03 2.595409329183413682e-11
1.896199951171875000e+03 2.585341370124818274e-11
1.897499877929687500e+03 2.575329775342232130e-11
1.898799926757812500e+03 2.565375071604589531e-11
1.900099853515625000e+03 2.555476029784376292e-11
1.901399902343750000e+03 2.545633001060882687e-11
1.902699829101562500e+03 2.535844931896238858e-11
1.903999877929687500e+03 2.526111471111155501e-11
1.905299926757812500e+03 2.516432091936697362e-11
1.906600097656250000e+03 2.506805565245350578e-11
1.907900024414062500e+03 2.497234173702498870e-11
1.909200073242187500e+03 2.487716161411692798e-11
1.910500000000000000e+03 2.478250299245418823e-11
1.911800048828125000e+03 2.468837289562256202e-11
1.913100097656250000e+03 2.459476078824335401e-11
1.914400024414062500e+03 2.450166315852366791e-11
1.915700073242187500e+03 2.440907825056705718e-11
1.917000000000000000e+03 2.431700255258062230e-11
1.918300048828125000e+03 2.422543079687501399e-11
1.919599975585937500e+03 2.413436298345023224e-11
1.920900024414062500e+03 2.404379384461694069e-11
1.922199951171875000e+03 2.395371460089288084e-11
1.923500000000000000e+03 2.386412700817450891e-11
1.924800048828125000e+03 2.377502755466892860e-11
1.926099975585937500e+03 2.368640746089388787e-11
1.927400024414062500e+03 2.359827023864229595e-11
1.928699951171875000e+03 2.351061062022479384e-11
1.930000000000000000e+03 2.342342333795204196e-11
1.931299926757812500e+03 2.333670312413469425e-11
1.932599975585937500e+03 2.325044997877275072e-11
1.933899902343750000e+03 2.316466390186620812e-11
1.935199951171875000e+03 2.307933435803637111e-11
1.936500000000000000e+03 2.299446134728324616e-11
1.937799926757812500e+03 2.291004135781393375e-11
1.939099975585937500e+03 2.282607087783553111e-11
1.940399902343750000e+03 2.274254990734804471e-11
1.941699951171875000e+03 2.265947142276567550e-11
1.942999877929687500e+03 2.257682840050263089e-11
1.944299926757812500e+03 2.249462786414470024e-11
1.945599853515625000e+03 2.241286103420964766e-11
1.946899902343750000e+03 2.233152615480101692e-11
1.948199951171875000e+03 2.225061620233301868e-11
1.949499877929687500e+03 2.217013293270209622e-11
1.950799926757812500e+03 2.209007634590825278e-11
1.952099853515625000e+03 2.201043590657279302e-11
1.953399902343750000e+03 2.193121161469572017e-11
1.954699829101562500e+03 2.185239820258768171e-11
1.955999877929687500e+03 2.177400093793803338e-11
1.957300048828125000e+03 2.169599699409292829e-11
1.958600097656250000e+03 2.161841095360266309e-11
1.959900024414062500e+03 2.154122701339918994e-11
1.961200073242187500e+03 2.146444166168960930e-11
1.962500000000000000e+03 2.138805489847392763e-11
1.963800048828125000e+03 2.131206321195924542e-11
1.965100097656250000e+03 2.123645606676686409e-11
1.966400024414062500e+03 2.116124224237903567e-11
1.967700073242187500e+03 2.108641647110641089e-11
1.969000000000000000e+03 2.101196997346674093e-11
1.970300048828125000e+03 2.093790977304582807e-11
1.971599975585937500e+03 2.086422357856852398e-11
1.972900024414062500e+03 2.079091490182773141e-11
1.974199951171875000e+03 2.071798023103054760e-11
1.975500000000000000e+03 2.064541605438408273e-11
1.976800048828125000e+03 2.057322061599188056e-11
1.978099975585937500e+03 2.050138689226814852e-11
1.979400024414062500e+03 2.042992190679867918e-11
1.980699951171875000e+03 2.035881161241188738e-11
1.982000000000000000e+03 2.028806303269356247e-11
1.983299926757812500e+03 2.021766914405791186e-11
1.984599975585937500e+03 2.014762819060848579e-11
1.985899902343750000e+03 2.007794192824173402e-11
1.987199951171875000e+03 2.000860508926831050e-11
1.988500000000000000e+03 1.993961065010241940e-11
1.989799926757812500e+03 1.987096387843340356e-11
1.991099975585937500e+03 1.980265599477902709e-11
1.992399902343750000e+03 1.973469226682862634e-11
1.993699951171875000e+03 1.966706215920351567e-11
1.994999877929687500e+03 1.959977093959304113e-11
1.996299926757812500e+03 1.953281334030785021e-11
1.997599853515625000e+03 1.946618233776215031e-11
1.998899902343750000e+03 1.939988319964529074e-11
