9.986721424936899627e-01
9.986270563374536335e-01
9.985803406895170653e-01
9.985319238910561612e-01
9.984817303993642756e-01
9.984296805941851316e-01
9.983756904610208149e-01
9.983196713344508755e-01
9.982615295936666522e-01
9.982011662983638622e-01
9.981384768690855225e-01
9.980733506883813222e-01
9.980056706976156988e-01
9.979353129527568367e-01
9.978621461054993924e-01
9.977860309116500792e-01
9.977068196822311830e-01
9.976243556290104175e-01
9.975384722523340519e-01
9.974489925870844154e-01
9.973557283968376153e-01
9.972584793923182644e-01
9.971570322680421983e-01
9.970511597052301722e-01
9.969406192612387807e-01
9.968251522353942518e-01
9.967044822597374010e-01
9.965783140115683780e-01
9.964463315234129981e-01
9.963081965827488284e-01
9.961635468034912844e-01
9.960119935775638700e-01
9.958531199110158827e-01
9.956864778493507151e-01
9.955115857382865752e-01
9.953279253628467549e-01
9.951349385019740978e-01
9.949320234336705981e-01
9.947185306369240587e-01
9.944937586904291082e-01
9.942569489773792624e-01
9.940072803424470083e-01
9.937438631641928311e-01
9.934657322138543689e-01
9.931718394740053357e-01
9.928610454826752862e-01
9.925321101388916434e-01
9.921836818947826764e-01
9.918142864995788122e-01
9.914223135676966114e-01
9.910060017872880378e-01
9.905634226840606127e-01
9.900924616289524804e-01
9.895907973768609533e-01
9.890558783428855527e-01
9.884848959931270551e-01
9.878747549307609344e-01
9.872220393766127922e-01
9.865229745750273560e-01
9.857733843403380103e-01
9.849686414498318721e-01
9.841036133120605323e-01
9.831725997712769116e-01
9.821692625194601289e-01
9.810865460875329847e-01
9.799165897397907887e-01
9.786506268865535763e-01
9.772788744489265822e-01
9.757904098763402478e-01
9.741730345503847310e-01
9.724131268545410656e-01
9.704954828905074660e-01
9.684031511307172879e-01
9.661172621195855958e-01
9.636168659751839227e-01
9.608787870837790512e-01
9.578775186341428327e-01
9.545851845208925823e-01
9.509716128627532239e-01
9.470045787689901351e-01
9.426503024218108040e-01
9.378743094029148297e-01
9.326428042715064759e-01
9.269247349819458304e-01
9.206947671291895174e-01
9.139373990900625522e-01
9.066524296247921999e-01
8.988618901256039129e-01
8.906183371513241021e-01
8.820140066578773252e-01
8.731897307343532422e-01
8.643417415350282962e-01
8.557236985409736318e-01
8.476408273247609815e-01
8.404334572272055270e-01
8.344489921042738123e-01
8.300045116492346109e-01
8.273460228022094798e-01
8.266132861194087633e-01
8.278192852279864233e-01
8.308500062208010739e-01
8.354843335780910429e-01
8.414281497081574912e-01
8.483536593686666905e-01
8.559353956905410010e-01
8.638773188178748841e-01
8.719290662731745689e-01
8.798923129427418388e-01
8.876197516610895288e-01
8.950095281513612555e-01
9.019975599520995146e-01
9.085494479830207304e-01
9.146530123888951813e-01
9.203119398182321165e-01
9.255406783153466987e-01
9.303605094718278012e-01
9.347966374285419100e-01
9.388761020690469250e-01
9.426263333692905810e-01
9.460741885009504859e-01
9.492453426296231234e-01
9.521639325463490122e-01
9.548523775577968387e-01
9.573313193859805947e-01
9.596196413385259527e-01
9.617345382548778687e-01
9.636916139995838071e-01
9.655049961719239793e-01
9.671874549037849933e-01
9.687505226230321842e-01
9.702046085624008720e-01
9.715591073003040368e-01
9.728224991257488075e-01
9.740024424598027197e-01
9.751058577454120302e-01
9.761390033371697417e-01
9.771075439565908294e-01
9.780166118697369848e-01
9.788708620212259737e-01
9.796745209986134073e-01
9.804314309134298799e-01
9.811450885112616982e-01
9.818186798261134829e-01
9.824551116700853681e-01
9.830570389110135920e-01
9.836268895927718914e-01
9.841668868197945841e-01
9.846790684626917090e-01
9.851653050302249248e-01
9.856273152511535462e-01
9.860666802440960499e-01
9.864848563252451852e-01
9.868831862166581592e-01
9.872629094383930104e-01
9.876251713792805198e-01
9.879710316409141546e-01
9.883014714286666447e-01
9.886174004103964741e-01
9.889196626747684959e-01
9.892090422954264994e-01
9.894862682808049925e-01
9.897520191304494119e-01
9.900069268748128426e-01
9.902515808303352651e-01
9.904865309624437675e-01
9.907122909812582368e-01
9.909293411411920216e-01
9.911381308025115633e-01
9.913390807194638610e-01
9.915325852414210717e-01
9.917190142670386788e-01
9.918987149581883767e-01
9.920720134441168847e-01
9.922392163167618184e-01
9.924006119868913345e-01
9.925564719869768293e-01
9.927070521207459475e-01
9.928525935261270918e-01
9.929933236967000143e-01
9.931294573817024407e-01
9.932611974300052937e-01
9.933887355706552125e-01
9.935122531246739497e-01
9.936319217050993968e-01
9.937479037929618508e-01
9.938603533494003717e-01
9.939694163174686015e-01
9.940752311399765340e-01
9.941779291938775964e-01
9.942776352506597082e-01
9.943744678331818410e-01
9.944685396213072126e-01
9.945599577662695978e-01
9.946488242333130225e-01
9.947352360835814977e-01
9.948192857862931948e-01
9.949010614283233522e-01
9.949806470164966887e-01
9.950581226398694801e-01
9.951335647592579603e-01
