9.956562547290656040e-01
9.955101716874316109e-01
9.953589897054185842e-01
9.952024939310821772e-01
9.950404584337629865e-01
9.948726456593859346e-01
9.946988056091526920e-01
9.945186751457018026e-01
9.943319771885305025e-01
9.941384197730872563e-01
9.939376952024588929e-01
9.937294790197143124e-01
9.935134289657301387e-01
9.932891838420098152e-01
9.930563622055994522e-01
9.928145611195869913e-01
9.925633547743533125e-01
9.923022928755007577e-01
9.920308991219050077e-01
9.917486693736508041e-01
9.914550697082751274e-01
9.911495345314949024e-01
9.908314642976256970e-01
9.905002231640870347e-01
9.901551364107300524e-01
9.897954878211573382e-01
9.894205164909457562e-01
9.890294139201645240e-01
9.886213202736287009e-01
9.881953208708702530e-01
9.877504420228543358e-01
9.872856466728051616e-01
9.867998298618954056e-01
9.862918134141896997e-01
9.857603403831499689e-01
9.852040693682817540e-01
9.846215677639121866e-01
9.840113050907799419e-01
9.833716448873122129e-01
9.827008372741475872e-01
9.819970093836105640e-01
9.812581560838982142e-01
9.804821299643479149e-01
9.796666294187813540e-01
9.788091873089698192e-01
9.779071574567341774e-01
9.769577010076635482e-01
9.759577707319987416e-01
9.749040957828406517e-01
9.737931638038443971e-01
9.726212023367626358e-01
9.713841597303605191e-01
9.700776835390286790e-01
9.686970994096434362e-01
9.672373877524651498e-01
9.656931597413946911e-01
9.640586328247092718e-01
9.623276063206104292e-01
9.604934358667032157e-01
9.585490104577804038e-01
9.564867282962105088e-01
9.542984778856447026e-01
9.519756216516214176e-01
9.495089844667843337e-01
9.468888506796733218e-01
9.441049726312371604e-01
9.411465903562445945e-01
9.380024716418960962e-01
9.346609749171697068e-01
9.311101399694412528e-01
9.273378178823061813e-01
9.233318444980850304e-01
9.190802719508153196e-01
9.145716650499102762e-01
9.097954803184662431e-01
9.047425369764104941e-01
8.994055963879902249e-01
8.937800606680522675e-01
8.878648017025629890e-01
8.816631234445961862e-01
8.751838554980947427e-01
8.684425591456308435e-01
8.614628142240083886e-01
8.542775285682034925e-01
8.469301873983852147e-01
8.394759284949865341e-01
8.319822977641655459e-01
8.245295158676322345e-01
8.172100729221239979e-01
8.101274751413928277e-01
8.033940066494870136e-01
7.971274399973049540e-01
7.914467386562713536e-01
7.864669327044802039e-01
7.822934879618628212e-01
7.790166218574944290e-01
7.767061008082651874e-01
7.754070551442401316e-01
7.751372918769001696e-01
7.758864325169093634e-01
7.776169863341483302e-01
7.802672125204969111e-01
7.837553873732746590e-01
7.879849498229921645e-01
7.928499671230472279e-01
7.982404246938933357e-01
8.040469497465042581e-01
8.101647116363811518e-01
8.164963803278387777e-01
8.229541318290414242e-01
8.294607876799969803e-01
8.359502153943161318e-01
8.423671533227825581e-01
8.486666162357324739e-01
8.548130273516955091e-01
8.607791947914851249e-01
8.665452302353533476e-01
8.720974775086165476e-01
8.774274982265585221e-01
8.825311435375517988e-01
8.874077268850431022e-01
8.920593024436331842e-01
8.964900484473530273e-01
9.007057459281991862e-01
9.047133458103496784e-01
9.085206157111277436e-01
9.121358510046466694e-01
9.155676472358909024e-01
9.188247178576552932e-01
9.219157550768964926e-01
9.248493220964700834e-01
9.276337737980433484e-01
9.302771986238485002e-01
9.327873788085507822e-01
9.351717641033469031e-01
9.374374565202925336e-01
9.395912039077727318e-01
9.416393994607731299e-01
9.435880870568931211e-01
9.454429694641067750e-01
9.472094195925007121e-01
9.488924934508564668e-01
9.504969437020910350e-01
9.520272353911120033e-01
9.534875598401632013e-01
9.548818506058154298e-01
9.562137977535860589e-01
9.574868621844270233e-01
9.587042901369902115e-01
9.598691259968604728e-01
9.609842250887081772e-01
9.620522660949250016e-01
9.630757620262707652e-01
9.640570714402191266e-01
9.649984082376387162e-01
9.659018513408679230e-01
9.667693534025030289e-01
9.676027494735657264e-01
9.684037644437654135e-01
9.691740204749276222e-01
9.699150436886518900e-01
9.706282705957882673e-01
9.713150538210623131e-01
9.719766676759503676e-01
9.726143132015773185e-01
9.732291229610526839e-01
9.738221654397672955e-01
9.743944491637347438e-01
9.749469263878079994e-01
9.754804968441663782e-01
9.759960110607363015e-01
9.764942732331840514e-01
9.769760442844781512e-01
9.774420445176159600e-01
9.778929560378047947e-01
9.783294251742669090e-01
9.787520645951981457e-01
9.791614552933199933e-01
9.795581485609982098e-01
9.799426677101679140e-01
9.803155097167541854e-01
9.806771467591078872e-01
9.810280276262368648e-01
9.813685791564622507e-01
9.816992073688139975e-01
9.820202987535558981e-01
9.823322212844233237e-01
9.826353255211432991e-01
9.829299455035688249e-01
9.832163997582895609e-01
9.834949920292893610e-01
9.837660121828470938e-01
9.840297368668189382e-01
9.842864302781175745e-01
9.845363447705324234e-01
9.847797215731901588e-01
9.850167912195998410e-01
9.852477742712575370e-01
9.854728816359623611e-01
9.856923152824131895e-01
