9.997393644529786183e-01
9.997305048099552893e-01
9.997213153713534473e-01
9.997117812438567341e-01
9.997018867074944914e-01
9.996916151781232163e-01
9.996809491337491638e-01
9.996698700608166455e-01
9.996583583876195167e-01
9.996463934013078978e-01
9.996339531805064071e-01
9.996210145058898044e-01
9.996075527717432907e-01
9.995935418874783984e-01
9.995789541590429650e-01
9.995637601815936524e-01
9.995479287178000716e-01
9.995314265472622361e-01
9.995142183325964602e-01
9.994962664460392832e-01
9.994775307844977474e-01
9.994579685967844851e-01
9.994375342601435896e-01
9.994161790519071609e-01
9.993938508922454167e-01
9.993704940861984909e-01
9.993460489879336661e-01
9.993204517102363127e-01
9.992936337180177153e-01
9.992655214584627021e-01
9.992360358994037961e-01
9.992050920409671910e-01
9.991725984028276830e-01
9.991384563961899223e-01
9.991025596576145196e-01
9.990647933592281538e-01
9.990250333520008796e-01
9.989831453097620662e-01
9.989389836392725819e-01
9.988923904702980971e-01
9.988431942905041661e-01
9.987912085850697563e-01
9.987362303136593233e-01
9.986780380253157396e-01
9.986163899820597045e-01
9.985510218361873802e-01
9.984816441560753209e-01
9.984079394549829622e-01
9.983295590912468764e-01
9.982461194801902638e-01
9.981571978686936131e-01
9.980623276344620098e-01
9.979609926666603847e-01
9.978526212231710879e-01
9.977365786487500943e-01
9.976121590325965904e-01
9.974785756117874325e-01
9.973349497485775039e-01
9.971802978901649350e-01
9.970135167902123285e-01
9.968333657037820039e-01
9.966384461515482851e-01
9.964271778834511428e-01
9.961977704445899029e-01
9.959481897980779763e-01
9.956761190718271815e-01
9.953789112654634064e-01
9.950535335257922886e-01
9.946965004895697016e-01
9.943037939428444050e-01
9.938707670121849080e-01
9.933920280562904548e-01
9.928613012552410799e-01
9.922712569939904359e-01
9.916133073747839255e-01
9.908773575959830548e-01
9.900515052664964344e-01
9.891216764676054041e-01
9.880711881651285111e-01
9.868802247564419927e-01
9.855252218121196561e-01
9.839781526566011571e-01
9.822057341407327558e-01
9.801685918981706269e-01
9.778204861447170604e-01
9.751077959890607216e-01
9.719696341828756303e-01
9.683392430017216945e-01
9.641477572108479999e-01
9.593320238372154973e-01
9.538488571803339644e-01
9.476985186480587631e-01
9.409593975604347849e-01
9.338320536811763883e-01
9.266818199349818874e-01
9.200552258108289916e-01
9.146346396925669753e-01
9.111065650921614800e-01
9.099672176103807963e-01
9.113522566038859685e-01
9.149910510297367683e-01
9.203136083544423141e-01
9.266401528176061442e-01
9.333509727507207643e-01
9.399785589101233851e-01
9.462241762691319114e-01
9.519304106604447036e-01
9.570398929736692040e-01
9.615575146489827585e-01
9.655222284066928840e-01
9.689884518576969974e-01
9.720148985754611948e-01
9.746584563684022040e-01
9.769712159234038573e-01
9.789993405372178215e-01
9.807829418061362325e-01
9.823564601690957243e-01
9.837492615687807307e-01
9.849862928603158041e-01
9.860887154926007980e-01
9.870744806392441895e-01
9.879588328370907391e-01
9.887547418387151454e-01
9.894732676014452721e-01
9.901238665485468937e-01
9.907146475316077616e-01
9.912525845896408283e-01
9.917436944726789605e-01
9.921931840164971428e-01
9.926055732642875551e-01
9.929847980146915276e-01
9.933342957303370468e-01
9.936570774768624936e-01
9.939557884645171537e-01
9.942327590217977518e-01
9.944900476771544318e-01
9.947294776994815013e-01
9.949526680964682068e-01
9.951610601177731663e-01
9.953559398379350220e-01
9.955384575500887401e-01
9.957096444255183476e-01
9.958704268199324305e-01
9.960216387640026259e-01
9.961640326043049720e-01
9.962982884156882379e-01
9.964250220761806665e-01
9.965447923470086566e-01
9.966581071205289355e-01
9.967654288081462255e-01
9.968671791204106736e-01
9.969637432982217939e-01
9.970554737844250504e-01
9.971426935394255286e-01
9.972256989192421761e-01
9.973047622680166757e-01
9.973801341957196920e-01
9.974520456477576902e-01
9.975207097014814339e-01
9.975863232096822131e-01
9.976490682537728638e-01
9.977091134621572932e-01
9.977666151747006662e-01
9.978217185086755148e-01
9.978745583085237847e-01
9.979252600102693771e-01
9.979739404183637363e-01
9.980207084103943638e-01
9.980656655651101161e-01
9.981089067554365091e-01
9.981505206748029213e-01
9.981905903001241365e-01
9.982291933414484397e-01
9.982664026377495725e-01
9.983022865147195279e-01
9.983369091236498072e-01
9.983703307412471473e-01
9.984026080452518270e-01
9.984337943759432621e-01
9.984639399673890248e-01
9.984930921627134248e-01
9.985212956122878625e-01
9.985485924541147584e-01
9.985750224887257609e-01
9.986006233254456355e-01
9.986254305337195492e-01
9.986494777692779268e-01
9.986727969016111484e-01
9.986954181223393068e-01
9.987173700573319657e-01
9.987386798558478551e-01
9.987593732885338138e-01
9.987794748252289967e-01
9.987990077176044368e-01
9.988179940681860547e-01
9.988364549047876739e-01
9.988544102328617003e-01
9.988718791063365687e-01
9.988888796687620530e-01
9.989054292202459440e-01
