9.969425841625600970e-01
9.968555127448194275e-01
9.967658913428837364e-01
9.966736399318437689e-01
9.965786752877152654e-01
9.964809114718480298e-01
9.963802597520117210e-01
9.962766274880618944e-01
9.961699201259845982e-01
9.960600391222560468e-01
9.959468819650728610e-01
9.958303436613094028e-01
9.957103149851153079e-01
9.955866827453023760e-01
9.954593295091495042e-01
9.953281343142174054e-01
9.951929717698261291e-01
9.950537111577087979e-01
9.949102181073787854e-01
9.947623528940330306e-01
9.946099703484206911e-01
9.944529206150282130e-01
9.942910474660632270e-01
9.941241902177966328e-01
9.939521809604160429e-01
9.937748463032853863e-01
9.935920055977741638e-01
9.934034719730284735e-01
9.932090514853968433e-01
9.930085418373250095e-01
9.928017338922373591e-01
9.925884105444572336e-01
9.923683447130611235e-01
9.921413025334053781e-01
9.919070389905085827e-01
9.916653004257173221e-01
9.914158224905832428e-01
9.911583306982839625e-01
9.908925381097175578e-01
9.906181471569226460e-01
9.903348482102355410e-01
9.900423168762709780e-01
9.897402169649726078e-01
9.894281963736438756e-01
9.891058896482503027e-01
9.887729141381569331e-01
9.884288702554462347e-01
9.880733415472020553e-01
9.877058924394082062e-01
9.873260674848677310e-01
9.869333899706456137e-01
9.865273621362105061e-01
9.861074618023751848e-01
9.856731430412349892e-01
9.852238314715786593e-01
9.847589274160155615e-01
9.842777991858495668e-01
9.837797845044219391e-01
9.832641875490041317e-01
9.827302755762566955e-01
9.821772758997187047e-01
9.816043800972112932e-01
9.810107284319765641e-01
9.803954206658288539e-01
9.797575001717725440e-01
9.790959607651454899e-01
9.784097375014295661e-01
9.776976970800793643e-01
9.769586470974027659e-01
9.761913165458525610e-01
9.753943587235457402e-01
9.745663431937338084e-01
9.737057455444865228e-01
9.728109501163024753e-01
9.718802325027832145e-01
9.709117545730256982e-01
9.699035672769681371e-01
9.688535848700309261e-01
9.677595946936421445e-01
9.666192440272073361e-01
9.654300376840553310e-01
9.641893410234728679e-01
9.628943861309383623e-01
9.615422818938773597e-01
9.601300520629266755e-01
9.586546799556536769e-01
9.571131972715861691e-01
9.555028044373478080e-01
9.538210937925435395e-01
9.520663473362871443e-01
9.502380326538417687e-01
9.483375339885093958e-01
9.463692789341232592e-01
9.443424390269925528e-01
9.422734948274774647e-01
9.401900328501904269e-01
9.381362331294765822e-01
9.361803904499884643e-01
9.344242106760419775e-01
9.330118846669264165e-01
9.321331950473323857e-01
9.320097047642482702e-01
9.328511330360099718e-01
9.347816078383766047e-01
9.377673082334704313e-01
9.415989597052598636e-01
9.459530870454684326e-01
9.504925915342589127e-01
9.549453222581580913e-01
9.591332779453181079e-01
9.629639372957705667e-01
9.664064005094251675e-01
9.694676327906421864e-01
9.721746228111632915e-01
9.745628731928238642e-01
9.766697016256837838e-01
9.785307748211923284e-01
9.801784745756254580e-01
9.816413979688727309e-01
9.829443598797028558e-01
9.841087095343872271e-01
9.851527058543017024e-01
9.860919301228210365e-01
9.869396846795288614e-01
9.877073292989652087e-01
9.884045840221935553e-01
9.890397846475967869e-01
9.896201029324875886e-01
9.901517238193606740e-01
9.906399967037351484e-01
9.910895676330017112e-01
9.915044828185447523e-01
9.918882738511405339e-01
9.922440379767222263e-01
9.925744950189584470e-01
9.928820445044904686e-01
9.931688061517240929e-01
9.934366606278870471e-01
9.936872789749882084e-01
9.939221493460999035e-01
9.941426032676496938e-01
9.943498324518602605e-01
9.945449069084726368e-01
9.947287898861441047e-01
9.949023492024685611e-01
9.950663701820146034e-01
9.952215628749672138e-01
9.953685728175299952e-01
9.955079855828919966e-01
9.956403356894250045e-01
9.957661096296150927e-01
9.958857532307353599e-01
9.959996740024658068e-01
9.961082450317971793e-01
9.962118101293544470e-01
9.963106849977885204e-01
9.964051596588869852e-01
9.964955029636575201e-01
9.965819619794958895e-01
9.966647660639736950e-01
9.967441275664021827e-01
9.968202425949044265e-01
9.968932936842412884e-01
9.969634509660524335e-01
9.970308716990026188e-01
9.970957031191017839e-01
9.971580822434409352e-01
9.972181369610689794e-01
9.972759866328823053e-01
9.973317432086915568e-01
9.973855110656465461e-01
9.974373886025412750e-01
9.974874673737746944e-01
9.975358338656848955e-01
9.975825690244753963e-01
9.976277489822187317e-01
9.976714456986544022e-01
9.977137263624223928e-01
9.977546549305684742e-01
9.977942911630225398e-01
9.978326919003090989e-01
9.978699105530064450e-01
9.979059977041774276e-01
9.979410011411392611e-01
9.979749662329070459e-01
9.980079357816613594e-01
9.980399503482403345e-01
9.980710486734617470e-01
9.981012671556720450e-01
9.981306404638853325e-01
9.981592016079977592e-01
9.981869819831457047e-01
9.982140112925659281e-01
9.982403179725038989e-01
9.982659289579660644e-01
9.982908699664025942e-01
9.983151655755824194e-01
9.983388390117844402e-01
9.983619127247294056e-01
9.983844079192576437e-01
