9.932677018048385875e-01
9.930776199477828747e-01
9.928821633514300915e-01
9.926811743221225504e-01
9.924744894317083510e-01
9.922619405787080904e-01
9.920433548958592640e-01
9.918185525480819331e-01
9.915873508885872933e-01
9.913495603016027058e-01
9.911049843445725038e-01
9.908534228738973271e-01
9.905946685807198726e-01
9.903285076503997031e-01
9.900547193235293975e-01
9.897730774643822560e-01
9.894833488733905114e-01
9.891852916201742119e-01
9.888786585804621998e-01
9.885631941650439014e-01
9.882386343217396396e-01
9.879047082459193607e-01
9.875611352011085531e-01
9.872076285683556440e-01
9.868438905365390923e-01
9.864696158343063681e-01
9.860844884517057096e-01
9.856881839795712530e-01
9.852803682136871410e-01
9.848606949469268512e-01
9.844288093007896867e-01
9.839843458490192818e-01
9.835269250777465277e-01
9.830561600491739549e-01
9.825716483005073609e-01
9.820729772148607539e-01
9.815597205370442113e-01
9.810314399801933760e-01
9.804876813357107368e-01
9.799279786050827390e-01
9.793518518801529460e-01
9.787588028913436489e-01
9.781483214221468048e-01
9.775198782743423909e-01
9.768729309778441117e-01
9.762069174350095357e-01
9.755212574157365868e-01
9.748153537299673044e-01
9.740885891314856604e-01
9.733403261334457879e-01
9.725699057298293759e-01
9.717766491625912106e-01
9.709598532171330731e-01
9.701187930268270199e-01
9.692527152541302593e-01
9.683608456010571741e-01
9.674423786893320276e-01
9.664964827308166750e-01
9.655222964924812246e-01
9.645189257767725621e-01
9.634854407868839177e-01
9.624208861509016000e-01
9.613242570002595855e-01
9.601945208312427926e-01
9.590305938262706498e-01
9.578313562255292846e-01
9.565956407387972149e-01
9.553222210758935962e-01
9.540098318594718574e-01
9.526571415523179542e-01
9.512627627306993183e-01
9.498252448143643667e-01
9.483430640441853354e-01
9.468146343384336028e-01
9.452382868916078262e-01
9.436122702215313796e-01
9.419347620740723404e-01
9.402038386887767718e-01
9.384174980699060420e-01
9.365736488684384131e-01
9.346701153450555077e-01
9.327046494677407873e-01
9.306749462194536804e-01
9.285786626309340264e-01
9.264134718266748836e-01
9.241771203547813895e-01
9.218675359684225246e-01
9.194829644307793703e-01
9.170222192123939076e-01
9.144849978457866291e-01
9.118724038309883317e-01
9.091876964554317375e-01
9.064374303523666798e-01
9.036331528528285251e-01
9.007939412643483079e-01
8.979501419852807809e-01
8.951487872472992935e-01
8.924611169238632069e-01
8.899922129011033078e-01
8.878913900617169119e-01
8.863587915326042177e-01
8.856386917426792849e-01
8.859863464288612045e-01
8.876022827167436846e-01
8.905535035477116779e-01
8.947275543081654181e-01
8.998558001698645503e-01
9.055922412002201938e-01
9.115991643278122947e-01
9.176018920483463015e-01
9.234064644067747629e-01
9.288929771187695028e-01
9.339989951044067595e-01
9.387021057531906854e-01
9.430055223274054210e-01
9.469275102330284577e-01
9.504943087907715693e-01
9.537354709452982027e-01
9.566811205135562490e-01
9.593602859417695861e-01
9.618000990373244408e-01
9.640253748868917727e-01
9.660585154344824010e-01
9.679195974050327500e-01
9.696264985056455288e-01
9.711950899598890130e-01
9.726394341795189247e-01
9.739719900656307328e-01
9.752037873592241946e-01
9.763445937669168462e-01
9.774030794424218849e-01
9.783869458241593042e-01
9.793030358434969829e-01
9.801574527251024627e-01
9.809556375287628027e-01
9.817024599805647123e-01
9.824022780931012111e-01
9.830590065718548543e-01
9.836761632531908495e-01
9.842569138964691877e-01
9.848041201050652393e-01
9.853203665855396753e-01
9.858079944801904082e-01
9.862691288821844315e-01
9.867056988915335891e-01
9.871194633966600129e-01
9.875120232872288684e-01
9.878848439511772606e-01
9.882392624472815523e-01
9.885765068160465852e-01
9.888977005899522998e-01
9.892038792128919900e-01
9.894959936979321746e-01
9.897749187128226378e-01
9.900414643218904409e-01
9.902963774490977089e-01
9.905403468845120907e-01
9.907740140548870755e-01
9.909979703021444264e-01
9.912127668090664478e-01
9.914189156487603904e-01
9.916168910972953388e-01
9.918071361416889165e-01
9.919900650611773729e-01
9.921660616540319833e-01
9.923354864633436856e-01
9.924986758550655708e-01
9.926559446070278847e-01
9.928075872145918357e-01
9.929538806325289846e-01
9.930950835865909321e-01
9.932314406700160081e-01
9.933631797933476504e-01
9.934905168242326168e-01
9.936136541444774428e-01
9.937327824762589579e-01
9.938480824984077255e-01
9.939597230961983998e-01
9.940678654486506671e-01
9.941726602993911088e-01
9.942742513537933258e-01
9.943727738061016730e-01
9.944683559117183380e-01
9.945611190081928843e-01
9.946511784877104523e-01
9.947386433357748858e-01
9.948236169717606936e-01
9.949061983581554136e-01
9.949864805269456047e-01
9.950645522215385563e-01
9.951404980549699575e-01
9.952143985998428422e-01
9.952863301466733370e-01
9.953563658438100425e-01
9.954245750290757755e-01
9.954910239863250521e-01
9.955557761387295868e-01
9.956188914465237128e-01
9.956804279709321470e-01
9.957404405688936588e-01
