9.990554899564537683e-01
9.990285040683148932e-01
9.990007122322132060e-01
9.989720882120518564e-01
9.989426046687683858e-01
9.989122333111958296e-01
9.988809448640637578e-01
9.988487086989408237e-01
9.988154934744771785e-01
9.987812664540141050e-01
9.987459935030638114e-01
9.987096395639459834e-01
9.986721680756361907e-01
9.986335410495259524e-01
9.985937189672768888e-01
9.985526610005521775e-01
9.985103247041648977e-01
9.984666657066431084e-01
9.984216382424008218e-01
9.983751945775730663e-01
9.983272849612038202e-01
9.982778578539734937e-01
9.982268593526611999e-01
9.981742337969312651e-01
9.981199228325569051e-01
9.980638659585068240e-01
9.980059999113136682e-01
9.979462589748788748e-01
9.978845746653806081e-01
9.978208752687758309e-01
9.977550863024080563e-01
9.976871300972998124e-01
9.976169250822007895e-01
9.975443867952908938e-01
9.974694263728646204e-01
9.973919513248586943e-01
9.973118647856260566e-01
9.972290656275574205e-01
9.971434476058935736e-01
9.970548998876603841e-01
9.969633064798288924e-01
9.968685452149811388e-01
9.967704886469865855e-01
9.966690025379263407e-01
9.965639466003353153e-01
9.964551730481892022e-01
9.963425265293490707e-01
9.962258439844544622e-01
9.961049536907587987e-01
9.959796748019787982e-01
9.958498166473195301e-01
9.957151785684553724e-01
9.955755484860846494e-01
9.954307028440918526e-01
9.952804046450517417e-01
9.951244042084846919e-01
9.949624364249153308e-01
9.947942208294119348e-01
9.946194600885763792e-01
9.944378382790972637e-01
9.942490192249653358e-01
9.940526473857893563e-01
9.938483415309307123e-01
9.936356978667957307e-01
9.934142833910326598e-01
9.931836374136682188e-01
9.929432671158442414e-01
9.926926427668978370e-01
9.924311998258641410e-01
9.921583301594742998e-01
9.918733814255688008e-01
9.915756521550659341e-01
9.912643857086446131e-01
9.909387689595398063e-01
9.905979228764190125e-01
9.902408975452404727e-01
9.898666699720812812e-01
9.894741301275418177e-01
9.890620806524920150e-01
9.886292269965173407e-01
9.881741713586157383e-01
9.876954084490342511e-01
9.871913222555758205e-01
9.866601842081513807e-01
9.861001634231423285e-01
9.855093406334213268e-01
9.848857430585215011e-01
9.842273964457651791e-01
9.835324292023567283e-01
9.827992204121213105e-01
9.820266555875091230e-01
9.812145190204397682e-01
9.803641158486364748e-01
9.794792352054542128e-01
9.785676322495933110e-01
9.776432547459007472e-01
9.767294837038484889e-01
9.758635526995491638e-01
9.751018441950234372e-01
9.745244945716767804e-01
9.742351974835625761e-01
9.743490324847773332e-01
9.749615990758345729e-01
9.761041161147145928e-01
9.777103094207587608e-01
9.796265238239056927e-01
9.816651926757384850e-01
9.836640140014125677e-01
9.855166571766084127e-01
9.871721592036277748e-01
9.886190505228765746e-01
9.898683406428401277e-01
9.909411552736291373e-01
9.918614048508986869e-01
9.926520662857318822e-01
9.933336098350460386e-01
9.939235803831190097e-01
9.944366920592724313e-01
9.948851585361121463e-01
9.952790625478554754e-01
9.956267244693752794e-01
9.959350146008080218e-01
9.962096212231447145e-01
9.964552738219916161e-01
9.966759189032219357e-01
9.968748647383711692e-01
9.970548970686070600e-01
9.972183734243660336e-01
9.973672971065660198e-01
9.975033777744638508e-01
9.976280821158014511e-01
9.977426732295844314e-01
9.978482424436223575e-01
9.979457377627343195e-01
9.980359845462930535e-01
9.981197050366182877e-01
9.981975325618775985e-01
9.982700250810482290e-01
9.983376751839161400e-01
9.984009189410301133e-01
9.984601442646001690e-01
9.985156965251921202e-01
9.985678842781506859e-01
9.986169839809722060e-01
9.986632436286754233e-01
9.987068866796525723e-01
9.987481144099086272e-01
9.987871090939346441e-01
9.988240355255078029e-01
9.988590435974821213e-01
9.988922693315772650e-01
9.989238369746773483e-01
9.989538597838013567e-01
9.989824411789846037e-01
9.990096761893985100e-01
9.990356518693638277e-01
9.990604480185660830e-01
9.990841384144385495e-01
9.991067907356127042e-01
9.991284676608733761e-01
9.991492271060182784e-01
9.991691224706454877e-01
9.991882033574920330e-01
9.992065159077665459e-01
9.992241027190824632e-01
9.992410035948818825e-01
9.992572555231064024e-01
9.992728929756399259e-01
9.992879480813910975e-01
9.993024509265902022e-01
9.993164295320556834e-01
9.993299102689157110e-01
9.993429176557760973e-01
9.993554748166444401e-01
9.993676033741104581e-01
9.993793236415017267e-01
9.993906547927109418e-01
9.994016147208920620e-01
9.994122204309974222e-01
9.994224878052865302e-01
9.994324319288541147e-01
9.994420669677157587e-01
9.994514063244233082e-01
9.994604626506345957e-01
9.994692479455707934e-01
9.994777735228232984e-01
9.994860500951160409e-01
9.994940878825449015e-01
9.995018964853157328e-01
9.995094850393009267e-01
9.995168622359833499e-01
9.995240363357941193e-01
9.995310151509697594e-01
9.995378061533396474e-01
9.995444164177165192e-01
9.995508526941869754e-01
9.995571214289709072e-01
9.995632287131085425e-01
9.995691804267979874e-01
9.995749821240427213e-01
