5.000000000000000000e+02 1.000795017114353369e+00 1.000476231191742560e+00 9.994880753902523063e-01 9.970946004060121659e-01
5.075376884422110493e+02 1.000795017114353369e+00 1.000466210085653618e+00 9.994429473714251388e-01 9.969579286824378217e-01
5.150753768844220986e+02 1.000795017114353369e+00 1.000455855174237296e+00 9.993962280875423598e-01 9.968163042861704071e-01
5.226130653266332047e+02 1.000795017114353369e+00 1.000445150782883985e+00 9.993478435317338926e-01 9.966695023507463613e-01
5.301507537688441971e+02 1.000795017114353369e+00 1.000434080337959442e+00 9.992977154410697116e-01 9.965172853684097776e-01
5.376884422110553032e+02 1.000795017114353369e+00 1.000422626304064755e+00 9.992457610031983961e-01 9.963594023535093935e-01
5.452261306532662957e+02 1.000795017114353369e+00 1.000410770116168857e+00 9.991918925393488138e-01 9.961955879418491477e-01
5.527638190954774018e+02 1.000795017114353369e+00 1.000398492106131743e+00 9.991360171615161212e-01 9.960255614204479579e-01
5.603015075376883942e+02 1.000795017114353369e+00 1.000385771423079273e+00 9.990780364014182346e-01 9.958490256816577846e-01
5.678391959798995003e+02 1.000795017114353369e+00 1.000372585947041149e+00 9.990178458085622326e-01 9.956656660949803062e-01
5.753768844221106065e+02 1.000795017114353369e+00 1.000358912195191241e+00 9.989553345144737140e-01 9.954751492892951470e-01
5.829145728643215989e+02 1.000795017114353369e+00 1.000344725219962427e+00 9.988903847598208374e-01 9.952771218374835138e-01
5.904522613065327050e+02 1.000795017114353369e+00 1.000329998498219242e+00 9.988228713808170456e-01 9.950712088346423956e-01
5.979899497487436975e+02 1.000795017114353369e+00 1.000314703810587069e+00 9.987526612508820234e-01 9.948570123602133997e-01
6.055276381909548036e+02 1.000795017114353369e+00 1.000298811109929575e+00 9.986796126730935752e-01 9.946341098133711922e-01
6.130653266331657960e+02 1.000795017114353369e+00 1.000282288377843498e+00 9.986035747184659472e-01 9.944020521099422583e-01
6.206030150753769021e+02 1.000795017114353369e+00 1.000265101467918472e+00 9.985243865045113631e-01 9.941603617279360927e-01
6.281407035175880083e+02 1.000795017114353369e+00 1.000247213934347679e+00 9.984418764079221464e-01 9.939085305874348908e-01
6.356783919597990007e+02 1.000795017114353369e+00 1.000228586844315259e+00 9.983558612044727276e-01 9.936460177491293067e-01
6.432160804020099931e+02 1.000795017114353369e+00 1.000209178572381230e+00 9.982661451284386978e-01 9.933722469141444966e-01
6.507537688442210992e+02 1.000795017114353369e+00 1.000188944574879502e+00 9.981725188429084739e-01 9.930866037059963292e-01
6.582914572864322054e+02 1.000795017114353369e+00 1.000167837142079241e+00 9.980747583113193100e-01 9.927884327134894882e-01
6.658291457286431978e+02 1.000795017114353369e+00 1.000145805125584708e+00 9.979726235593656680e-01 9.924770342711389803e-01
6.733668341708543039e+02 1.000795017114353369e+00 1.000122793638115848e+00 9.978658573150930300e-01 9.921516609511987772e-01
6.809045226130652964e+02 1.000795017114353369e+00 1.000098743722442007e+00 9.977541835134493553e-01 9.918115137386124269e-01
6.884422110552764025e+02 1.000795017114353369e+00 1.000073591985804811e+00 9.976373056498425429e-01 9.914557378571213775e-01
6.959798994974873949e+02 1.000795017114353369e+00 1.000047270195685956e+00 9.975149049652498601e-01 9.910834182113393842e-01
7.035175879396985010e+02 1.000795017114353369e+00 1.000019704832187273e+00 9.973866384431695487e-01 9.906935744058030791e-01
7.110552763819096072e+02 1.000795017114353369e+00 9.999908165916630010e-01 9.972521365961025674e-01 9.902851552977692817e-01
7.185929648241205996e+02 1.000795017114353369e+00 9.999605198354538649e-01 9.971110010162750337e-01 9.898570330358523739e-01
7.261306532663317057e+02 1.000795017114353369e+00 9.999287219767267754e-01 9.969628016619015431e-01 9.894079965313699043e-01
7.336683417085426981e+02 1.000795017114353369e+00 9.998953227973840230e-01 9.968070738463579161e-01 9.889367443035151917e-01
7.412060301507538043e+02 1.000795017114353369e+00 9.998602136858301126e-01 9.966433148931094221e-01 9.884418766330788086e-01
7.487437185929647967e+02 1.000795017114353369e+00 9.998232767850064873e-01 9.964709804140262639e-01 9.879218869523994639e-01
7.562814070351759028e+02 1.000795017114353369e+00 9.997843840384843528e-01 9.962894801626956953e-01 9.873751523914576778e-01
7.638190954773870089e+02 1.000795017114353369e+00 9.997433961205219877e-01 9.960981734073534044e-01 9.867999233914922508e-01
7.713567839195980014e+02 1.000795017114353369e+00 9.997001612337772514e-01 9.958963637599915764e-01 9.861943122881792201e-01
7.788944723618089938e+02 1.000795017114353369e+00 9.996545137557537597e-01 9.956832933888087878e-01 9.855562807562401328e-01
7.864321608040200999e+02 1.000795017114353369e+00 9.996062727119823244e-01 9.954581365302545004e-01 9.848836259963134054e-01
7.939698492462312061e+02 1.000795017114353369e+00 9.995552400503031620e-01 9.952199922042216373e-01 9.841739655330652425e-01
8.015075376884421985e+02 1.000795017114353369e+00 9.995011986862940567e-01 9.949678760211042583e-01 9.834247204808815868e-01
8.090452261306531909e+02 1.000795017114353369e+00 9.994439102847577638e-01 9.947007109521217583e-01 9.826330971201793218e-01
8.165829145728644107e+02 1.000795017114353369e+00 9.993831127360642830e-01 9.944173169140388957e-01 9.817960666135986392e-01
8.241206030150754032e+02 1.000795017114353369e+00 9.993185172788158210e-01 9.941163989956423030e-01 9.809103426774116175e-01
8.316582914572863956e+02 1.000795017114353369e+00 9.992498052115309504e-01 9.937965341254585416e-01 9.799723570098236580e-01
8.391959798994975017e+02 1.000795017114353369e+00 9.991766241254655956e-01 9.934561559474123227e-01 9.789782322651564561e-01
8.467336683417086078e+02 1.000795017114353369e+00 9.990985835779429003e-01 9.930935376325591424e-01 9.779237523521018272e-01
8.542713567839196003e+02 1.000795017114353369e+00 9.990152501101136062e-01 9.927067723095930329e-01 9.768043298266441132e-01
8.618090452261305927e+02 1.000795017114353369e+00 9.989261414942949280e-01 9.922937507432441073e-01 9.756149701476856118e-01
8.693467336683416988e+02 1.000795017114353369e+00 9.988307200731624258e-01 9.918521358264793530e-01 9.743502325683536247e-01
8.768844221105528050e+02 1.000795017114353369e+00 9.987283850250476824e-01 9.913793333777828343e-01 9.730041874517686429e-01
8.844221105527637974e+02 1.000795017114353369e+00 9.986184633552220857e-01 9.908724586467114737e-01 9.715703698312507797e-01
8.919597989949749035e+02 1.000795017114353369e+00 9.985001993706437151e-01 9.903282978269600800e-01 9.700417290875552601e-01
8.994974874371860096e+02 1.000795017114353369e+00 9.983727423431925097e-01 9.897432637536385247e-01 9.684105746978215468e-01
9.070351758793970021e+02 1.000795017114353369e+00 9.982351320012496920e-01 9.891133448172534370e-01 9.666685181330855192e-01
9.145728643216081082e+02 1.000795017114353369e+00 9.980862814082066548e-01 9.884340459576647087e-01 9.648064111574389257e-01
9.221105527638192143e+02 1.000795017114353369e+00 9.979249566846928321e-01 9.877003204034952022e-01 9.628142810304615162e-01
9.296482412060300931e+02 1.000795017114353369e+00 9.977497529033078072e-01 9.869064905926878684e-01 9.606812634590973232e-01
9.371859296482411992e+02 1.000795017114353369e+00 9.975590653229853277e-01 9.860461564451190597e-01 9.583955346162763567e-01
9.447236180904521916e+02 1.000795017114353369e+00 9.973510549250933499e-01 9.851120888567986844e-01 9.559442441802639134e-01
9.522613065326635251e+02 1.000795017114353369e+00 9.971236069522513290e-01 9.840961059479972350e-01 9.533134522002879585e-01
9.597989949748744039e+02 1.000795017114353369e+00 9.968742808168654657e-01 9.829889292301904336e-01 9.504880737218323050e-01
9.673366834170853963e+02 1.000795017114353369e+00 9.966002493174508370e-01 9.817800164723676781e-01 9.474518365842790057e-01
9.748743718592965024e+02 1.000795017114353369e+00 9.962982245477648435e-01 9.804573676726304754e-01 9.441872597240981158e-01
9.824120603015076085e+02 1.000795017114353369e+00 9.959643671680248334e-01 9.790073002241896916e-01 9.406756617822034094e-01
9.899497487437184873e+02 1.000795017114353369e+00 9.955941747781464901e-01 9.774141891882529576e-01 9.368972129381336611e-01
9.974874371859295934e+02 1.000795017114353369e+00 9.951823439229671164e-01 9.756601686866184231e-01 9.328310467909388670e-01
1.005025125628140813e+03 1.000795017114353369e+00 9.947225986812069376e-01 9.737247910255394379e-01 9.284554538743678975e-01
1.012562814070351919e+03 1.000795017114353369e+00 9.942074767302090388e-01 9.715846416124329643e-01 9.237481840802719280e-01
1.020100502512562798e+03 1.000795017114353369e+00 9.936280610939800528e-01 9.692129105818697576e-01 9.186868918149354579e-01
1.027638190954774018e+03 1.000795017114353369e+00 9.929736422976300769e-01 9.665789271642117875e-01 9.132497648893994624e-01
1.035175879396984783e+03 1.000795017114353369e+00 9.922312911670584379e-01 9.636476715177800800e-01 9.074163854003658436e-01
1.042713567839196003e+03 1.000795017114353369e+00 9.913853168309200159e-01 9.603792929685995849e-01 9.011688771678331156e-01
1.050251256281406995e+03 1.000795017114353369e+00 9.904165774797942801e-01 9.567286862500914424e-01 8.944933979334335206e-01
1.057788944723617988e+03 1.000795017114353369e+00 9.893016032369073010e-01 9.526452125359741174e-01 8.873820328050850970e-01
1.065326633165829207e+03 1.000795017114353369e+00 9.880114818344938321e-01 9.480727054592030800e-01 8.798351344725242607e-01
1.072864321608040200e+03 1.000795017114353369e+00 9.865104508114717063e-01 9.429499811076863525e-01 8.718641303067914405e-01
1.080402010050251192e+03 1.000795017114353369e+00 9.847541398149122216e-01 9.372121832324459278e-01 8.634947702729449670e-01
1.087939698492462412e+03 1.000795017114353369e+00 9.826874247487881187e-01 9.307934470341450162e-01 8.547707160403080762e-01
1.095477386934673405e+03 1.000795017114353369e+00 9.802419161285056415e-01 9.236315556407349581e-01 8.457572658070752203e-01
1.103015075376884397e+03 1.000795017114353369e+00 9.773332561590539758e-01 9.156754709945308379e-01 8.365448711566555451e-01
1.110552763819095617e+03 1.000795017114353369e+00 9.738587386911993216e-01 9.068967797332332381e-01 8.272519414987702380e-01
1.118090452261306382e+03 1.000795017114353369e+00 9.696964710412362409e-01 8.973060592381998379e-01 8.180262734407799385e-01
1.125628140703517602e+03 1.000795017114353369e+00 9.647086671616080800e-01 8.869746724868972088e-01 8.090443314125677077e-01
1.133165829145728821e+03 1.000795017114353369e+00 9.587541156725057911e-01 8.760611423865232172e-01 8.005076049399363347e-01
1.140703517587939587e+03 1.000795017114353369e+00 9.517186905961817489e-01 8.648386064015449737e-01 7.926354467166110140e-01
1.148241206030150806e+03 1.000795017114353369e+00 9.435770916656374130e-01 8.537158095018884119e-01 7.856542050116253062e-01
1.155778894472361799e+03 1.000795017114353369e+00 9.344989925962819965e-01 8.432395946165450740e-01 7.797831001586480459e-01
1.163316582914572791e+03 1.000795017114353369e+00 9.249951684505792748e-01 8.340646498367338957e-01 7.752180659872113244e-01
1.170854271356784011e+03 1.000795017114353369e+00 9.160437243762151738e-01 8.268807301603431359e-01 7.721154956380472667e-01
1.178391959798995003e+03 1.000795017114353369e+00 9.090484473138327193e-01 8.223018947702519510e-01 7.705782546169055447e-01
1.185929648241205996e+03 1.000795017114353369e+00 9.054640260540539609e-01 8.207434156658761637e-01 7.706462435394593191e-01
1.193467336683417216e+03 1.000795017114353369e+00 9.061509818717269349e-01 8.223278571652846702e-01 7.722931388997130719e-01
1.201005025125628208e+03 1.000795017114353369e+00 9.109011928613983677e-01 8.268579238439274226e-01 7.754298429021070360e-01
1.208542713567839201e+03 1.000795017114353369e+00 9.185654137397938346e-01 8.338672465064196349e-01 7.799139349619506056e-01
1.216080402010050420e+03 1.000795017114353369e+00 9.276571804613467087e-01 8.427267851407700405e-01 7.855633944396657187e-01
1.223618090452261185e+03 1.000795017114353369e+00 9.369215153502370441e-01 8.527655797972435447e-01 7.921723222570871137e-01
1.231155778894472405e+03 1.000795017114353369e+00 9.455678248837998678e-01 8.633689963321952154e-01 7.995264079475015162e-01
1.238693467336683398e+03 1.000795017114353369e+00 9.532273450447397156e-01 8.740367032274295456e-01 8.074163608180278118e-01
1.246231155778894390e+03 1.000795017114353369e+00 9.598107865127070149e-01 8.844016771443271585e-01 8.156482317356801293e-01
1.253768844221105610e+03 1.000795017114353369e+00 9.653775335231279398e-01 8.942219576340674214e-01 8.240502699831243616e-01
1.261306532663316602e+03 1.000795017114353369e+00 9.700490315633132354e-01 9.033585033181111834e-01 8.324765284260063902e-01
1.268844221105527595e+03 1.000795017114353369e+00 9.739611414341841078e-01 9.117493015418089986e-01 8.408077823022926944e-01
1.276381909547738815e+03 1.000795017114353369e+00 9.772417137688688138e-01 9.193856001328756244e-01 8.489504711397943826e-01
1.283919597989949807e+03 1.000795017114353369e+00 9.800020992334558256e-01 9.262927157759063279e-01 8.568343616496700843e-01
1.291457286432160799e+03 1.000795017114353369e+00 9.823355192633771438e-01 9.325157923655248426e-01 8.644095254550905327e-01
1.298994974874372019e+03 1.000795017114353369e+00 9.843184131873266018e-01 9.381098869577920718e-01 8.716430838765969469e-01
1.306532663316582784e+03 1.000795017114353369e+00 9.860128123713494119e-01 9.431334415708260144e-01 8.785160302889821748e-01
1.314070351758794004e+03 1.000795017114353369e+00 9.874688431585293413e-01 9.476442230580975901e-01 8.850203193794661249e-01
1.321608040201004997e+03 1.000795017114353369e+00 9.887269923058874532e-01 9.516969720546444300e-01 8.911563196595603253e-01
1.329145728643215989e+03 1.000795017114353369e+00 9.898200216390362627e-01 9.553421866781398597e-01 8.969306604714383235e-01
1.336683417085427209e+03 1.000795017114353369e+00 9.907745300927988108e-01 9.586256303934334033e-01 9.023544631533795268e-01
1.344221105527638201e+03 1.000795017114353369e+00 9.916122041577193347e-01 9.615882821756823740e-01 9.074419223887970620e-01
1.351758793969849194e+03 1.000795017114353369e+00 9.923508090674295623e-01 9.642665416237464759e-01 9.122091927189261984e-01
1.359296482412060413e+03 1.000795017114353369e+00 9.930049710021510156e-01 9.666925680580860103e-01 9.166735323445515116e-01
1.366834170854271406e+03 1.000795017114353369e+00 9.935867937223178403e-01 9.688946778038337593e-01 9.208526583676827082e-01
1.374371859296482398e+03 1.000795017114353369e+00 9.941063452226051034e-01 9.708977538350045400e-01 9.247642722182712882e-01
1.381909547738693618e+03 1.000795017114353369e+00 9.945720427762529958e-01 9.727236414213236149e-01 9.284257196622680564e-01
1.389447236180904383e+03 1.000795017114353369e+00 9.949909586349462431e-01 9.743915157907679925e-01 9.318537555739764278e-01
1.396984924623115603e+03 1.000795017114353369e+00 9.953690637130908625e-01 9.759182154953626176e-01 9.350643890646168632e-01
1.404522613065326823e+03 1.000795017114353369e+00 9.957114226906301768e-01 9.773185397830070897e-01 9.380727893440369280e-01
1.412060301507537588e+03 1.000795017114353369e+00 9.960223509380380369e-01 9.786055109321748491e-01 9.408932367721367651e-01
1.419597989949748808e+03 1.000795017114353369e+00 9.963055413268198102e-01 9.797906039246643273e-01 9.435391069438299194e-01
1.427135678391959800e+03 1.000795017114353369e+00 9.965641671879588159e-01 9.808839464873108094e-01 9.460228784083201115e-01
1.434673366834170793e+03 1.000795017114353369e+00 9.968009662963344120e-01 9.818944927318223881e-01 9.483561568327321112e-01
1.442211055276382012e+03 1.000795017114353369e+00 9.970183096940642420e-01 9.828301735567510633e-01 9.505497101683649808e-01
1.449748743718593005e+03 1.000795017114353369e+00 9.972182583447730675e-01 9.836980267690150770e-01 9.526135107467346153e-01
1.457286432160803997e+03 1.000795017114353369e+00 9.974026099762515196e-01 9.845043096092344070e-01 9.545567812947003405e-01
1.464824120603015217e+03 1.000795017114353369e+00 9.975729379769093796e-01 9.852545960704697237e-01 9.563880426752445763e-01
1.472361809045226209e+03 1.000795017114353369e+00 9.977306238284610052e-01 9.859538611096529959e-01 9.581151617844817503e-01
1.479899497487437202e+03 1.000795017114353369e+00 9.978768842580344467e-01 9.866065535790661256e-01 9.597453985081342287e-01
1.487437185929648422e+03 1.000795017114353369e+00 9.980127940581552393e-01 9.872166594583102750e-01 9.612854509958999039e-01
1.494974874371859187e+03 1.000795017114353369e+00 9.981393053381039104e-01 9.877877567475848997e-01 9.627414987765841037e-01
1.502512562814070407e+03 1.000795017114353369e+00 9.982572638238669249e-01 9.883230631904311725e-01 9.641192434317693571e-01
1.510050251256281399e+03 1.000795017114353369e+00 9.983674227076866359e-01 9.888254778267865364e-01 9.654239466876349818e-01
1.517587939698492391e+03 1.000795017114353369e+00 9.984704544555234040e-01 9.892976172328672435e-01 9.666604658861376320e-01
1.525125628140703611e+03 1.000795017114353369e+00 9.985669609065076502e-01 9.897418471805119466e-01 9.678332868680505907e-01
1.532663316582914604e+03 1.000795017114353369e+00 9.986574819387693536e-01 9.901603103426492858e-01 9.689465543489518273e-01
1.540201005025125596e+03 1.000795017114353369e+00 9.987425029278392818e-01 9.905549505811017674e-01 9.700040999009662546e-01
1.547738693467336816e+03 1.000795017114353369e+00 9.988224611847651424e-01 9.909275342758459004e-01 9.710094676723876050e-01
1.555276381909547808e+03 1.000795017114353369e+00 9.988977515293275822e-01 9.912796690891932938e-01 9.719659379875742466e-01
1.562814070351758801e+03 1.000795017114353369e+00 9.989687311277959392e-01 9.916128205024539177e-01 9.728765489733033345e-01
1.570351758793969793e+03 1.000795017114353369e+00 9.990357237034283022e-01 9.919283264150391410e-01 9.737441163569916514e-01
1.577889447236181013e+03 1.000795017114353369e+00 9.990990232104397517e-01 9.922274100553984955e-01 9.745712515782741781e-01
1.585427135678392006e+03 1.000795017114353369e+00 9.991588970477554010e-01 9.925111914186106610e-01 9.753603783494558810e-01
1.592964824120602998e+03 1.000795017114353369e+00 9.992155888769399530e-01 9.927806974159337772e-01 9.761137477930880157e-01
1.600502512562813990e+03 1.000795017114353369e+00 9.992693210987824148e-01 9.930368708964117941e-01 9.768334522769287487e-01
1.608040201005025210e+03 1.000795017114353369e+00 9.993202970347672132e-01 9.932805786790742664e-01 9.775214380582772922e-01
1.615577889447236203e+03 1.000795017114353369e+00 9.993687028527772354e-01 9.935126187157962141e-01 9.781795168413709440e-01
1.623115577889447195e+03 1.000795017114353369e+00 9.994147092705887303e-01 9.937337264890502286e-01 9.788093763434183581e-01
1.630653266331658415e+03 1.000795017114353369e+00 9.994584730658698790e-01 9.939445807351797724e-01 9.794125899570625959e-01
1.638190954773869407e+03 1.000795017114353369e+00 9.995001384173097803e-01 9.941458085721276428e-01 9.799906255896796425e-01
1.645728643216080400e+03 1.000795017114353369e+00 9.995398380980374808e-01 9.943379901004718580e-01 9.805448537529907194e-01
1.653266331658291392e+03 1.000795017114353369e+00 9.995776945395772328e-01 9.945216625379311726e-01 9.810765549700070087e-01
1.660804020100502612e+03 1.000795017114353369e+00 9.996138207820900456e-01 9.946973239399857780e-01 9.815869265603547333e-01
1.668341708542713604e+03 1.000795017114353369e+00 9.996483213245407340e-01 9.948654365527651589e-01 9.820770888595252712e-01
1.675879396984924597e+03 1.000795017114353369e+00 9.996812928866216641e-01 9.950264298387105910e-01 9.825480909225350334e-01
1.683417085427135817e+03 1.000795017114353369e+00 9.997128250927149740e-01 9.951807032106370077e-01 9.830009157578692980e-01
1.690954773869346809e+03 1.000795017114353369e+00 9.997430010868568750e-01 9.953286285055583660e-01 9.834364851333635693e-01
1.698492462311557802e+03 1.000795017114353369e+00 9.997718980865278882e-01 9.954705522259444939e-01 9.838556639918302205e-01
1.706030150753768794e+03 1.000795017114353369e+00 9.997995878821021032e-01 9.956067975728382091e-01 9.842592645107605120e-01
1.713567839195980014e+03 1.000795017114353369e+00 9.998261372879562181e-01 9.957376662924510846e-01 9.846480498372524037e-01
1.721105527638190779e+03 1.000795017114353369e+00 9.998516085505033679e-01 9.958634403553753289e-01 9.850227375264384300e-01
1.728643216080401999e+03 1.000795017114353369e+00 9.998760597177683840e-01 9.959843834854006372e-01 9.853840027090950970e-01
1.736180904522612991e+03 1.000795017114353369e+00 9.998995449745985420e-01 9.961007425530177262e-01 9.857324810117364944e-01
1.743718592964824211e+03 1.000795017114353369e+00 9.999221149470931547e-01 9.962127488470258196e-01 9.860687712503747315e-01
1.751256281407035431e+03 1.000795017114353369e+00 9.999438169794442333e-01 9.963206192361991897e-01 9.863934379171845901e-01
1.758793969849245968e+03 1.000795017114353369e+00 9.999646953859986365e-01 9.964245572316717814e-01 9.867070134775580703e-01
1.766331658291457643e+03 1.000795017114353369e+00 9.999847916810435944e-01 9.965247539595557535e-01 9.870100004934618809e-01
1.773869346733668408e+03 1.000795017114353369e+00 1.000004144788530835e+00 9.966213890523111241e-01 9.873028735875579720e-01
1.781407035175879400e+03 1.000795017114353369e+00 1.000022791233717179e+00 9.967146314664868667e-01 9.875860812612661244e-01
1.788944723618090620e+03 1.000795017114353369e+00 1.000040765318476410e+00 9.968046402336594447e-01 9.878600475787571167e-01
1.796482412060301613e+03 1.000795017114353369e+00 1.000058099281850632e+00 9.968915651507072040e-01 9.881251737278121672e-01
1.804020100502512832e+03 1.000795017114353369e+00 1.000074823447248518e+00 9.969755474149253338e-01 9.883818394675116803e-01
1.811557788944723598e+03 1.000795017114353369e+00 1.000090966357535027e+00 9.970567202089376524e-01 9.886304044718418060e-01
1.819095477386934590e+03 1.000795017114353369e+00 1.000106554899142797e+00 9.971352092398707567e-01 9.888712095775238353e-01
1.826633165829145810e+03 1.000795017114353369e+00 1.000121614416210170e+00 9.972111332368117642e-01 9.891045779436352658e-01
1.834170854271356802e+03 1.000795017114353369e+00 1.000136168815648485e+00 9.972846044101842944e-01 9.893308161299587677e-01
1.841708542713567567e+03 1.000795017114353369e+00 1.000150240663956192e+00 9.973557288763240658e-01 9.895502151003852109e-01
1.849246231155779242e+03 1.000795017114353369e+00 1.000163851276509641e+00 9.974246070502209571e-01 9.897630511571704481e-01
1.856783919597989780e+03 1.000795017114353369e+00 1.000177020799989158e+00 9.974913340091222658e-01 9.899695868113495001e-01
1.864321608040200999e+03 1.000795017114353369e+00 1.000189768288542114e+00 9.975559998294246666e-01 9.901700715941711417e-01
1.871859296482412219e+03 1.000795017114353369e+00 1.000202111774212588e+00 9.976186898990718754e-01 9.903647428140078812e-01
1.879396984924623212e+03 1.000795017114353369e+00 1.000214068332135442e+00 9.976794852074667430e-01 9.905538262628285073e-01
1.886934673366834431e+03 1.000795017114353369e+00 1.000225654140923348e+00 9.977384626147171032e-01 9.907375368759895329e-01
1.894472361809045196e+03 1.000795017114353369e+00 1.000236884538656446e+00 9.977956951018820408e-01 9.909160793487867824e-01
1.902010050251256644e+03 1.000795017114353369e+00 1.000247774074833673e+00 9.978512520037313704e-01 9.910896487129341459e-01
1.909547738693467409e+03 1.000795017114353369e+00 1.000258336558613736e+00 9.979051992253906711e-01 9.912584308758883855e-01
1.917085427135678401e+03 1.000795017114353369e+00 1.000268585103645247e+00 9.979575994441410858e-01 9.914226031256924143e-01
1.924623115577889166e+03 1.000795017114353369e+00 1.000278532169762924e+00 9.980085122975127510e-01 9.915823346038090680e-01
1.932160804020100613e+03 1.000795017114353369e+00 1.000288189601792777e+00 9.980579945587294555e-01 9.917377867482157772e-01
1.939698492462311378e+03 1.000795017114353369e+00 1.000297568665695636e+00 9.981061003004626508e-01 9.918891137088594601e-01
1.947236180904522598e+03 1.000795017114353369e+00 1.000306680082255317e+00 9.981528810477748870e-01 9.920364627374018696e-01
1.954773869346733591e+03 1.000795017114353369e+00 1.000315534058499489e+00 9.981983859210584731e-01 9.921799745530399672e-01
1.962311557788944810e+03 1.000795017114353369e+00 1.000324140317026878e+00 9.982426617697115478e-01 9.923197836860507826e-01
1.969849246231156030e+03 1.000795017114353369e+00 1.000332508123397801e+00 9.982857532972269077e-01 9.924560188005802086e-01
1.977386934673366568e+03 1.000795017114353369e+00 1.000340646311733694e+00 9.983277031783187594e-01 9.925888029980884930e-01
1.984924623115578243e+03 1.000795017114353369e+00 1.000348563308658401e+00 9.983685521686600506e-01 9.927182541027499418e-01
1.992462311557789008e+03 1.000795017114353369e+00 1.000356267155699808e+00 9.984083392077587327e-01 9.928444849300144259e-01
2.000000000000000000e+03 1.000795017114353369e+00 1.000363765530271065e+00 9.984471015154561258e-01 9.929676035394492395e-01
