0.000000000000000000e+00 9.966903136961071663e-01
5.000000000000000000e+00 9.962221120344875169e-01
1.000000000000000000e+01 9.907323296289425318e-01
1.500000000000000000e+01 9.862845159090403158e-01
2.000000000000000000e+01 9.863698281517353506e-01
2.500000000000000000e+01 9.879274520574367058e-01
3.000000000000000000e+01 9.854185499515971669e-01
3.500000000000000000e+01 9.810568978018011643e-01
4.000000000000000000e+01 9.802977257786315013e-01
4.500000000000000000e+01 9.790159574773175111e-01
5.000000000000000000e+01 9.777130643326198411e-01
5.500000000000000000e+01 9.760180231100425985e-01
6.000000000000000000e+01 9.737527321632324373e-01
6.500000000000000000e+01 9.713334336954866366e-01
7.000000000000000000e+01 9.692210209814319244e-01
7.500000000000000000e+01 9.674653912850056381e-01
8.000000000000000000e+01 9.653734701817171526e-01
8.500000000000000000e+01 9.639260792157676727e-01
9.000000000000000000e+01 9.630988285076880207e-01
9.500000000000000000e+01 9.618425624513688987e-01
1.000000000000000000e+02 9.602244993087264424e-01
1.050000000000000000e+02 9.586412448104312256e-01
1.100000000000000000e+02 9.571497803369338753e-01
1.150000000000000000e+02 9.555157226696966433e-01
1.200000000000000000e+02 9.536635580914252230e-01
1.250000000000000000e+02 9.518969476590496415e-01
1.300000000000000000e+02 9.503099007627356931e-01
1.350000000000000000e+02 9.490025852937766793e-01
1.400000000000000000e+02 9.476355245270746686e-01
1.450000000000000000e+02 9.461810550672373754e-01
1.500000000000000000e+02 9.448771434893084020e-01
1.549999999999999716e+02 9.436666545171872311e-01
1.600000000000000000e+02 9.423865150955450520e-01
1.650000000000000000e+02 9.407274265244327527e-01
1.700000000000000000e+02 9.389426404408510729e-01
1.750000000000000000e+02 9.373222510006383734e-01
1.800000000000000000e+02 9.359470772778077929e-01
1.850000000000000000e+02 9.346746205650154904e-01
1.900000000000000000e+02 9.332255859072722259e-01
1.950000000000000000e+02 9.317650905161302122e-01
2.000000000000000000e+02 9.304287257807550837e-01
2.050000000000000000e+02 9.292292830353073851e-01
2.100000000000000000e+02 9.279556206201388102e-01
2.150000000000000000e+02 9.264448909709851465e-01
2.200000000000000000e+02 9.248967599725885780e-01
2.250000000000000000e+02 9.234288261197944880e-01
2.300000000000000000e+02 9.220852944204447343e-01
2.350000000000000000e+02 9.206961597061118496e-01
2.400000000000000000e+02 9.192310799768054208e-01
2.450001209453085096e+02 9.178547050731349355e-01
2.500000000000000000e+02 9.166083864911420687e-01
2.549998790546914904e+02 9.154294713899255864e-01
2.600000000000000000e+02 9.140968747150518547e-01
2.649998790546914620e+02 9.126368676339519093e-01
2.700000000000000000e+02 9.112056584039037732e-01
2.749998790546914620e+02 9.098823348535041156e-01
2.800000000000000000e+02 9.086048023230285375e-01
2.849998790546914620e+02 9.072141229237425941e-01
2.900000000000000000e+02 9.057844686852444260e-01
2.950001209453085380e+02 9.044393327964935780e-01
3.000000000000000000e+02 9.032232874541943346e-01
3.050001209453085380e+02 9.020200605668563520e-01
3.099999999999999432e+02 9.006988024713359353e-01
3.150001209453085380e+02 8.993348942357715092e-01
3.200000000000000000e+02 8.980148267894046965e-01
3.250001209453085380e+02 8.967622242647189656e-01
3.300000000000000000e+02 8.954743494294972184e-01
3.350001209453085380e+02 8.941068549923236741e-01
3.400000000000000000e+02 8.927590934540030609e-01
3.450001209453085380e+02 8.914942436664067271e-01
3.500000000000000000e+02 8.903001588282473122e-01
3.550001209453085380e+02 8.890618653206937561e-01
3.600000000000000000e+02 8.877617424303653193e-01
3.650001209453084812e+02 8.864720524200234708e-01
3.700000000000000000e+02 8.852338029083134385e-01
3.750001209453084812e+02 8.840223495101148243e-01
3.800000000000000000e+02 8.827536141109212364e-01
3.849998790546914620e+02 8.814489016037562186e-01
3.900000000000000000e+02 8.801699661601224411e-01
3.949998790546914620e+02 8.789493939155811342e-01
4.000000000000000000e+02 8.777527501550079769e-01
4.049998790546914051e+02 8.765214506825466101e-01
4.100000000000000000e+02 8.752812977214587953e-01
4.149998790546914051e+02 8.740611785176360948e-01
4.200000000000000000e+02 8.728678433755737709e-01
4.249998790546914051e+02 8.716626333720930431e-01
4.300000000000000000e+02 8.704256211369513219e-01
4.349998790546915188e+02 8.691950453370902441e-01
4.400000000000000000e+02 8.679871896380143559e-01
4.449998790546915188e+02 8.667999347648277508e-01
4.500000000000000000e+02 8.656036898883496811e-01
4.549998790546915188e+02 8.644028600882448510e-01
4.600000000000000000e+02 8.632202903639440983e-01
4.649998790546914620e+02 8.620490335487827060e-01
4.700000000000000000e+02 8.608784125654623809e-01
4.750001209453084812e+02 8.596944436607324436e-01
4.800000000000000000e+02 8.585168078631905120e-01
4.850001209453084812e+02 8.573510771248115114e-01
4.900000000000000000e+02 8.561817404621341332e-01
4.950001209453084812e+02 8.550067369939176043e-01
5.000000000000000000e+02 8.538371716590035243e-01
5.050001209453084812e+02 8.526973383910800841e-01
5.100000000000000000e+02 8.515680292073513069e-01
5.150001209453084812e+02 8.504208370403577577e-01
5.200000000000000000e+02 8.492588653156343259e-01
5.250001209453084812e+02 8.481124201403734686e-01
5.300000000000000000e+02 8.470015671757549214e-01
5.350001209453084812e+02 8.458878422110089890e-01
5.400000000000000000e+02 8.447419248861306462e-01
5.450001209453084812e+02 8.435832725489842421e-01
5.500000000000000000e+02 8.424604074367418871e-01
5.550001209453084812e+02 8.413797330920684825e-01
5.600000000000000000e+02 8.402847496050322995e-01
5.650001209453084812e+02 8.391495728590526726e-01
5.700000000000000000e+02 8.380114273888774612e-01
5.750001209453085949e+02 8.369243574163793831e-01
5.800000000000000000e+02 8.358706261575341578e-01
5.850001209453085949e+02 8.347814404608668859e-01
5.900000000000000000e+02 8.336453820196103592e-01
5.950001209453085949e+02 8.325233632481795487e-01
6.000000000000000000e+02 8.314679053096805106e-01
6.050001209453085949e+02 8.304359854849456823e-01
6.100000000000000000e+02 8.293528285720980220e-01
6.150001209453085949e+02 8.282253251567784913e-01
6.199999999999998863e+02 8.271320184353804228e-01
6.249998790546914051e+02 8.261125327089549053e-01
6.300000000000000000e+02 8.250984783640595843e-01
6.349998790546914051e+02 8.240166958886241400e-01
6.400000000000000000e+02 8.228970050127313307e-01
6.449998790546914051e+02 8.218313695034723532e-01
6.500000000000000000e+02 8.208404688895855061e-01
6.549998790546914051e+02 8.198356677135567594e-01
6.600000000000000000e+02 8.187542409175737612e-01
6.649998790546914051e+02 8.176509189577242376e-01
6.700000000000000000e+02 8.166217917192435394e-01
6.749998790546914051e+02 8.156598966237597059e-01
6.800000000000000000e+02 8.146607307536052334e-01
6.849998790546915188e+02 8.135792835952919688e-01
6.900000000000000000e+02 8.124959515285458123e-01
6.949998790546915188e+02 8.115020242951769269e-01
7.000000000000000000e+02 8.105608015809534495e-01
7.050001209453084812e+02 8.095605265275335194e-01
7.100000000000000000e+02 8.084810198356972011e-01
7.150001209453084812e+02 8.074246369921331823e-01
7.200000000000000000e+02 8.064676014848168872e-01
7.250001209453084812e+02 8.055435265728227989e-01
7.300000000000000000e+02 8.045411423175812260e-01
7.350001209453084812e+02 8.034687619726512686e-01
7.400000000000000000e+02 8.024435519635085834e-01
7.450001209453084812e+02 8.015191917278923217e-01
7.500000000000000000e+02 8.006038577471970008e-01
7.550001209453084812e+02 7.995963426290660925e-01
7.600000000000000000e+02 7.985356740731814895e-01
7.650001209453084812e+02 7.975456102245002121e-01
7.700000000000000000e+02 7.966510971686652232e-01
7.750001209453084812e+02 7.957400872831201788e-01
7.800000000000000000e+02 7.947291158183492632e-01
7.850001209453084812e+02 7.936868465077884238e-01
7.900000000000000000e+02 7.927340356023174772e-01
7.950001209453084812e+02 7.918634621902415072e-01
8.000000000000000000e+02 7.909507313314678711e-01
8.049998790546914051e+02 7.899374666250178478e-01
8.100000000000000000e+02 7.889188034127773141e-01
8.150001209453084812e+02 7.880029777639303568e-01
8.200000000000000000e+02 7.871505838123350474e-01
8.250001209453085949e+02 7.862334121669908304e-01
8.300000000000000000e+02 7.852229122286270568e-01
8.350001209453084812e+02 7.842337396439513775e-01
8.400000000000000000e+02 7.833530859464175045e-01
8.450001209453085949e+02 7.825122825259382964e-01
8.499999999999998863e+02 7.815883969454939795e-01
8.550001209453084812e+02 7.805853067342476415e-01
8.600000000000000000e+02 7.796289111226643032e-01
8.650001209453084812e+02 7.787795293308319433e-01
8.699999999999998863e+02 7.779443764106424020e-01
8.750001209453084812e+02 7.770142315838114433e-01
8.800000000000000000e+02 7.760248187766175532e-01
8.850001209453084812e+02 7.751039649035766921e-01
8.899999999999998863e+02 7.742813050718003742e-01
8.949998790546915188e+02 7.734467009543775085e-01
9.000000000000000000e+02 7.725119499858701388e-01
9.050001209453084812e+02 7.715416438297381108e-01
9.099999999999998863e+02 7.706564749620407051e-01
9.149998790546915188e+02 7.698545467303467005e-01
9.200000000000000000e+02 7.690165466506523329e-01
9.250001209453084812e+02 7.680808153570247709e-01
9.299999999999998863e+02 7.671351239124923893e-01
9.349998790546915188e+02 7.662846220573233946e-01
9.400000000000000000e+02 7.654976063251044405e-01
9.450001209453084812e+02 7.646540551763071347e-01
9.499999999999998863e+02 7.637220007672251842e-01
9.549998790546915188e+02 7.628048174430983597e-01
9.600000000000000000e+02 7.619858625019299003e-01
9.650001209453084812e+02 7.612077782830063422e-01
9.699999999999998863e+02 7.603581017917176998e-01
9.749998790546915188e+02 7.594350139099279584e-01
9.800000000000000000e+02 7.585490276364236228e-01
9.850001209453084812e+02 7.577576854918072202e-01
9.899999999999998863e+02 7.569836500426202486e-01
9.949998790546915188e+02 7.561291712080253635e-01
1.000000000000000000e+03 7.552203652906613884e-01
1.005000120945308481e+03 7.543665129606941244e-01
1.010000000000000114e+03 7.535977213428246557e-01
1.014999879054691405e+03 7.528236695776253651e-01
1.020000000000000000e+03 7.519669765521008742e-01
1.025000120945308481e+03 7.510772872856856797e-01
1.030000000000000000e+03 7.502550160462427842e-01
1.034999879054691519e+03 7.495035279342640022e-01
1.040000000000000000e+03 7.487270296821170179e-01
1.045000120945308481e+03 7.478720071024763660e-01
1.050000000000000000e+03 7.470054118035984736e-01
1.055000120945308481e+03 7.462126420980501607e-01
1.060000000000000000e+03 7.454731971293001580e-01
1.065000120945308481e+03 7.446932294340846692e-01
1.070000000000000000e+03 7.438442447971329585e-01
1.075000120945308481e+03 7.430033632839716518e-01
1.080000000000000000e+03 7.422368649077254465e-01
1.085000120945308481e+03 7.415048918898292651e-01
1.090000000000000000e+03 7.407221043893971180e-01
1.095000120945308481e+03 7.398837390677338588e-01
1.100000000000000000e+03 7.390698625367130292e-01
1.105000120945308481e+03 7.383256227401050475e-01
1.110000000000000000e+03 7.375974454523848145e-01
1.115000120945308481e+03 7.368137062988930897e-01
1.120000000000000000e+03 7.359900846129198149e-01
1.124999879054691519e+03 7.352030539583881419e-01
1.130000000000000000e+03 7.344766538313011184e-01
1.135000120945308481e+03 7.337498348358469924e-01
1.140000000000000000e+03 7.329680709179315912e-01
1.144999879054691519e+03 7.321626558070910562e-01
1.150000000000000000e+03 7.314010910129998821e-01
1.155000120945308481e+03 7.306881819021396884e-01
1.160000000000000000e+03 7.299616170447401631e-01
1.164999879054691519e+03 7.291852987254494600e-01
1.170000000000000000e+03 7.284004495807737678e-01
1.175000120945308481e+03 7.276618674850513502e-01
1.180000000000000000e+03 7.269585437482876111e-01
1.184999879054691519e+03 7.262324632939123337e-01
1.190000000000000000e+03 7.254652220370402249e-01
1.195000120945308481e+03 7.247021430569436928e-01
1.200000000000000000e+03 7.239833878362312847e-01
1.204999879054691519e+03 7.232865803616551625e-01
1.210000000000000000e+03 7.225623595144633482e-01
1.215000120945308481e+03 7.218075163311706843e-01
1.220000000000000000e+03 7.210661885192711784e-01
1.224999879054691519e+03 7.203637320023488222e-01
1.230000000000000000e+03 7.196713812252393261e-01
1.235000120945308481e+03 7.189512296093443222e-01
1.239999999999999773e+03 7.182114912106783988e-01
1.244999879054691519e+03 7.174908363271348399e-01
1.250000000000000000e+03 7.168012137263608530e-01
1.255000120945308481e+03 7.161124187000821317e-01
1.260000000000000000e+03 7.153990429676455598e-01
1.264999879054691519e+03 7.146762437497847786e-01
1.270000000000000000e+03 7.139742829903110710e-01
1.275000120945308481e+03 7.132944087981849535e-01
1.280000000000000000e+03 7.126093667854209723e-01
1.285000120945308481e+03 7.119055682427590792e-01
1.290000000000000000e+03 7.112005360259744391e-01
1.295000120945308481e+03 7.105146997773983397e-01
1.300000000000000000e+03 7.098422052451817121e-01
1.305000120945308481e+03 7.091620834378000726e-01
1.310000000000000000e+03 7.084704080500534573e-01
1.315000120945308481e+03 7.077829564634225967e-01
1.320000000000000000e+03 7.071104074071770107e-01
1.325000120945308481e+03 7.064438132384723845e-01
1.330000000000000000e+03 7.057704558868510558e-01
1.335000120945308481e+03 7.050928799422089277e-01
1.340000000000000000e+03 7.044219094671211323e-01
1.345000120945308481e+03 7.037598913589552252e-01
1.350000000000000000e+03 7.030987016667590295e-01
1.355000120945308481e+03 7.024343306450819835e-01
1.360000000000000000e+03 7.017720729408398750e-01
1.365000120945308481e+03 7.011157644469380168e-01
1.370000000000000000e+03 7.004619083170979810e-01
1.375000120945308481e+03 6.998065601087184451e-01
1.380000000000000000e+03 6.991534275237010210e-01
1.385000120945308481e+03 6.985068277835557726e-01
1.390000000000000000e+03 6.978628890886467984e-01
1.394999879054691519e+03 6.972154697911582266e-01
1.400000000000000000e+03 6.965671940270339313e-01
1.405000120945308481e+03 6.959272781117099571e-01
1.410000000000000000e+03 6.952958026324179697e-01
1.414999879054691519e+03 6.946617746178901376e-01
1.420000000000000000e+03 6.940198792731215871e-01
1.425000120945308481e+03 6.933804576537464515e-01
1.430000000000000000e+03 6.927551940942594522e-01
1.434999879054691519e+03 6.921375253501569347e-01
1.440000000000000000e+03 6.915110829681740956e-01
1.445000120945308481e+03 6.908746656749772397e-01
1.450000000000000000e+03 6.902461437510367670e-01
1.454999879054691519e+03 6.896362553390387173e-01
1.460000000000000000e+03 6.890304797666180203e-01
1.465000120945308481e+03 6.884097123891682601e-01
1.469999999999999773e+03 6.877795444812422332e-01
1.474999879054691519e+03 6.871639328383370993e-01
1.480000000000000000e+03 6.865693408070557835e-01
1.485000120945308481e+03 6.859731818130641035e-01
1.489999999999999773e+03 6.853568049581535426e-01
1.494999879054691519e+03 6.847343280936977195e-01
1.500000000000000000e+03 6.841333263798138331e-01
1.505000120945308481e+03 6.835531595940514960e-01
1.510000000000000000e+03 6.829642538047140388e-01
1.515000120945308481e+03 6.823517495174374892e-01
1.520000000000000000e+03 6.817388597525636529e-01
1.525000120945308481e+03 6.811536286234246562e-01
1.530000000000000000e+03 6.805863183635220137e-01
1.535000120945308481e+03 6.800024907707135080e-01
1.540000000000000000e+03 6.793941449152616219e-01
1.545000120945308481e+03 6.787929268015382434e-01
1.550000000000000000e+03 6.782239312715915291e-01
1.555000120945308481e+03 6.776673858239576909e-01
1.560000000000000000e+03 6.770869004762222199e-01
1.565000120945308481e+03 6.764837460899342236e-01
1.570000000000000000e+03 6.758962017283197676e-01
1.575000120945308481e+03 6.753431414604800231e-01
1.580000000000000000e+03 6.747949736602832926e-01
1.585000120945308481e+03 6.742167226571016414e-01
1.590000000000000000e+03 6.736203952573841525e-01
1.595000120945308254e+03 6.730481925737649140e-01
1.600000000000000000e+03 6.725100160525709914e-01
1.605000120945308481e+03 6.719677988376832056e-01
1.609999999999999773e+03 6.713914170844661466e-01
1.614999879054691519e+03 6.708039507470954232e-01
1.620000000000000000e+03 6.702482195050989411e-01
1.624999879054691291e+03 6.697232207595473774e-01
1.630000000000000000e+03 6.691847435449556070e-01
1.635000120945308254e+03 6.686106357997591010e-01
1.640000000000000000e+03 6.680342192436495852e-01
1.645000120945308481e+03 6.674954089605252827e-01
1.649999999999999773e+03 6.669813928741875619e-01
1.654999879054691519e+03 6.664448895503941594e-01
1.660000000000000000e+03 6.658741703152628588e-01
1.664999879054691291e+03 6.653108953773997358e-01
1.670000000000000000e+03 6.647887124973457240e-01
1.675000120945308254e+03 6.642832121269098833e-01
1.680000000000000000e+03 6.637475349605274078e-01
1.685000120945308481e+03 6.631818912996084725e-01
1.689999999999999773e+03 6.626335203011817221e-01
1.694999879054691519e+03 6.621269446047177709e-01
1.699999999999999773e+03 6.616274622058413435e-01
1.704999879054691291e+03 6.610921826749601715e-01
1.710000000000000000e+03 6.605336811576778544e-01
1.715000120945308709e+03 6.600014573871003654e-01
1.720000000000000000e+03 6.595088346607880236e-01
1.725000120945308481e+03 6.590130816476987841e-01
1.729999999999999773e+03 6.584785120942572290e-01
1.734999879054691519e+03 6.579293734186463238e-01
1.739999999999999773e+03 6.574138900210894088e-01
1.744999879054691291e+03 6.569330878223751391e-01
1.750000000000000000e+03 6.564391964053091222e-01
1.755000120945308709e+03 6.559063324757423707e-01
1.760000000000000000e+03 6.553686980224409098e-01
1.765000120945308481e+03 6.548698372200173479e-01
1.770000000000000227e+03 6.543984478112085945e-01
1.775000120945308481e+03 6.539051326631029060e-01
1.779999999999999773e+03 6.533755271146948207e-01
1.784999879054691291e+03 6.528512425199105573e-01
1.790000000000000000e+03 6.523681892951488370e-01
1.795000120945308709e+03 6.519037552522398693e-01
1.800000000000000000e+03 6.514104080342828507e-01
1.805000120945308254e+03 6.508859925646568456e-01
1.810000000000000000e+03 6.503764295969052256e-01
1.815000120945308481e+03 6.499077557280289463e-01
1.819999999999999773e+03 6.494479932467676075e-01
1.824999879054691519e+03 6.489547039077473434e-01
1.830000000000000000e+03 6.484375819479288872e-01
1.835000120945308709e+03 6.479435146921057598e-01
1.840000000000000000e+03 6.474873217402369319e-01
1.845000120945308254e+03 6.470303174637924704e-01
1.850000000000000000e+03 6.465378238731227523e-01
1.855000120945308481e+03 6.460300559114625640e-01
1.859999999999999773e+03 6.455516008440209674e-01
1.864999879054691519e+03 6.451057055467052104e-01
1.870000000000000000e+03 6.446500671478114786e-01
1.875000120945308709e+03 6.441596426231358530e-01
1.880000000000000000e+03 6.436630463093385712e-01
1.885000120945308254e+03 6.431996704953918398e-01
1.890000000000000000e+03 6.427618114060020815e-01
1.895000120945308481e+03 6.423067577792603844e-01
1.899999999999999773e+03 6.418200515047459698e-01
1.904999879054691519e+03 6.413360355477152330e-01
1.910000000000000000e+03 6.408866295213605513e-01
1.914999879054691291e+03 6.404546716127235140e-01
1.920000000000000000e+03 6.400000562586841690e-01
1.925000120945308254e+03 6.395189061802110109e-01
1.930000000000000000e+03 6.390483535034713336e-01
1.935000120945308481e+03 6.386113585449635366e-01
1.939999999999999773e+03 6.381834736782214801e-01
1.944999879054691519e+03 6.377297435093438605e-01
1.949999999999999773e+03 6.372559821250622925e-01
1.954999879054691291e+03 6.367991912342116922e-01
1.960000000000000000e+03 6.363727651332762303e-01
1.965000120945308709e+03 6.359475706281084717e-01
1.970000000000000000e+03 6.354956685036535768e-01
1.975000120945308481e+03 6.350309413126674629e-01
1.979999999999999773e+03 6.345876293145579217e-01
1.985000120945308481e+03 6.341698314525512359e-01
1.989999999999999773e+03 6.337464745983456549e-01
1.994999879054691291e+03 6.332976994332931708e-01
2.000000000000000000e+03 6.328433132880689760e-01
2.005000120945308709e+03 6.324126775073100060e-01
2.010000000000000000e+03 6.320016522803075798e-01
2.015000120945308254e+03 6.315798351808120659e-01
2.020000000000000227e+03 6.311356765008597769e-01
2.025000120945308481e+03 6.306924917592670043e-01
2.029999999999999773e+03 6.302733208243406215e-01
2.034999879054691291e+03 6.298674596243577506e-01
2.040000000000000000e+03 6.294474060770320900e-01
2.045000120945308709e+03 6.290093715091847892e-01
2.050000000000000000e+03 6.285777468336486429e-01
2.055000120945308481e+03 6.281685663836271694e-01
2.060000000000000000e+03 6.277666321751729228e-01
2.065000120945308481e+03 6.273490041698215336e-01
2.070000000000000000e+03 6.269184578669124708e-01
2.074999879054691519e+03 6.264982503415948978e-01
2.080000000000000000e+03 6.260974860034720368e-01
2.085000120945308481e+03 6.256986897309255724e-01
2.090000000000000000e+03 6.252844658128990929e-01
2.095000120945308481e+03 6.248624933903164091e-01
2.100000000000000000e+03 6.244531111905479159e-01
2.105000120945308481e+03 6.240592500065187398e-01
2.110000000000000000e+03 6.236632741121578283e-01
2.114999879054691519e+03 6.232536048395792561e-01
2.120000000000000000e+03 6.228409172813657024e-01
2.124999879054691519e+03 6.224414163908840170e-01
2.130000000000000000e+03 6.220531491061185303e-01
2.135000120945308481e+03 6.216601196871072155e-01
2.140000000000000000e+03 6.212561763042774299e-01
2.145000120945308481e+03 6.208530609727157534e-01
2.150000000000000000e+03 6.204622727319210052e-01
2.154999879054691519e+03 6.200786029069248473e-01
2.160000000000000000e+03 6.196890169001297854e-01
2.164999879054691064e+03 6.192918498317314668e-01
2.170000000000000000e+03 6.188981708588416897e-01
2.175000120945308481e+03 6.185148444759779318e-01
2.180000000000000000e+03 6.181351547102024169e-01
2.185000120945308481e+03 6.177497733882744146e-01
2.190000000000000000e+03 6.173601944326425617e-01
2.194999879054691519e+03 6.169754398756343017e-01
2.200000000000000000e+03 6.165983831422520156e-01
2.204999879054691064e+03 6.162224545322146918e-01
2.210000000000000000e+03 6.158421765841461948e-01
2.215000120945308481e+03 6.154606762326944036e-01
2.220000000000000000e+03 6.150840439554452477e-01
2.225000120945308481e+03 6.147122466457426437e-01
2.230000000000000000e+03 6.143402326860037954e-01
2.235000120945308481e+03 6.139659617158320648e-01
2.240000000000000000e+03 6.135926683944307181e-01
2.244999879054691064e+03 6.132231789546304102e-01
2.250000000000000000e+03 6.128559064355016961e-01
2.255000120945308481e+03 6.124882671837850179e-01
2.260000000000000000e+03 6.121207882689095880e-01
2.265000120945308481e+03 6.117554718409636827e-01
2.270000000000000000e+03 6.113920938954718887e-01
2.275000120945308481e+03 6.110289425571946431e-01
2.280000000000000000e+03 6.106663490454560250e-01
2.284999879054691064e+03 6.103062270555124069e-01
2.290000000000000000e+03 6.099483436156944993e-01
2.295000120945308481e+03 6.095901170868528451e-01
2.300000000000000000e+03 6.092310280154337176e-01
2.305000120945308481e+03 6.088742489640965871e-01
2.310000000000000000e+03 6.085217587346600787e-01
2.315000120945308481e+03 6.081705295465651417e-01
2.320000000000000000e+03 6.078166726544387277e-01
2.324999879054691519e+03 6.074619047800341454e-01
2.330000000000000000e+03 6.071116890278165368e-01
2.335000120945308481e+03 6.067667835084776806e-01
2.340000000000000000e+03 6.064212970615379117e-01
2.345000120945308481e+03 6.060712862674776380e-01
2.350000000000000000e+03 6.057213544227250113e-01
2.355000120945308481e+03 6.053783221067826625e-01
2.360000000000000000e+03 6.050406400456864731e-01
2.364999879054691519e+03 6.046999646163792042e-01
2.370000000000000000e+03 6.043535801748524117e-01
2.375000120945308481e+03 6.040091667715811186e-01
2.380000000000000000e+03 6.036737210271206910e-01
2.385000120945308481e+03 6.033426315793470884e-01
2.390000000000000000e+03 6.030059246470764744e-01
2.395000120945308481e+03 6.026632585273327125e-01
2.400000000000000000e+03 6.023251100765895094e-01
2.404999879054691519e+03 6.019973779396941005e-01
2.410000000000000000e+03 6.016720551495821079e-01
2.414999879054691064e+03 6.013386577849098025e-01
2.419999516218765621e+03 6.010000852968676588e-01
2.424999395273457139e+03 6.006689057779701635e-01
2.429999274328149113e+03 6.003487137894876202e-01
2.434999153382840177e+03 6.000282313127947020e-01
2.439999032437531696e+03 5.996977374423849705e-01
2.444998911492223215e+03 5.993638574749110548e-01
2.449998790546914279e+03 5.990402104756440416e-01
2.455001088507776785e+03 5.987270961371048417e-01
2.460000967562467849e+03 5.984105303099970241e-01
2.465000846617159823e+03 5.980828246429423789e-01
2.470000725671851342e+03 5.977543764445368835e-01
2.475000604726542406e+03 5.974386066843899723e-01
2.480000483781233925e+03 5.971318630320142651e-01
2.485000362835925444e+03 5.968183924598079448e-01
2.490000241890616962e+03 5.964936542481502624e-01
2.495000120945308481e+03 5.961714210270040448e-01
2.500000000000000000e+03 5.958636030197363986e-01
2.504999879054691519e+03 5.955623498788407133e-01
2.509999758109382583e+03 5.952513405804560342e-01
2.514999637164074556e+03 5.949300144061864248e-01
2.519999516218766075e+03 5.946147247418182014e-01
2.524999395273457139e+03 5.943146433777598547e-01
2.529999274328148658e+03 5.940179162792157408e-01
2.534999153382840177e+03 5.937089836561165734e-01
2.539999032437531696e+03 5.933917218551746364e-01
2.544998911492223215e+03 5.930839597809587360e-01
2.550001209453085266e+03 5.927911236559632036e-01
2.555001088507776785e+03 5.924979697754443331e-01
2.560000967562468304e+03 5.921910117141143681e-01
2.565000846617159368e+03 5.918785957120532570e-01
2.570000725671850887e+03 5.915787289442039354e-01
2.575000604726542861e+03 5.912924138128442531e-01
2.580000483781233925e+03 5.910019841749450942e-01
2.585000362835925444e+03 5.906971828670671831e-01
2.590000241890616962e+03 5.903904327751106074e-01
2.595000120945308481e+03 5.900985663025917205e-01
2.600000000000000000e+03 5.898178825635037592e-01
2.604999879054691519e+03 5.895295106653414274e-01
2.609999758109383038e+03 5.892273042835003416e-01
2.614999637164074102e+03 5.889269869034383653e-01
2.619999516218765621e+03 5.886429458918138735e-01
2.624999395273457594e+03 5.883669218818461388e-01
2.629999274328148658e+03 5.880801808968768585e-01
2.634999153382840177e+03 5.877812093836762841e-01
2.639999032437531696e+03 5.874879544161993872e-01
2.644998911492223215e+03 5.872112972571714717e-01
2.650001209453085266e+03 5.869389687054861193e-01
2.655001088507776785e+03 5.866537021585055411e-01
2.660000967562468304e+03 5.863587337515218101e-01
2.665000846617159823e+03 5.860729669795943231e-01
2.670000725671851342e+03 5.858030257544398767e-01
2.675000604726542406e+03 5.855335216326222891e-01
2.680000483781233925e+03 5.852498453759228392e-01
2.685000362835925444e+03 5.849596925365708744e-01
2.690000241890616962e+03 5.846815922665977716e-01
2.695000120945308481e+03 5.844175351990172906e-01
2.700000000000000000e+03 5.841501510491136084e-01
2.704999879054691064e+03 5.838684276696757269e-01
2.709999758109383038e+03 5.835838614886775799e-01
2.714999637164074556e+03 5.833133420091253241e-01
2.719999516218765621e+03 5.830542502827487095e-01
2.724999395273457139e+03 5.827885020021770224e-01
2.729999274328148658e+03 5.825092913857540244e-01
2.734999153382840177e+03 5.822309636555709211e-01
2.739999032437531696e+03 5.819676862103038140e-01
2.744998911492223215e+03 5.817126364284254114e-01
2.750001209453085266e+03 5.814482897901400715e-01
2.755001088507776785e+03 5.811722821031203301e-01
2.760000967562468304e+03 5.809006628198384314e-01
2.765000846617159368e+03 5.806440716324562379e-01
2.770000725671851342e+03 5.803922150841542837e-01
2.775000604726542861e+03 5.801292891426031995e-01
2.780000483781233925e+03 5.798572279461348122e-01
2.785000362835925444e+03 5.795925639940182617e-01
2.790000241890616962e+03 5.793419423968579896e-01
2.795000120945308481e+03 5.790925730884715072e-01
2.800000000000000000e+03 5.788313183485020996e-01
2.804999879054691519e+03 5.785639222777688717e-01
2.809999758109382583e+03 5.783062206979662223e-01
2.814999637164074102e+03 5.780607604085398199e-01
2.819999516218766075e+03 5.778133654392558771e-01
2.824999395273457139e+03 5.775542203087199455e-01
2.829999274328148658e+03 5.772921114457080227e-01
2.834999153382840177e+03 5.770411476744977675e-01
2.839999032437531696e+03 5.768000234032691909e-01
2.844998911492223215e+03 5.765543114468747454e-01
2.850001209453085266e+03 5.762978425325213649e-01
2.855001088507776785e+03 5.760414887466411837e-01
2.860000967562468304e+03 5.757968375753925727e-01
2.865000846617159823e+03 5.755592789319029512e-01
2.870000725671850887e+03 5.753151851045873455e-01
2.875000604726542406e+03 5.750620184003769619e-01
2.880000483781234379e+03 5.748116947045601721e-01
2.885000362835925444e+03 5.745727795043571451e-01
2.890000241890616962e+03 5.743381329378824951e-01
2.895000120945308481e+03 5.740958008422246683e-01
2.900000000000000000e+03 5.738465514539434764e-01
2.904999879054691519e+03 5.736023234408239579e-01
2.909999758109383038e+03 5.733684773952706371e-01
2.914999637164074556e+03 5.731362524286830462e-01
2.919999516218765621e+03 5.728959965263017429e-01
2.924999395273457139e+03 5.726512042843669992e-01
2.929999274328148658e+03 5.724129340300990743e-01
2.934999153382840177e+03 5.721834662986992059e-01
2.939999032437531696e+03 5.719533621644556920e-01
2.944998911492223215e+03 5.717156155570619624e-01
2.949998790546914279e+03 5.714756929720716805e-01
2.955001088507776785e+03 5.712430653501220368e-01
2.960000967562467849e+03 5.710173250096746145e-01
2.965000846617159823e+03 5.707892361192773434e-01
2.970000725671851342e+03 5.705544899729525499e-01
2.975000604726542406e+03 5.703196872335949408e-01
2.980000483781233925e+03 5.700922526337405261e-01
2.985000362835925444e+03 5.698696837841580320e-01
2.990000241890616962e+03 5.696436848181358759e-01
2.995000120945308481e+03 5.694124264569065952e-01
3.000000000000000000e+03 5.691828160812633097e-01
3.004999879054691519e+03 5.689600438921849079e-01
3.009999758109382583e+03 5.687402268536364547e-01
3.014999637164074556e+03 5.685165401747089842e-01
3.019999516218766075e+03 5.682891963493839071e-01
3.024999395273457139e+03 5.680646778433361410e-01
3.029999274328148658e+03 5.678460144177062130e-01
3.034999153382840177e+03 5.676286894047462006e-01
3.039999032437531696e+03 5.674076395160393416e-01
3.044998911492223215e+03 5.671845307017232551e-01
3.050001209453085266e+03 5.669648533834463766e-01
3.055001088507776785e+03 5.667497780116060868e-01
3.060000967562468304e+03 5.665348500543292420e-01
3.065000846617159368e+03 5.663168106369199650e-01
3.070000725671850887e+03 5.660981204318024096e-01
3.075000604726542861e+03 5.658829208287308177e-01
3.080000483781233925e+03 5.656709938393644777e-01
3.085000362835925444e+03 5.654585194717891561e-01
3.090000241890616962e+03 5.652438593139513801e-01
3.095000120945308481e+03 5.650296214099698178e-01
3.100000000000000000e+03 5.648184701350137393e-01
3.104999879054691519e+03 5.646093684981582372e-01
3.109999758109383038e+03 5.643995269177123353e-01
3.114999637164074102e+03 5.641885605828473871e-01
3.119999516218765621e+03 5.639786634189838388e-01
3.124999395273457594e+03 5.637711159190461618e-01
3.129999274328148658e+03 5.635646533010230108e-01
3.134999153382840177e+03 5.633577060338766929e-01
3.139999032437531696e+03 5.631506544524073066e-01
3.144998911492223215e+03 5.629448619867023496e-01
3.150001209453085266e+03 5.627405073232620847e-01
3.155001088507776785e+03 5.625366373551443644e-01
3.160000967562468304e+03 5.623328815916892598e-01
3.165000846617159823e+03 5.621298462122324979e-01
3.170000725671850887e+03 5.619278314924051054e-01
3.175000604726542861e+03 5.617263339542620804e-01
3.180000483781233925e+03 5.615251373795668854e-01
3.185000362835925444e+03 5.613248585044819938e-01
3.190000241890616508e+03 5.611258111157130246e-01
3.195000120945308481e+03 5.609271980990806483e-01
3.200000000000000000e+03 5.607283275190402261e-01
3.204999879054691064e+03 5.605299855669385600e-01
3.209999758109383038e+03 5.603334142736279277e-01
3.214999637164074102e+03 5.601382025711966195e-01
3.219999516218765621e+03 5.599426111148734231e-01
3.224999395273457594e+03 5.597462591291511025e-01
3.229999274328148658e+03 5.595510169463819850e-01
3.234999153382840177e+03 5.593582953334019781e-01
3.239999032437531241e+03 5.591666627771408882e-01
3.244998911492223215e+03 5.589737516053894240e-01
3.249998790546914734e+03 5.587799329016339689e-01
3.255001088507776785e+03 5.585880575423829431e-01
3.260000967562468304e+03 5.583992176241637795e-01
3.265000846617159368e+03 5.582108345577420083e-01
3.270000725671851342e+03 5.580203375154417778e-01
3.275000604726542406e+03 5.578291766800794749e-01
3.280000483781233925e+03 5.576409147790405418e-01
3.285000362835925898e+03 5.574558710437252929e-01
3.290000241890616962e+03 5.572703728856788219e-01
3.295000120945308481e+03 5.570821248061621489e-01
3.299999999999999545e+03 5.568938310051728680e-01
3.304999879054691519e+03 5.567093708254715612e-01
3.309999758109383038e+03 5.565279269885065050e-01
3.314999637164074102e+03 5.563449550178116709e-01
3.319999516218766075e+03 5.561589048164549132e-01
3.324999395273457139e+03 5.559737376785390817e-01
3.329999274328148658e+03 5.557931795815066467e-01
3.334999153382840632e+03 5.556150480824327831e-01
3.339999032437531696e+03 5.554342880620213307e-01
3.344998911492223215e+03 5.552504981948672702e-01
3.350001209453085266e+03 5.550687292071927459e-01
3.355001088507776785e+03 5.548920675053697904e-01
3.360000967562467849e+03 5.547168989039276132e-01
3.365000846617159823e+03 5.545381133628188852e-01
3.370000725671851342e+03 5.543567463339893475e-01
3.375000604726542406e+03 5.541786202095346781e-01
3.380000483781234379e+03 5.540057378009933808e-01
3.385000362835925444e+03 5.538331564678775631e-01
3.390000241890616962e+03 5.536562073221104052e-01
3.395000120945308936e+03 5.534775012794822535e-01
3.399999999999999545e+03 5.533032015848747820e-01
3.404999879054691519e+03 5.531338774815974801e-01
3.409999758109382583e+03 5.529635192964684753e-01
3.414999637164074102e+03 5.527883787576990393e-01
3.419999516218766075e+03 5.526126153159687249e-01
3.424999395273457139e+03 5.524422380066963401e-01
3.429999274328148658e+03 5.522761663698243506e-01
3.434999153382839722e+03 5.521077141984873649e-01
3.439999032437531696e+03 5.519344632149953966e-01
3.444998911492223215e+03 5.517619313792133662e-01
3.450001209453085266e+03 5.515954688173742015e-01
3.455001088507776785e+03 5.514322868847355563e-01
3.460000967562467849e+03 5.512655000843887931e-01
3.465000846617159823e+03 5.510943149507889771e-01
3.470000725671850887e+03 5.509252753205989839e-01
3.475000604726542406e+03 5.507626120226359889e-01
3.480000483781234379e+03 5.506019336160189459e-01
3.485000362835925444e+03 5.504366686097551531e-01
3.490000241890616962e+03 5.502677977160294054e-01
3.495000120945308026e+03 5.501024506447136364e-01
3.500000000000000000e+03 5.499433708669255738e-01
3.504999879054691519e+03 5.497848216018768053e-01
3.509999758109382583e+03 5.496210415692120987e-01
3.514999637164074556e+03 5.494547751763128041e-01
3.519999516218765621e+03 5.492932363605442792e-01
3.524999395273457139e+03 5.491374421293275798e-01
3.529999274328149113e+03 5.489806924372473418e-01
3.534999153382840177e+03 5.488184656152101937e-01
3.539999032437531696e+03 5.486551021503178749e-01
3.544998911492222760e+03 5.484973878530154945e-01
3.550001209453085266e+03 5.483445251241333418e-01
3.555001088507776331e+03 5.481893177514245430e-01
3.560000967562468304e+03 5.480288049006522000e-01
3.565000846617159823e+03 5.478686175335699682e-01
3.570000725671850887e+03 5.477146406268738055e-01
3.575000604726542861e+03 5.475643304564710157e-01
3.580000483781233925e+03 5.474104997066052691e-01
3.585000362835925444e+03 5.472519325565788906e-01
3.590000241890617417e+03 5.470951395255095884e-01
3.595000120945308481e+03 5.469447163309913984e-01
3.600000000000000000e+03 5.467965876306314366e-01
3.604999879054691064e+03 5.466440686210263245e-01
3.609999758109383038e+03 5.464877219097777905e-01
3.614999637164074556e+03 5.463344636525676590e-01
3.619999516218765621e+03 5.461873303411727276e-01
3.624999395273457594e+03 5.460410506323233326e-01
3.629999274328148658e+03 5.458898781081484852e-01
3.634999153382840177e+03 5.457360384968964473e-01
3.639999032437532151e+03 5.455863635594477845e-01
3.644998911492222760e+03 5.454422000658876168e-01
3.649998790546914734e+03 5.452975011268077488e-01
3.655001088507776331e+03 5.451477983802692773e-01
3.660000967562468304e+03 5.449967335572505345e-01
3.665000846617159368e+03 5.448505943968490195e-01
3.670000725671850887e+03 5.447090528930609299e-01
3.675000604726542861e+03 5.445657489548472174e-01
3.680000483781233925e+03 5.444177084569944425e-01
3.685000362835925444e+03 5.442696396532713532e-01
3.690000241890616508e+03 5.441268982844107427e-01
3.695000120945308481e+03 5.439876331399147169e-01
3.700000000000000000e+03 5.438456299945830796e-01
3.704999879054691064e+03 5.436994882065749879e-01
3.709999758109383038e+03 5.435545687997174191e-01
3.714999637164074102e+03 5.434150112010404099e-01
3.719999516218765621e+03 5.432777072245239536e-01
3.724999395273457594e+03 5.431370018089999308e-01
3.729999274328148658e+03 5.429930110185279268e-01
3.734999153382840177e+03 5.428513131290702010e-01
3.739999032437531241e+03 5.427146704520352527e-01
3.744998911492223215e+03 5.425790665645704447e-01
3.750001209453084812e+03 5.424397375825528167e-01
3.755001088507776785e+03 5.422981378676811071e-01
3.760000967562468304e+03 5.421596478924670670e-01
3.765000846617159368e+03 5.420256219353800642e-01
3.770000725671851342e+03 5.418915281261158512e-01
3.775000604726542406e+03 5.417537191253503082e-01
3.780000483781233925e+03 5.416147133589467311e-01
3.785000362835925898e+03 5.414793363478778154e-01
3.790000241890616962e+03 5.413476264451436704e-01
3.795000120945308481e+03 5.412149325400078537e-01
3.799999999999999545e+03 5.410788296728440416e-01
3.804999879054691519e+03 5.409425639217718684e-01
3.809999758109383038e+03 5.408101359389576590e-01
3.814999637164074102e+03 5.406804642966176466e-01
3.819999516218766075e+03 5.405491402332555095e-01
3.824999395273457139e+03 5.404149472872745719e-01
3.829999274328148658e+03 5.402814983591013309e-01
3.834999153382840632e+03 5.401518049926348208e-01
3.839999032437531696e+03 5.400239380923073096e-01
3.844998911492223215e+03 5.398940260387882217e-01
3.850001209453085266e+03 5.397619395245876195e-01
3.855001088507776785e+03 5.396313105043814007e-01
3.860000967562467849e+03 5.395041092246374292e-01
3.865000846617159823e+03 5.393778731407168348e-01
3.870000725671851342e+03 5.392494729150442145e-01
3.875000604726542406e+03 5.391196598013124897e-01
3.880000483781234379e+03 5.389917835553555969e-01
3.885000362835924989e+03 5.388668273911199069e-01
3.890000241890616962e+03 5.387421158858446413e-01
3.895000120945308936e+03 5.386153655359873227e-01
3.899999999999999545e+03 5.384879457908126055e-01
3.904999879054691519e+03 5.383626955608336040e-01
3.909999758109382583e+03 5.382397554440876419e-01
3.914999637164074102e+03 5.381165304463916277e-01
3.919999516218766075e+03 5.379915844041543993e-01
3.924999395273457139e+03 5.378666198854542557e-01
3.929999274328148658e+03 5.377438253861208661e-01
3.934999153382839722e+03 5.376227089828429229e-01
3.939999032437531696e+03 5.375009938140472565e-01
3.944998911492223215e+03 5.373780010748763214e-01
3.950001209453085266e+03 5.372554915726657221e-01
3.955001088507776785e+03 5.371349585140331451e-01
3.960000967562467849e+03 5.370155236238435270e-01
3.965000846617159823e+03 5.368953902745656759e-01
3.970000725671850887e+03 5.367744749590627196e-01
3.975000604726542406e+03 5.366543612375014316e-01
3.980000483781234379e+03 5.365358920197965675e-01
3.985000362835925444e+03 5.364180536085547679e-01
3.990000241890616962e+03 5.362996057119331361e-01
3.995000120945308026e+03 5.361808519057876810e-01
4.000000000000000000e+03 5.360630251227025411e-01
4.004999879054691519e+03 5.359464382743527322e-01
4.009999758109382583e+03 5.358301686496891314e-01
4.014999637164074556e+03 5.357135223988045425e-01
4.019999516218765621e+03 5.355969646834503051e-01
4.024999395273457139e+03 5.354812805648312413e-01
4.029999274328149113e+03 5.353664270354211441e-01
4.034999153382840177e+03 5.352517496817976728e-01
4.039999032437531696e+03 5.351370147773812924e-01
4.044998911492222760e+03 5.350226350462283786e-01
4.050001209453085266e+03 5.349089311597693408e-01
4.055001088507776331e+03 5.347957057627951150e-01
4.060000967562468304e+03 5.346826838695331041e-01
4.065000846617159823e+03 5.345699466633486718e-01
4.070000725671850887e+03 5.344576773005014214e-01
4.075000604726542861e+03 5.343457911571913854e-01
4.080000483781233925e+03 5.342341382436500696e-01
4.085000362835925444e+03 5.341228595460496553e-01
4.090000241890617417e+03 5.340121700915129166e-01
4.095000120945308481e+03 5.339019026041598170e-01
4.100000000000000000e+03 5.337916886942131178e-01
4.104999879054691519e+03 5.336816017767005427e-01
4.109999758109383038e+03 5.335721615781250371e-01
4.114999637164074556e+03 5.334635257722800672e-01
4.119999516218766075e+03 5.333551237603431083e-01
4.124999395273457594e+03 5.332464675296768597e-01
4.129999274328148203e+03 5.331379832849396649e-01
4.134999153382839722e+03 5.330304676872060776e-01
4.139999032437532151e+03 5.329238450787406878e-01
4.144998911492222760e+03 5.328171597550617200e-01
4.149998790546914279e+03 5.327099872864992092e-01
4.155001088507776331e+03 5.326031748553655687e-01
4.160000967562467849e+03 5.324976460281073409e-01
4.165000846617159368e+03 5.323929532615544469e-01
4.170000725671850887e+03 5.322878396384191912e-01
4.175000604726542406e+03 5.321821220712574796e-01
4.180000483781233925e+03 5.320770691715366318e-01
4.185000362835925444e+03 5.319735542246629700e-01
4.190000241890616962e+03 5.318706733828929556e-01
4.195000120945308481e+03 5.317670053589981238e-01
4.200000000000000000e+03 5.316627579138638593e-01
4.204999879054691519e+03 5.315595553917381588e-01
4.209999758109383038e+03 5.314580398969678265e-01
4.214999637164073647e+03 5.313568306312104195e-01
4.219999516218766075e+03 5.312545132386242708e-01
4.224999395273457594e+03 5.311517891476751352e-01
4.229999274328148203e+03 5.310505159116808427e-01
4.234999153382840632e+03 5.309509425906933089e-01
4.239999032437531241e+03 5.308512563789085092e-01
4.244998911492222760e+03 5.307502340553771347e-01
4.249998790546915188e+03 5.306491143592888537e-01
4.255001088507776331e+03 5.305498242522375119e-01
4.260000967562468759e+03 5.304520966592333187e-01
4.265000846617159368e+03 5.303537916767721017e-01
4.270000725671850887e+03 5.302540517367092532e-01
4.275000604726542406e+03 5.301546322720540605e-01
4.280000483781233925e+03 5.300573442680489578e-01
4.285000362835925444e+03 5.299613349596414835e-01
4.290000241890616962e+03 5.298642897269926211e-01
4.295000120945308481e+03 5.297658609189338508e-01
4.300000000000000000e+03 5.296682380533364043e-01
4.304999879054691519e+03 5.295729307499222882e-01
4.309999758109383038e+03 5.294784927572356859e-01
4.314999637164074556e+03 5.293826171535794822e-01
4.319999516218766075e+03 5.292855636108486639e-01
4.324999395273456685e+03 5.291898203445368765e-01
4.329999274328149113e+03 5.290964311813046717e-01
4.334999153382840632e+03 5.290034113929663606e-01
4.339999032437531241e+03 5.289086539893188554e-01
4.344998911492223669e+03 5.288130655210570019e-01
4.350001209453084812e+03 5.287192594535536916e-01
4.355001088507777240e+03 5.286276885018751370e-01
4.360000967562467849e+03 5.285359414763829422e-01
4.365000846617159368e+03 5.284422924518588083e-01
4.370000725671851797e+03 5.283482722234712492e-01
4.375000604726542406e+03 5.282564266869255176e-01
4.380000483781233925e+03 5.281665444805230258e-01
4.385000362835925444e+03 5.280759450502815477e-01
4.390000241890616962e+03 5.279834345936803564e-01
4.395000120945308481e+03 5.278910858320674526e-01
4.400000000000000000e+03 5.278011849134208733e-01
4.404999879054691519e+03 5.277128432774945699e-01
4.409999758109382128e+03 5.276232967652370043e-01
4.414999637164074556e+03 5.275319893046848119e-01
4.419999516218766075e+03 5.274414023217781633e-01
4.424999395273456685e+03 5.273533902625864300e-01
4.429999274328149113e+03 5.272664348555399227e-01
4.434999153382839722e+03 5.271778838136931267e-01
4.439999032437531241e+03 5.270878688468878526e-01
4.444998911492223669e+03 5.269991098406499042e-01
4.450001209453084812e+03 5.269128946499894717e-01
4.455001088507777240e+03 5.268271778243344139e-01
4.460000967562467849e+03 5.267396047558888794e-01
4.465000846617159368e+03 5.266509854059477913e-01
4.470000725671850887e+03 5.265640881799416029e-01
4.475000604726542406e+03 5.264795488760904973e-01
4.480000483781233925e+03 5.263949414692303819e-01
4.485000362835925444e+03 5.263083673770546644e-01
4.490000241890616962e+03 5.262212479894048389e-01
4.495000120945308481e+03 5.261362092492428699e-01
4.500000000000000000e+03 5.260532059074028988e-01
4.504999879054691519e+03 5.259696068204139374e-01
4.509999758109383038e+03 5.258840859351027186e-01
4.514999637164074556e+03 5.257985600118031400e-01
4.519999516218765166e+03 5.257153386690346375e-01
4.524999395273457594e+03 5.256337240039464787e-01
4.529999274328149113e+03 5.255510665378321233e-01
4.534999153382839722e+03 5.254666779822905198e-01
4.539999032437532151e+03 5.253828177314654457e-01
4.544998911492222760e+03 5.253013380568158919e-01
4.550001209453085721e+03 5.252209693081838493e-01
4.555001088507776331e+03 5.251392238933135781e-01
4.560000967562467849e+03 5.250560611990160442e-01
4.565000846617160278e+03 5.249739097324870318e-01
4.570000725671850887e+03 5.248940678650003688e-01
4.575000604726542406e+03 5.248148177385273394e-01
4.580000483781233925e+03 5.247339908384240914e-01
4.585000362835925444e+03 5.246521505771255534e-01
4.590000241890616962e+03 5.245717173734274485e-01
4.595000120945308481e+03 5.244933903729803726e-01
4.600000000000000000e+03 5.244151559316698741e-01
4.604999879054691519e+03 5.243352854658983597e-01
4.609999758109383038e+03 5.242548561826531062e-01
4.614999637164074556e+03 5.241761161960483140e-01
4.619999516218765166e+03 5.240991725153559821e-01
4.624999395273457594e+03 5.240218812159159745e-01
4.629999274328148203e+03 5.239430291174512755e-01
4.634999153382839722e+03 5.238640817365558533e-01
4.639999032437532151e+03 5.237869780011017440e-01
4.644998911492222760e+03 5.237112882597854124e-01
4.649998790546914279e+03 5.236349006730244282e-01
4.655001088507776331e+03 5.235571435879931013e-01
4.660000967562467849e+03 5.234797241062163486e-01
4.665000846617159368e+03 5.234041733698001631e-01
4.670000725671850887e+03 5.233296203300783489e-01
4.675000604726542406e+03 5.232541294218349126e-01
4.680000483781233925e+03 5.231775484869779502e-01
4.685000362835925444e+03 5.231016736993998606e-01
4.690000241890616962e+03 5.230275744067719446e-01
4.695000120945308481e+03 5.229540611026501917e-01
4.700000000000000000e+03 5.228794883411652661e-01
4.704999879054691519e+03 5.228041592477653543e-01
4.709999758109383038e+03 5.227298156869344403e-01
4.714999637164073647e+03 5.226570572455141450e-01
4.719999516218766075e+03 5.225845125614556608e-01
4.724999395273457594e+03 5.225109015016327074e-01
4.729999274328148203e+03 5.224368858249952563e-01
4.734999153382840632e+03 5.223640318439831676e-01
4.739999032437531241e+03 5.222925042389539030e-01
4.744998911492222760e+03 5.222208855208996248e-01
4.750001209453084812e+03 5.221482935738049891e-01
4.755001088507776331e+03 5.220756321959295621e-01
4.760000967562468759e+03 5.220042028658083977e-01
4.765000846617159368e+03 5.219338054953333028e-01
4.770000725671850887e+03 5.218630980691574273e-01
4.775000604726542406e+03 5.217915875732750397e-01
4.780000483781233925e+03 5.217202967360790034e-01
4.785000362835925444e+03 5.216502107196470117e-01
4.790000241890616962e+03 5.215808596530264740e-01
4.795000120945308481e+03 5.215110735590834379e-01
4.800000000000000000e+03 5.214407029843033392e-01
4.804999879054691519e+03 5.213707732457438793e-01
4.809999758109383038e+03 5.213019409573684815e-01
4.814999637164074556e+03 5.212335739193011408e-01
4.819999516218766075e+03 5.211647383131561284e-01
4.824999395273456685e+03 5.210955546459328236e-01
4.829999274328149113e+03 5.210269526572611776e-01
4.834999153382840632e+03 5.209592846226013263e-01
4.839999032437531241e+03 5.208918633226239381e-01
4.844998911492223669e+03 5.208240193352043912e-01
4.850001209453084812e+03 5.207560522678276183e-01
4.855001088507777240e+03 5.206887250030164394e-01
4.860000967562467849e+03 5.206221396330146245e-01
4.865000846617159368e+03 5.205556493689271758e-01
4.870000725671851797e+03 5.204888422698037420e-01
4.875000604726542406e+03 5.204221007891113304e-01
4.880000483781233925e+03 5.203559815771446884e-01
4.885000362835925444e+03 5.202904114679258729e-01
4.890000241890616962e+03 5.202248582006057109e-01
4.895000120945308481e+03 5.201591297751112508e-01
4.900000000000000000e+03 5.200936013151836734e-01
4.904999879054691519e+03 5.200286169639158906e-01
4.909999758109382128e+03 5.199640131476253035e-01
4.914999637164074556e+03 5.198994186254274341e-01
4.919999516218766075e+03 5.198348005233218716e-01
4.924999395273456685e+03 5.197704525935231690e-01
4.929999274328149113e+03 5.197065306878653201e-01
4.934999153382839722e+03 5.196428646190230927e-01
4.939999032437531241e+03 5.195792600123902982e-01
4.944998911492223669e+03 5.195157688191937018e-01
4.950001209453084812e+03 5.194525528052250651e-01
4.955001088507777240e+03 5.193896284527627083e-01
4.960000967562467849e+03 5.193268914684844306e-01
4.965000846617159368e+03 5.192643105427584560e-01
4.970000725671850887e+03 5.192019449002900355e-01
4.975000604726542406e+03 5.191398014861181576e-01
4.980000483781233925e+03 5.190778227400179023e-01
4.985000362835925444e+03 5.190160233321854388e-01
4.990000241890616962e+03 5.189544957489168331e-01
