0.000000000000000000e+00 1.000657899980477161e+00 1.000672076076978056e+00 1.000672076076978056e+00 1.000672076076978056e+00 1.000672076076978056e+00
3.061224489795918213e+00 1.000043428073647656e+00 1.000063226748145073e+00 1.000172370700713520e+00 1.000372654896608093e+00 1.000547547637552936e+00
6.122448979591836427e+00 9.982143065680875171e-01 9.982508428763867681e-01 9.986848792588327584e-01 9.994813547559994182e-01 1.000176853981353808e+00
9.183673469387754196e+00 9.952126008764020648e-01 9.952766069727058129e-01 9.962438111695886001e-01 9.980186677197188105e-01 9.995685047545738167e-01
1.224489795918367285e+01 9.911057813471167988e-01 9.912073751100358709e-01 9.929040361413156157e-01 9.960174617294796917e-01 9.987361488531467657e-01
1.530612244897959151e+01 9.859830502650832607e-01 9.861315371965698739e-01 9.887380969934452812e-01 9.935211912117394295e-01 9.976978313160387302e-01
1.836734693877550839e+01 9.799507225035597457e-01 9.801544394972779850e-01 9.838324528506500188e-01 9.905816466604639992e-01 9.964750587621242772e-01
2.142857142857142705e+01 9.731270836241686650e-01 9.733932893757626381e-01 9.782832973878035077e-01 9.872564496654521182e-01 9.950917591144837759e-01
2.448979591836734571e+01 9.656371536801788835e-01 9.659719666422619255e-01 9.721923004257724266e-01 9.836065020264235237e-01 9.935732222570579086e-01
2.755102040816326436e+01 9.576077374873650516e-01 9.580161188248821347e-01 9.656625825478680758e-01 9.796935744525506751e-01 9.919450986586962893e-01
3.061224489795918302e+01 9.491630577720722162e-01 9.496488340823661112e-01 9.587951637960174800e-01 9.755781792474829128e-01 9.902325159315220615e-01
3.367346938775509813e+01 9.404211650096447883e-01 9.409870838027908357e-01 9.516860440601260240e-01 9.713178213939654970e-01 9.884593525322007412e-01
3.673469387755101678e+01 9.314912146488109057e-01 9.321390247449867772e-01 9.444239889073842154e-01 9.669656722138117999e-01 9.866476869514859693e-01
3.979591836734693544e+01 9.224716124238745429e-01 9.232021614001401089e-01 9.370890214071353475e-01 9.625696659359137541e-01 9.848174225300958540e-01
4.285714285714285410e+01 9.134489597065693633e-01 9.142623011255307519e-01 9.297515645956481167e-01 9.581719860125879062e-01 9.829860741301446048e-01
4.591836734693877276e+01 9.044976860658848761e-01 9.053931902284246824e-01 9.224721428064928119e-01 9.538088862091537168e-01 9.811686938317959461e-01
4.897959183673469141e+01 8.956802338891260984e-01 8.966566970698722772e-01 9.153015319479468337e-01 9.495107806227647274e-01 9.793779083110847328e-01
5.204081632653061007e+01 8.870476559563502672e-01 8.881034043375849452e-01 9.082812455910977967e-01 9.453025348590013976e-01 9.776240397546014371e-01
5.510204081632652873e+01 8.786404960527905983e-01 8.797734817502588234e-01 9.014442512117006867e-01 9.412038950753246480e-01 9.759152840271692053e-01
5.816326530612244738e+01 8.704898399319832558e-01 8.716977275308034345e-01 8.948158249427561328e-01 9.372299999949021965e-01 9.742579232950472345e-01
6.122448979591836604e+01 8.626184448827541873e-01 8.638986877384280394e-01 8.884144702265805993e-01 9.333919311970750865e-01 9.726565545439518345e-01
6.428571428571427759e+01 8.550418775819158546e-01 8.563917837851503512e-01 8.822528431836025309e-01 9.296972674306186457e-01 9.711143197669357408e-01
6.734693877551019625e+01 8.477696097177556123e-01 8.491863980860758776e-01 8.763386436206077601e-01 9.261506183436568618e-01 9.696331276034947377e-01
7.040816326530611491e+01 8.408060378817058256e-01 8.422868846505913165e-01 8.706754444366733292e-01 9.227541213117563812e-01 9.682138596531858488e-01
7.346938775510203357e+01 8.341514079994368780e-01 8.356934850698553019e-01 8.652634433862295138e-01 9.195078917556445131e-01 9.668565574734017121e-01
7.653061224489795222e+01 8.278026351440666009e-01 8.294031408306864472e-01 8.601001297555396219e-01 9.164104224895601725e-01 9.655605884095744829e-01
7.959183673469387088e+01 8.217540172649584473e-01 8.234102005060586205e-01 8.551808647627513471e-01 9.134589313875680627e-01 9.643247899617829466e-01
8.265306122448978954e+01 8.159978466327114655e-01 8.177070255909445473e-01 8.504993787745968037e-01 9.106496592206458907e-01 9.631475934571963604e-01
8.571428571428570820e+01 8.105249261348507206e-01 8.122845020551267003e-01 8.460481911435731028e-01 9.079781211411582786e-01 9.620271284720836036e-01
8.877551020408162685e+01 8.053249994195341710e-01 8.071324665298530432e-01 8.418189599837849757e-01 9.054393161985105909e-01 9.609613098238247719e-01
9.183673469387754551e+01 8.003871046773994857e-01 8.022400568303627022e-01 8.378027698481023133e-01 9.030278996557359328e-01 9.599479091137101960e-01
9.489795918367346417e+01 7.956998619041193432e-01 7.975959965678561803e-01 8.339903653114718596e-01 9.007383229021184157e-01 9.589846128117310853e-01
9.795918367346938282e+01 7.912517030556173170e-01 7.931888231774639753e-01 8.303723381148827576e-01 8.985649455469897351e-01 9.580690687874775513e-01
1.010204081632653015e+02 7.870310537881562984e-01 7.890070679754155325e-01 8.269392749389145036e-01 8.965021239291623978e-01 9.571989230455173470e-01
1.040816326530612201e+02 7.830264746066901704e-01 7.850393959974838465e-01 8.236818721691187006e-01 8.945442798530700568e-01 9.563718482478577032e-01
1.071428571428571388e+02 7.792267683239473275e-01 7.812747124581598257e-01 8.205910232664745951e-01 8.926859529140127592e-01 9.555855654197477067e-01
1.102040816326530575e+02 7.756210598240503851e-01 7.777022417695588219e-01 8.176578836171098930e-01 8.909218393322528851e-01 9.548378600512215097e-01
1.132653061224489903e+02 7.721988532677439565e-01 7.743115842100811719e-01 8.148739170387436781e-01 8.892468197982410505e-01 9.541265936334328845e-01
1.163265306122448948e+02 7.689500710937150485e-01 7.710927545573814657e-01 8.122309274848616978e-01 8.876559784500958061e-01 9.534497115105122766e-01
1.193877551020408134e+02 7.658650784722272897e-01 7.680362063082891710e-01 8.097210789197483161e-01 8.861446147642251248e-01 9.528052477863884206e-01
1.224489795918367321e+02 7.629346962552369105e-01 7.651328445018545921e-01 8.073369058397978915e-01 8.847082498418520347e-01 9.521913279022187204e-01
1.255102040816326365e+02 7.601502049383697113e-01 7.623740296377619075e-01 8.050713164864863325e-01 8.833426283165927151e-01 9.516061693929737109e-01
1.285714285714285552e+02 7.575033416984716661e-01 7.597515747347792781e-01 8.029175904290998256e-01 8.820437168882193646e-01 9.510480812405068818e-01
1.316326530612244881e+02 7.549862921884232803e-01 7.572577371954204439e-01 8.008693718846398024e-01 8.808077003016376860e-01 9.505154621629873235e-01
1.346938775510203925e+02 7.525916784503352552e-01 7.548852068253670833e-01 7.989206598816660509e-01 8.796309754339267650e-01 9.500067981157785946e-01
1.377551020408163254e+02 7.503125440412607983e-01 7.526270910916462720e-01 7.970657961577056749e-01 8.785101440222845559e-01 9.495206592247926736e-01
1.408163265306122298e+02 7.481423372444930830e-01 7.504768984845535673e-01 7.952994515001172715e-01 8.774420044579335221e-01 9.490556963286295167e-01
1.438775510204081627e+02 7.460748930575694660e-01 7.484285206680235669e-01 7.936166110923323913e-01 8.764235429825149026e-01 9.486106372689299127e-01
1.469387755102040671e+02 7.441044144991635356e-01 7.464762139555766174e-01 7.920125593062722347e-01 8.754519245508368686e-01 9.481842830382629650e-01
1.500000000000000000e+02 7.422254536556553983e-01 7.446145805287289754e-01 7.904828642830709073e-01 8.745244835647804083e-01 9.477755038702297963e-01
