1.000000000000000000e+03 4.562407406249017171e-10
1.000500500500500607e+03 4.591702665465420778e-10
1.001001001001000873e+03 4.621290481980838598e-10
1.001501501501501480e+03 4.651174874154126326e-10
1.002002002002001973e+03 4.681359930783007670e-10
1.002502502502502580e+03 4.711849812606892994e-10
1.003003003003002959e+03 4.742648753847297442e-10
1.003503503503503453e+03 4.773761063787230130e-10
1.004004004004004059e+03 4.805191128390479302e-10
1.004504504504504553e+03 4.836943411962177402e-10
1.005005005005004932e+03 4.869022458851649561e-10
1.005505505505505539e+03 4.901432895198784190e-10
1.006006006006006032e+03 4.934179430725516971e-10
1.006506506506506639e+03 4.967266860573248183e-10
1.007007007007006905e+03 5.000700067188104157e-10
1.007507507507507512e+03 5.034484022255055122e-10
1.008008008008008005e+03 5.068623788682557241e-10
1.008508508508508612e+03 5.103124522639079550e-10
1.009009009009008992e+03 5.137991475643399704e-10
1.009509509509509485e+03 5.173229996709929988e-10
1.010010010010010092e+03 5.208845534550828232e-10
1.010510510510510585e+03 5.244843639836898530e-10
1.011011011011010964e+03 5.281229967518607305e-10
1.011511511511511458e+03 5.318010279209708674e-10
1.012012012012012065e+03 5.355190445634535841e-10
1.012512512512512558e+03 5.392776449141899137e-10
1.013013013013012937e+03 5.430774386286924542e-10
1.013513513513513544e+03 5.469190470483264594e-10
1.014014014014014037e+03 5.508031034727754814e-10
1.014514514514514644e+03 5.547302534400274291e-10
1.015015015015015024e+03 5.587011550140135978e-10
1.015515515515515517e+03 5.627164790802768312e-10
1.016016016016016124e+03 5.667769096498102633e-10
1.016516516516516617e+03 5.708831441713873796e-10
1.017017017017016997e+03 5.750358938526563664e-10
1.017517517517517490e+03 5.792358839902578643e-10
1.018018018018018097e+03 5.834838543092599796e-10
1.018518518518518590e+03 5.877805593122328459e-10
1.019019019019018970e+03 5.921267686382688944e-10
1.019519519519519577e+03 5.965232674322668854e-10
1.020020020020020070e+03 6.009708567248227729e-10
1.020520520520520677e+03 6.054703538230677875e-10
1.021021021021020942e+03 6.100225927128522327e-10
1.021521521521521549e+03 6.146284244726110351e-10
1.022022022022022043e+03 6.192887176993114054e-10
1.022522522522522650e+03 6.240043589469232900e-10
1.023023023023023029e+03 6.287762531777661293e-10
1.023523523523523522e+03 6.336053242272651449e-10
1.024024024024024129e+03 6.384925152824616754e-10
1.024524524524524395e+03 6.434387893748465578e-10
1.025025025025024888e+03 6.484451298879513425e-10
1.025525525525525609e+03 6.535125410802133975e-10
1.026026026026026102e+03 6.586420486236621862e-10
1.026526526526526368e+03 6.638347001589709005e-10
1.027027027027027088e+03 6.690915658674298303e-10
1.027527527527527582e+03 6.744137390604526539e-10
1.028028028028028075e+03 6.798023367872156644e-10
1.028528528528528568e+03 6.852585004611076004e-10
1.029029029029029061e+03 6.907833965056208061e-10
1.029529529529529555e+03 6.963782170203766913e-10
1.030030030030030048e+03 7.020441804680505295e-10
1.030530530530530541e+03 7.077825323829095557e-10
1.031031031031031034e+03 7.135945461017648661e-10
1.031531531531531527e+03 7.194815235181335928e-10
1.032032032032032021e+03 7.254447958604845454e-10
1.032532532532532514e+03 7.314857244954382373e-10
1.033033033033033007e+03 7.376057017568443265e-10
1.033533533533533500e+03 7.438061518016927958e-10
1.034034034034034221e+03 7.500885314938372202e-10
1.034534534534534487e+03 7.564543313166377156e-10
1.035035035035034980e+03 7.629050763155446203e-10
1.035535535535535473e+03 7.694423270717345375e-10
1.036036036036036194e+03 7.760676807080606009e-10
1.036536536536536460e+03 7.827827719285163773e-10
1.037037037037036953e+03 7.895892740924337030e-10
1.037537537537537673e+03 7.964889003248244875e-10
1.038038038038038167e+03 8.034834046642534591e-10
1.038538538538538432e+03 8.105745832496782525e-10
1.039039039039039153e+03 8.177642755477664409e-10
1.039539539539539646e+03 8.250543656223493570e-10
1.040040040040040140e+03 8.324467834475559087e-10
1.040540540540540405e+03 8.399435062665000589e-10
1.041041041041041126e+03 8.475465599972002147e-10
1.041541541541541619e+03 8.552580206877015947e-10
1.042042042042042112e+03 8.630800160223878402e-10
1.042542542542542606e+03 8.710147268814833396e-10
1.043043043043043099e+03 8.790643889559851315e-10
1.043543543543543592e+03 8.872312944202079381e-10
1.044044044044044085e+03 8.955177936644155976e-10
1.044544544544544578e+03 9.039262970898918125e-10
1.045045045045045072e+03 9.124592769691530243e-10
1.045545545545545565e+03 9.211192693739341617e-10
1.046046046046046058e+03 9.299088761738181968e-10
1.046546546546546551e+03 9.388307671085509511e-10
1.047047047047047045e+03 9.478876819370269619e-10
1.047547547547547538e+03 9.570824326663114838e-10
1.048048048048048258e+03 9.664179058641379386e-10
1.048548548548548524e+03 9.758970650583643812e-10
1.049049049049049017e+03 9.855229532273012366e-10
1.049549549549549511e+03 9.952986953846953816e-10
1.050050050050050004e+03 1.005227501263681424e-09
1.050550550550550497e+03 1.015312668103922729e-09
1.051051051051050990e+03 1.025557583546565307e-09
1.051551551551551711e+03 1.035965728641793727e-09
1.052052052052051977e+03 1.046540680973996193e-09
1.052552552552552470e+03 1.057286117909908628e-09
1.053053053053053191e+03 1.068205819975148565e-09
1.053553553553553684e+03 1.079303674365127422e-09
1.054054054054053950e+03 1.090583678596419698e-09
1.054554554554554443e+03 1.102049944305065299e-09
1.055055055055055163e+03 1.113706701198541959e-09
1.055555555555555657e+03 1.125558301168679300e-09
1.056056056056055922e+03 1.137609222572921104e-09
1.056556556556556643e+03 1.149864074691937730e-09
1.057057057057057136e+03 1.162327602371927706e-09
1.057557557557557629e+03 1.175004690860363357e-09
1.058058058058057895e+03 1.187900370844478403e-09
1.058558558558558616e+03 1.201019823702325053e-09
1.059059059059059109e+03 1.214368386976572431e-09
1.059559559559559602e+03 1.227951560082034608e-09
1.060060060060060096e+03 1.241775010258341459e-09
1.060560560560560589e+03 1.255844578779913983e-09
1.061061061061061082e+03 1.270166287435888358e-09
1.061561561561561575e+03 1.284746345293691187e-09
1.062062062062062068e+03 1.299591155760318087e-09
1.062562562562562562e+03 1.314707323956605002e-09
1.063063063063063055e+03 1.330101664420192362e-09
1.063563563563563775e+03 1.345781209154251760e-09
1.064064064064064041e+03 1.361753216039660697e-09
1.064564564564564535e+03 1.378025177629612709e-09
1.065065065065065028e+03 1.394604830346485622e-09
1.065565565565565748e+03 1.411500164102329896e-09
1.066066066066066014e+03 1.428719432365224474e-09
1.066566566566566507e+03 1.446271162695348596e-09
1.067067067067067228e+03 1.464164167775948737e-09
1.067567567567567721e+03 1.482407556965891938e-09
1.068068068068067987e+03 1.501010748402243573e-09
1.068568568568568480e+03 1.519983481682839141e-09
1.069069069069069201e+03 1.539335831160921949e-09
1.069569569569569467e+03 1.559078219885708753e-09
1.070070070070069960e+03 1.579221434225103958e-09
1.070570570570570681e+03 1.599776639208687754e-09
1.071071071071071174e+03 1.620755394632045202e-09
1.071571571571571667e+03 1.642169671965645321e-09
1.072072072072072160e+03 1.664031872114592884e-09
1.072572572572572653e+03 1.686354844078502234e-09
1.073073073073073147e+03 1.709151904563675611e-09
1.073573573573573412e+03 1.732436858603882016e-09
1.074074074074074133e+03 1.756224021249043842e-09
1.074574574574574626e+03 1.780528240385449487e-09
1.075075075075075119e+03 1.805364920755453978e-09
1.075575575575575613e+03 1.830750049249085984e-09
1.076076076076076106e+03 1.856700221545040991e-09
1.076576576576576599e+03 1.883232670183625434e-09
1.077077077077077092e+03 1.910365294160451507e-09
1.077577577577577586e+03 1.938116690135292692e-09
1.078078078078078079e+03 1.966506185357632705e-09
1.078578578578578572e+03 1.995553872417292521e-09
1.079079079079079065e+03 2.025280645936593590e-09
1.079579579579579558e+03 2.055708241328616409e-09
1.080080080080080052e+03 2.086859275755501840e-09
1.080580580580580545e+03 2.118757291429948734e-09
1.081081081081081265e+03 2.151426801414560839e-09
1.081581581581581531e+03 2.184893338084177199e-09
1.082082082082082024e+03 2.219183504429581609e-09
1.082582582582582518e+03 2.254325028393675632e-09
1.083083083083083238e+03 2.290346820446666318e-09
1.083583583583583504e+03 2.327279034621768970e-09
1.084084084084083997e+03 2.365153133250920238e-09
1.084584584584584718e+03 2.404001955657855184e-09
1.085085085085085211e+03 2.443859791087215148e-09
1.085585585585585477e+03 2.484762456169532353e-09
1.086086086086086198e+03 2.526747377246678148e-09
1.086586586586586691e+03 2.569853677908002356e-09
1.087087087087087184e+03 2.614122272116767228e-09
1.087587587587587450e+03 2.659595963336786612e-09
1.088088088088088170e+03 2.706319550104105311e-09
1.088588588588588664e+03 2.754339938525004169e-09
1.089089089089089157e+03 2.803706262223022994e-09
1.089589589589589650e+03 2.854470010301812781e-09
1.090090090090090143e+03 2.906685163939737147e-09
1.090590590590590637e+03 2.960408342285113495e-09
1.091091091091091130e+03 3.015698958380557127e-09
1.091591591591591623e+03 3.072619385908513285e-09
1.092092092092092116e+03 3.131235137621410608e-09
1.092592592592592609e+03 3.191615056397137608e-09
1.093093093093093103e+03 3.253831519947356851e-09
1.093593593593593596e+03 3.317960660299436932e-09
1.094094094094094089e+03 3.384082599277453355e-09
1.094594594594594582e+03 3.452281701323044493e-09
1.095095095095095303e+03 3.522646845123180363e-09
1.095595595595595569e+03 3.595271715652797314e-09
1.096096096096096062e+03 3.670255118395693000e-09
1.096596596596596783e+03 3.747701317678766882e-09
1.097097097097097048e+03 3.827720401246532868e-09
1.097597597597597542e+03 3.910428673414374693e-09
1.098098098098098035e+03 3.995949079373828077e-09
1.098598598598598755e+03 4.084411663487477746e-09
1.099099099099099021e+03 4.175954064700164866e-09
1.099599599599599514e+03 4.270722052521139537e-09
1.100100100100100235e+03 4.368870107392904454e-09
1.100600600600600728e+03 4.470562049669912904e-09
1.101101101101100994e+03 4.575971721883068888e-09
1.101601601601601487e+03 4.685283729475249075e-09
1.102102102102102208e+03 4.798694245761606582e-09
1.102602602602602701e+03 4.916411887510000991e-09
1.103103103103102967e+03 5.038658668254890155e-09
1.103603603603603688e+03 5.165671037267322085e-09
1.104104104104104181e+03 5.297701013015444084e-09
1.104604604604604674e+03 5.435017420979844031e-09
1.105105105105104940e+03 5.577907246848033008e-09
1.105605605605605660e+03 5.726677117429645342e-09
1.106106106106106154e+03 5.881654923120359206e-09
1.106606606606606647e+03 6.043191597434214560e-09
1.107107107107107140e+03 6.211663071041195666e-09
1.107607607607607633e+03 6.387472419929907294e-09
1.108108108108108127e+03 6.571052229801027677e-09
1.108608608608608620e+03 6.762867201634731993e-09
1.109109109109109113e+03 6.963417026614451635e-09
1.109609609609609606e+03 7.173239562297823410e-09
1.110110110110110099e+03 7.392914346174643290e-09
1.110610610610610820e+03 7.623066487629088296e-09
1.111111111111111086e+03 7.864370984928760258e-09
1.111611611611611579e+03 8.117557520318205993e-09
1.112112112112112072e+03 8.383415793736096945e-09
1.112612612612612565e+03 8.662801464274121426e-09
1.113113113113113059e+03 8.956642778438027587e-09
1.113613613613613552e+03 9.265947975792996148e-09
1.114114114114114273e+03 9.591813575950565035e-09
1.114614614614614766e+03 9.935433666393385718e-09
1.115115115115115032e+03 1.029811032872983661e-08
1.115615615615615525e+03 1.068126536206753864e-08
1.116116116116116245e+03 1.108645348682641068e-08
1.116616616616616511e+03 1.151537724112317531e-08
1.117117117117117004e+03 1.196990381558705373e-08
1.117617617617617725e+03 1.245208411201568177e-08
1.118118118118118218e+03 1.296417435771335132e-08
1.118618618618618711e+03 1.350866066189738565e-08
1.119119119119119205e+03 1.408828696472700101e-08
1.119619619619619698e+03 1.470608690500252931e-08
1.120120120120120191e+03 1.536542022146439446e-08
1.120620620620620457e+03 1.607001440724248467e-08
1.121121121121121178e+03 1.682401246009624938e-08
1.121621621621621671e+03 1.763202771574270874e-08
1.122122122122122164e+03 1.849920692127197899e-08
1.122622622622622657e+03 1.943130290412494063e-08
1.123123123123123150e+03 2.043475842329730348e-08
1.123623623623623644e+03 2.151680305705494168e-08
1.124124124124124137e+03 2.268556528864323786e-08
1.124624624624624630e+03 2.395020229972745658e-08
1.125125125125125123e+03 2.532105036918790111e-08
1.125625625625625617e+03 2.680979919552906434e-08
1.126126126126126110e+03 2.842969389858375810e-08
1.126626626626626603e+03 3.019576887928468628e-08
1.127127127127127096e+03 3.212511806969071706e-08
1.127627627627627589e+03 3.423720629500134958e-08
1.128128128128128310e+03 3.655422634011329196e-08
1.128628628628628576e+03 3.910150561573075467e-08
1.129129129129129069e+03 4.190796465791490410e-08
1.129629629629629562e+03 4.500662645249752775e-08
1.130130130130130283e+03 4.843516979917718803e-08
1.130630630630630549e+03 5.223651016810181706e-08
1.131131131131131042e+03 5.645937557775205443e-08
1.131631631631631763e+03 6.115881973342063356e-08
1.132132132132132256e+03 6.639657541742180928e-08
1.132632632632632522e+03 7.224109157593195675e-08
1.133133133133133242e+03 7.876700946908857935e-08
1.133633633633633735e+03 8.605370704594196202e-08
1.134134134134134229e+03 9.418236764065641078e-08
1.134634634634634494e+03 1.032308071105782134e-07
1.135135135135135215e+03 1.132650399440755645e-07
1.135635635635635708e+03 1.243263403288473203e-07
1.136136136136135974e+03 1.364125020993442712e-07
1.136636636636636695e+03 1.494523991390393187e-07
1.137137137137137188e+03 1.632742412548418637e-07
1.137637637637637681e+03 1.775706623402681834e-07
1.138138138138138174e+03 1.918683122737746555e-07
1.138638638638638668e+03 2.055153548219128465e-07
1.139139139139139161e+03 2.177046243838364630e-07
1.139639639639639654e+03 2.275481936026331104e-07
1.140140140140140147e+03 2.342054906583435229e-07
1.140640640640640640e+03 2.370420453083289301e-07
1.141141141141141134e+03 2.357707437023402065e-07
1.141641641641641627e+03 2.305214147723555808e-07
1.142142142142142347e+03 2.218090297838670506e-07
1.142642642642642613e+03 2.104143015031519444e-07
1.143143143143143106e+03 1.972249795436935321e-07
1.143643643643643827e+03 1.830915948436558721e-07
1.144144144144144093e+03 1.687312937894939277e-07
1.144644644644644586e+03 1.546862819586600575e-07
1.145145145145145079e+03 1.413248047870657744e-07
1.145645645645645800e+03 1.288665914798188963e-07
1.146146146146146066e+03 1.174172818635347492e-07
1.146646646646646559e+03 1.070020032793628928e-07
1.147147147147147280e+03 9.759342130945242059e-08
1.147647647647647773e+03 8.913301381825291406e-08
1.148148148148148039e+03 8.154610605473412603e-08
1.148648648648648532e+03 7.475188584104546955e-08
1.149149149149149252e+03 6.866969694937056914e-08
1.149649649649649746e+03 6.322272702231344061e-08
1.150150150150150012e+03 5.833995283506625392e-08
1.150650650650650732e+03 5.395696742282158641e-08
1.151151151151151225e+03 5.001612098856221453e-08
1.151651651651651719e+03 4.646626393267102400e-08
1.152152152152152212e+03 4.326227864527197874e-08
1.152652652652652705e+03 4.036451718317917248e-08
1.153153153153153198e+03 3.773821571476897345e-08
1.153653653653653691e+03 3.535292657198803024e-08
1.154154154154154185e+03 3.318198966311049485e-08
1.154654654654654678e+03 3.120205317439918438e-08
1.155155155155155171e+03 2.939264638838145784e-08
1.155655655655655664e+03 2.773580336972433382e-08
1.156156156156156158e+03 2.621573409374693568e-08
1.156656656656656651e+03 2.481853858591885207e-08
1.157157157157157144e+03 2.353195933312851453e-08
1.157657657657657865e+03 2.234516732051244598e-08
1.158158158158158130e+03 2.124857735480197601e-08
1.158658658658658624e+03 2.023368874208850410e-08
1.159159159159159117e+03 1.929294782650813366e-08
1.159659659659659610e+03 1.841962932754580736e-08
1.160160160160160103e+03 1.760773381659553844e-08
1.160660660660660596e+03 1.685189903832729972e-08
1.161161161161161317e+03 1.614732310611500980e-08
1.161661661661661810e+03 1.548969788397236619e-08
1.162162162162162076e+03 1.487515111271186619e-08
1.162662662662662569e+03 1.430019604904837449e-08
1.163163163163163290e+03 1.376168756699829349e-08
1.163663663663663556e+03 1.325678382503746485e-08
1.164164164164164049e+03 1.278291273368735695e-08
1.164664664664664770e+03 1.233774256974448774e-08
1.165165165165165263e+03 1.191915617812655457e-08
1.165665665665665756e+03 1.152522828280590180e-08
1.166166166166166249e+03 1.115420549668210029e-08
1.166666666666666742e+03 1.080448867837419728e-08
1.167167167167167236e+03 1.047461733335804833e-08
1.167667667667667502e+03 1.016325579898029829e-08
1.168168168168168222e+03 9.869180988767124208e-09
1.168668668668668715e+03 9.591271502088005875e-09
1.169169169169169209e+03 9.328497931405859912e-09
1.169669669669669702e+03 9.079914221762554494e-09
1.170170170170170195e+03 8.844649956350461646e-09
1.170670670670670688e+03 8.621903458512865621e-09
1.171171171171171181e+03 8.410935614691284532e-09
1.171671671671671675e+03 8.211064335049080711e-09
1.172172172172172168e+03 8.021659579026730997e-09
1.172672672672672661e+03 7.842138882190005283e-09
1.173173173173173154e+03 7.671963328595114992e-09
1.173673673673673647e+03 7.510633919725614920e-09
1.174174174174174141e+03 7.357688296975853664e-09
1.174674674674674634e+03 7.212697779805364150e-09
1.175175175175175355e+03 7.075264686179283185e-09
1.175675675675675620e+03 6.945019905810509575e-09
1.176176176176176114e+03 6.821620700154694023e-09
1.176676676676676834e+03 6.704748706083207440e-09
1.177177177177177327e+03 6.594108122791309800e-09
1.177677677677677593e+03 6.489424063796794999e-09
1.178178178178178086e+03 6.390441057903350550e-09
1.178678678678678807e+03 6.296921684793174412e-09
1.179179179179179300e+03 6.208645332471677026e-09
1.179679679679679566e+03 6.125407065187563101e-09
1.180180180180180287e+03 6.047016591668927854e-09
1.180680680680680780e+03 5.973297324609781698e-09
1.181181181181181273e+03 5.904085523305759414e-09
1.181681681681681539e+03 5.839229512194200382e-09
1.182182182182182260e+03 5.778588968822467205e-09
1.182682682682682753e+03 5.722034275448418391e-09
1.183183183183183019e+03 5.669445929087427429e-09
1.183683683683683739e+03 5.620714005369495041e-09
1.184184184184184232e+03 5.575737672059237372e-09
1.184684684684684726e+03 5.534424748535180457e-09
1.185185185185185219e+03 5.496691307923183794e-09
1.185685685685685712e+03 5.462461318943643065e-09
1.186186186186186205e+03 5.431666324854663733e-09
1.186686686686686699e+03 5.404245157181502184e-09
1.187187187187187192e+03 5.380143682189024973e-09
1.187687687687687685e+03 5.359314578311155172e-09
1.188188188188188178e+03 5.341717142981968856e-09
1.188688688688688671e+03 5.327317127535860387e-09
1.189189189189189392e+03 5.316086599033648467e-09
1.189689689689689658e+03 5.308003828083147249e-09
1.190190190190190151e+03 5.303053201883356242e-09
1.190690690690690872e+03 5.301225161909270426e-09
1.191191191191191137e+03 5.302516165820888854e-09
1.191691691691691631e+03 5.306928673329263066e-09
1.192192192192192124e+03 5.314471155939542374e-09
1.192692692692692845e+03 5.325158130624584214e-09
1.193193193193193110e+03 5.339010217660589608e-09
1.193693693693693604e+03 5.356054223011636095e-09
1.194194194194194324e+03 5.376323245819293632e-09
1.194694694694694817e+03 5.399856811726865322e-09
1.195195195195195083e+03 5.426701032944888426e-09
1.195695695695695576e+03 5.456908796155029137e-09
1.196196196196196297e+03 5.490539979554796773e-09
1.196696696696696790e+03 5.527661700549187999e-09
1.197197197197197056e+03 5.568348595837949837e-09
1.197697697697697777e+03 5.612683135885030011e-09
1.198198198198198270e+03 5.660755976034134338e-09
1.198698698698698763e+03 5.712666346824600822e-09
1.199199199199199256e+03 5.768522486387779584e-09
1.199699699699699750e+03 5.828442118156863875e-09
1.200200200200200243e+03 5.892552977516180442e-09
1.200700700700700736e+03 5.960993391450970038e-09
1.201201201201201229e+03 6.033912915738194755e-09
1.201701701701701722e+03 6.111473034757180889e-09
1.202202202202202216e+03 6.193847929593200589e-09
1.202702702702702709e+03 6.281225320782213904e-09
1.203203203203203202e+03 6.373807392785808326e-09
1.203703703703703695e+03 6.471811808129198082e-09
1.204204204204204188e+03 6.575472820081289510e-09
1.204704704704704909e+03 6.685042493816285885e-09
1.205205205205205175e+03 6.800792047194735938e-09
1.205705705705705668e+03 6.923013323664557316e-09
1.206206206206206161e+03 7.052020411306998907e-09
1.206706706706706655e+03 7.188151423799329430e-09
1.207207207207207148e+03 7.331770461038556058e-09
1.207707707707707641e+03 7.483269769411087478e-09
1.208208208208208362e+03 7.643072124257505735e-09
1.208708708708708855e+03 7.811633459992305924e-09
1.209209209209209121e+03 7.989445776673744393e-09
1.209709709709709614e+03 8.177040355630889570e-09
1.210210210210210334e+03 8.374991321123869550e-09
1.210710710710710600e+03 8.583919590029945904e-09
1.211211211211211094e+03 8.804497257316160535e-09
1.211711711711711814e+03 9.037452471696725377e-09
1.212212212212212307e+03 9.283574863535953684e-09
1.212712712712712801e+03 9.543721595904840437e-09
1.213213213213213294e+03 9.818824119938518936e-09
1.213713713713713787e+03 1.010989572750812028e-08
1.214214214214214280e+03 1.041804000799639524e-08
1.214714714714714546e+03 1.074446033198193876e-08
1.215215215215215267e+03 1.109047050328996677e-08
1.215715715715715760e+03 1.145750674261302884e-08
1.216216216216216253e+03 1.184714119131812288e-08
1.216716716716716746e+03 1.226109715377051433e-08
1.217217217217217240e+03 1.270126633131006788e-08
1.217717717717717733e+03 1.316972834183824205e-08
1.218218218218218226e+03 1.366877286689978570e-08
1.218718718718718719e+03 1.420092482447054536e-08
1.219219219219219212e+03 1.476897303191736225e-08
1.219719719719719706e+03 1.537600290156267398e-08
1.220220220220220199e+03 1.602543380308510794e-08
1.220720720720720919e+03 1.672106183501536711e-08
1.221221221221221185e+03 1.746710887468618890e-08
1.221721721721721678e+03 1.826827892530031142e-08
1.222222222222222172e+03 1.912982295384996547e-08
1.222722722722722665e+03 2.005761361823547049e-08
1.223223223223223158e+03 2.105823151999002558e-08
1.223723723723723879e+03 2.213906489421747127e-08
1.224224224224224372e+03 2.330842496352320688e-08
1.224724724724724638e+03 2.457567953896156665e-08
1.225225225225225131e+03 2.595140784600660730e-08
1.225725725725725852e+03 2.744757997894240736e-08
1.226226226226226117e+03 2.907776482445376030e-08
1.226726726726726611e+03 3.085737070951045319e-08
1.227227227227227331e+03 3.280392335812317998e-08
1.227727727727727824e+03 3.493738588214175228e-08
1.228228228228228318e+03 3.728052531235035977e-08
1.228728728728728584e+03 3.985932932410778904e-08
1.229229229229229304e+03 4.270347489454888255e-08
1.229729729729729797e+03 4.584684697237689344e-08
1.230230230230230063e+03 4.932809881053261825e-08
1.230730730730730784e+03 5.319123483300814443e-08
1.231231231231231277e+03 5.748617942851174145e-08
1.231731731731731770e+03 6.226926744111437953e-08
1.232232232232232263e+03 6.760354945545991866e-08
1.232732732732732757e+03 7.355874054923560534e-08
1.233233233233233250e+03 8.021054644840116036e-08
1.233733733733733743e+03 8.763896632360683700e-08
1.234234234234234236e+03 9.592498882288981148e-08
1.234734734734734729e+03 1.051448678887976274e-07
1.235235235235235223e+03 1.153609110346326804e-07
1.235735735735735716e+03 1.266075084512029431e-07
1.236236236236236437e+03 1.388711420758480273e-07
1.236736736736736702e+03 1.520636482522470714e-07
1.237237237237237196e+03 1.659895417052313687e-07
1.237737737737737916e+03 1.803112874216776325e-07
1.238238238238238182e+03 1.945212589715909501e-07
1.238738738738738675e+03 2.079348416310475870e-07
1.239239239239239168e+03 2.197226694808131490e-07
1.239739739739739889e+03 2.289960391244650103e-07
1.240240240240240382e+03 2.349434108469055150e-07
1.240740740740740648e+03 2.369896460243922125e-07
1.241241241241241369e+03 2.349267467417889993e-07
1.241741741741741862e+03 2.289645224230464488e-07
1.242242242242242128e+03 2.196793712364790394e-07
1.242742742742742621e+03 2.078832452975813337e-07
1.243243243243243342e+03 1.944644606407249848e-07
1.243743743743743835e+03 1.802514809852253780e-07
1.244244244244244328e+03 1.659278458652143991e-07
1.244744744744744821e+03 1.520001972277433742e-07
1.245245245245245314e+03 1.388053153912675295e-07
1.245745745745745580e+03 1.265381937377531536e-07
1.246246246246246301e+03 1.152867360392055557e-07
1.246746746746746794e+03 1.050643759948817052e-07
1.247247247247247287e+03 9.583675658245949448e-08
1.247747747747747781e+03 8.754167284553997756e-08
1.248248248248248274e+03 8.010300752299900925e-08
1.248748748748748767e+03 7.343991926645094097e-08
1.249249249249249260e+03 6.747255248276182341e-08
1.249749749749749753e+03 6.212533344706171221e-08
1.250250250250250247e+03 5.732866392023289115e-08
1.250750750750750740e+03 5.301959403709997418e-08
1.251251251251251233e+03 4.914187410144166875e-08
1.251751751751751954e+03 4.564565062146363790e-08
1.252252252252252219e+03 4.248697746163156443e-08
1.252752752752752713e+03 3.962724874917509956e-08
1.253253253253253206e+03 3.703261762146882628e-08
1.253753753753753699e+03 3.467343735215210075e-08
1.254254254254254192e+03 3.252374395938791187e-08
1.254754754754754686e+03 3.056078864548183142e-08
1.255255255255255406e+03 2.876462199911524937e-08
1.255755755755755899e+03 2.711772824134518139e-08
1.256256256256256165e+03 2.560470588087974714e-08
1.256756756756756886e+03 2.421199029162803941e-08
1.257257257257257379e+03 2.292761350496578966e-08
1.257757757757757645e+03 2.174099664763583412e-08
1.258258258258258138e+03 2.064277078354172766e-08
1.258758758758758859e+03 1.962462232997352716e-08
1.259259259259259352e+03 1.867915965432117843e-08
1.259759759759759845e+03 1.779979788114120914e-08
1.260260260260260338e+03 1.698065933305750282e-08
1.260760760760760832e+03 1.621648738405334839e-08
1.261261261261261325e+03 1.550257181795549614e-08
1.261761761761761591e+03 1.483468405928583645e-08
1.262262262262262311e+03 1.420902088108643267e-08
1.262762762762762804e+03 1.362215539839426481e-08
1.263263263263263298e+03 1.307099433066412782e-08
1.263763763763763791e+03 1.255274066539813339e-08
1.264264264264264284e+03 1.206486098203238759e-08
1.264764764764764777e+03 1.160505680292935949e-08
1.265265265265265271e+03 1.117123942992088775e-08
1.265765765765765764e+03 1.076150780265067971e-08
1.266266266266266257e+03 1.037412898109223000e-08
1.266766766766766750e+03 1.000752091083667532e-08
1.267267267267267243e+03 9.660237177575522023e-09
1.267767767767767964e+03 9.330953497960337426e-09
1.268268268268268230e+03 9.018455728757433378e-09
1.268768768768768723e+03 8.721629205889163195e-09
1.269269269269269216e+03 8.439449250313702062e-09
1.269769769769769709e+03 8.170972699412149616e-09
1.270270270270270203e+03 7.915330341175214031e-09
1.270770770770770923e+03 7.671720144468507690e-09
1.271271271271271416e+03 7.439401192414219573e-09
1.271771771771771682e+03 7.217688237772188928e-09
1.272272272272272176e+03 7.005946809427677294e-09
1.272772772772772896e+03 6.803588807929391097e-09
1.273273273273273162e+03 6.610068535665350887e-09
1.273773773773773655e+03 6.424879113897121468e-09
1.274274274274274376e+03 6.247549244629220682e-09
1.274774774774774869e+03 6.077640280295359438e-09
1.275275275275275362e+03 5.914743568605954343e-09
1.275775775775775628e+03 5.758478043706027750e-09
1.276276276276276349e+03 5.608488038114652613e-09
1.276776776776776842e+03 5.464441292828827372e-09
1.277277277277277108e+03 5.326027145520102695e-09
1.277777777777777828e+03 5.192954878992695604e-09
1.278278278278278322e+03 5.064952214035545055e-09
1.278778778778778815e+03 4.941763932532222403e-09
1.279279279279279308e+03 4.823150618217813839e-09
1.279779779779779801e+03 4.708887503817770939e-09
1.280280280280280294e+03 4.598763414493150831e-09
1.280780780780780788e+03 4.492579798570958791e-09
1.281281281281281281e+03 4.390149837468800746e-09
1.281781781781781774e+03 4.291297627553022160e-09
1.282282282282282267e+03 4.195857427404939568e-09
1.282782782782782760e+03 4.103672964621642242e-09
1.283283283283283481e+03 4.014596796863618548e-09
1.283783783783783747e+03 3.928489722378598322e-09
1.284284284284284240e+03 3.845220235696194077e-09
1.284784784784784961e+03 3.764664024601906246e-09
1.285285285285285227e+03 3.686703504869922434e-09
1.285785785785785720e+03 3.611227389566824439e-09
1.286286286286286213e+03 3.538130290036273433e-09
1.286786786786786934e+03 3.467312345941953676e-09
1.287287287287287427e+03 3.398678881986847370e-09
1.287787787787787693e+03 3.332140089143209445e-09
1.288288288288288413e+03 3.267610728422238383e-09
1.288788788788788906e+03 3.205009855388576524e-09
1.289289289289289172e+03 3.144260563782805374e-09
1.289789789789789666e+03 3.085289746758094435e-09
1.290290290290290386e+03 3.028027874367962958e-09
1.290790790790790879e+03 2.972408786057227752e-09
1.291291291291291145e+03 2.918369497016275954e-09
1.291791791791791866e+03 2.865850017353771124e-09
1.292292292292292359e+03 2.814793183131042872e-09
1.292792792792792625e+03 2.765144498380049503e-09
1.293293293293293345e+03 2.716851987299522226e-09
1.293793793793793839e+03 2.669866055889298886e-09
1.294294294294294332e+03 2.624139362342516393e-09
1.294794794794794825e+03 2.579626695569761153e-09
1.295295295295295318e+03 2.536284861279482963e-09
1.295795795795795812e+03 2.494072575083425968e-09
1.296296296296296305e+03 2.452950362138260481e-09
1.296796796796796798e+03 2.412880462871566210e-09
1.297297297297297291e+03 2.373826744375728175e-09
1.297797797797797784e+03 2.335754617084543437e-09
1.298298298298298278e+03 2.298630956376736423e-09
1.298798798798798998e+03 2.262424028776997430e-09
1.299299299299299264e+03 2.227103422449869326e-09
1.299799799799799757e+03 2.192639981704081711e-09
1.300300300300300250e+03 2.159005745245857869e-09
1.300800800800800744e+03 2.126173887938338835e-09
1.301301301301301237e+03 2.094118665842015219e-09
1.301801801801801730e+03 2.062815364327304102e-09
1.302302302302302451e+03 2.032240249064614735e-09
1.302802802802802944e+03 2.002370519711748054e-09
1.303303303303303210e+03 1.973184266130406288e-09
1.303803803803803930e+03 1.944660426975605826e-09
1.304304304304304424e+03 1.916778750512510031e-09
1.304804804804804689e+03 1.889519757524930511e-09
1.305305305305305183e+03 1.862864706189075943e-09
1.305805805805805903e+03 1.836795558795026746e-09
1.306306306306306396e+03 1.811294950205312622e-09
1.306806806806806890e+03 1.786346157948358397e-09
1.307307307307307383e+03 1.761933073850687218e-09
1.307807807807807876e+03 1.738040177118118362e-09
1.308308308308308369e+03 1.714652508782305231e-09
1.308808808808808635e+03 1.691755647433958165e-09
1.309309309309309356e+03 1.669335686169570165e-09
1.309809809809809849e+03 1.647379210682650806e-09
1.310310310310310342e+03 1.625873278435293182e-09
1.310810810810810835e+03 1.604805398849521992e-09
1.311311311311311329e+03 1.584163514461999952e-09
1.311811811811811822e+03 1.563935982988825816e-09
1.312312312312312315e+03 1.544111560250730311e-09
1.312812812812812808e+03 1.524679383911819918e-09
1.313313313313313301e+03 1.505628957987825278e-09
1.313813813813813795e+03 1.486950138082831626e-09
1.314314314314314288e+03 1.468633117315323662e-09
1.314814814814814781e+03 1.450668412897241729e-09
1.315315315315315274e+03 1.433046853331643995e-09
1.315815815815815768e+03 1.415759566196597929e-09
1.316316316316316261e+03 1.398797966484905523e-09
1.316816816816816754e+03 1.382153745470861462e-09
1.317317317317317247e+03 1.365818860077219205e-09
1.317817817817817968e+03 1.349785522716590635e-09
1.318318318318318461e+03 1.334046191583507565e-09
1.318818818818818727e+03 1.318593561374318227e-09
1.319319319319319220e+03 1.303420554413514185e-09
1.319819819819819941e+03 1.288520312166402101e-09
1.320320320320320207e+03 1.273886187118873903e-09
1.320820820820820700e+03 1.259511735006343133e-09
1.321321321321321420e+03 1.245390707374822009e-09
1.321821821821821914e+03 1.231517044457904985e-09
1.322322322322322407e+03 1.217884868354569759e-09
1.322822822822822673e+03 1.204488476493267567e-09
1.323323323323323393e+03 1.191322335368667510e-09
1.323823823823823886e+03 1.178381074538239813e-09
1.324324324324324152e+03 1.165659480866275903e-09
1.324824824824824873e+03 1.153152493003873329e-09
1.325325325325325366e+03 1.140855196093867702e-09
1.325825825825825859e+03 1.128762816690298879e-09
1.326326326326326353e+03 1.116870717882511096e-09
1.326826826826826846e+03 1.105174394614553744e-09
1.327327327327327339e+03 1.093669469190967653e-09
1.327827827827827832e+03 1.082351686960602978e-09
1.328328328328328325e+03 1.071216912170279187e-09
1.328828828828828819e+03 1.060261123980883463e-09
1.329329329329329312e+03 1.049480412638584916e-09
1.329829829829829805e+03 1.038870975794253088e-09
1.330330330330330526e+03 1.028429114964675067e-09
1.330830830830830791e+03 1.018151232129267891e-09
1.331331331331331285e+03 1.008033826456401872e-09
1.331831831831832005e+03 9.980734911537861397e-10
1.332332332332332271e+03 9.882669104374954411e-10
1.332832832832832764e+03 9.786108566145543764e-10
1.333333333333333258e+03 9.691021872743455092e-10
1.333833833833833978e+03 9.597378425840807292e-10
1.334334334334334471e+03 9.505148426840605815e-10
1.334834834834834737e+03 9.414302851784704755e-10
1.335335335335335458e+03 9.324813427177604699e-10
1.335835835835835951e+03 9.236652606688087726e-10
1.336336336336336217e+03 9.149793548692075450e-10
1.336836836836836937e+03 9.064210094622546506e-10
1.337337337337337431e+03 8.979876748093195671e-10
1.337837837837837924e+03 8.896768654764719211e-10
1.338338338338338190e+03 8.814861582923566380e-10
1.338838838838838910e+03 8.734131904743745667e-10
1.339339339339339404e+03 8.654556578205779500e-10
1.339839839839839669e+03 8.576113129645511496e-10
1.340340340340340390e+03 8.498779636907471066e-10
1.340840840840840883e+03 8.422534713080606264e-10
1.341341341341341376e+03 8.347357490791574619e-10
1.341841841841841870e+03 8.273227607034830765e-10
1.342342342342342363e+03 8.200125188518910955e-10
1.342842842842842856e+03 8.128030837507636285e-10
1.343343343343343349e+03 8.056925618138986869e-10
1.343843843843843842e+03 7.986791043201696408e-10
1.344344344344344336e+03 7.917609061352706106e-10
1.344844844844844829e+03 7.849362044759627087e-10
1.345345345345345322e+03 7.782032777150089857e-10
1.345845845845846043e+03 7.715604442255177081e-10
1.346346346346346309e+03 7.650060612629962831e-10
1.346846846846846802e+03 7.585385238838346318e-10
1.347347347347347295e+03 7.521562638988975189e-10
1.347847847847847788e+03 7.458577488607597662e-10
1.348348348348348281e+03 7.396414810835602990e-10
1.348848848848848775e+03 7.335059966941299271e-10
1.349349349349349495e+03 7.274498647133158714e-10
1.349849849849849988e+03 7.214716861663872719e-10
1.350350350350350254e+03 7.155700932215228577e-10
1.350850850850850975e+03 7.097437483552628432e-10
1.351351351351351468e+03 7.039913435441131740e-10
1.351851851851851734e+03 6.983115994812152059e-10
1.352352352352352227e+03 6.927032648173104028e-10
1.352852852852852948e+03 6.871651154250778494e-10
1.353353353353353441e+03 6.816959536860552431e-10
1.353853853853853934e+03 6.762946077993304512e-10
1.354354354354354427e+03 6.709599311112700301e-10
1.354854854854854921e+03 6.656908014655221472e-10
1.355355355355355414e+03 6.604861205726528418e-10
1.355855855855855680e+03 6.553448133986465535e-10
1.356356356356356400e+03 6.502658275717326301e-10
1.356856856856856894e+03 6.452481328068454651e-10
1.357357357357357387e+03 6.402907203471113210e-10
1.357857857857857880e+03 6.353926024218571546e-10
1.358358358358358373e+03 6.305528117205048259e-10
1.358858858858858866e+03 6.257704008818571729e-10
1.359359359359359360e+03 6.210444419982922601e-10
1.359859859859859853e+03 6.163740261342919429e-10
1.360360360360360346e+03 6.117582628589055296e-10
1.360860860860860839e+03 6.071962797916575075e-10
1.361361361361361332e+03 6.026872221614497589e-10
1.361861861861861826e+03 5.982302523780507774e-10
1.362362362362362319e+03 5.938245496157668770e-10
1.362862862862862812e+03 5.894693094088680514e-10
1.363363363363363305e+03 5.851637432584414358e-10
1.363863863863863799e+03 5.809070782502348988e-10
1.364364364364364292e+03 5.766985566832227545e-10
1.364864864864865012e+03 5.725374357084762853e-10
1.365365365365365506e+03 5.684229869780619671e-10
1.365865865865865771e+03 5.643544963036187431e-10
1.366366366366366265e+03 5.603312633243297934e-10
1.366866866866866985e+03 5.563526011839908102e-10
1.367367367367367251e+03 5.524178362168773039e-10
1.367867867867867744e+03 5.485263076421460341e-10
1.368368368368368465e+03 5.446773672665226197e-10
1.368868868868868958e+03 5.408703791949766111e-10
1.369369369369369451e+03 5.371047195491938778e-10
1.369869869869869717e+03 5.333797761935493524e-10
1.370370370370370438e+03 5.296949484683967040e-10
1.370870870870870931e+03 5.260496469304418832e-10
1.371371371371371197e+03 5.224432930999539352e-10
1.371871871871871917e+03 5.188753192146624306e-10
1.372372372372372411e+03 5.153451679900882940e-10
1.372872872872872904e+03 5.118522923861432129e-10
1.373373373373373397e+03 5.083961553798195790e-10
1.373873873873873890e+03 5.049762297437423467e-10
1.374374374374374383e+03 5.015919978304837572e-10
1.374874874874874877e+03 4.982429513623911162e-10
1.375375375375375370e+03 4.949285912268301248e-10
1.375875875875875863e+03 4.916484272766433760e-10
1.376376376376376356e+03 4.884019781356904292e-10
1.376876876876876850e+03 4.851887710093271869e-10
1.377377377377377570e+03 4.820083414996645140e-10
1.377877877877877836e+03 4.788602334254754054e-10
1.378378378378378329e+03 4.757439986466127693e-10
1.378878878878879050e+03 4.726591968928450794e-10
1.379379379379379316e+03 4.696053955969035130e-10
1.379879879879879809e+03 4.665821697317102805e-10
1.380380380380380302e+03 4.635891016516175407e-10
1.380880880880881023e+03 4.606257809375396994e-10
1.381381381381381516e+03 4.576918042459133831e-10
1.381881881881881782e+03 4.547867751613230123e-10
1.382382382382382502e+03 4.519103040527356731e-10
1.382882882882882996e+03 4.490620079332195061e-10
1.383383383383383261e+03 4.462415103230454178e-10
1.383883883883883982e+03 4.434484411160979809e-10
1.384384384384384475e+03 4.406824364495023601e-10
1.384884884884884968e+03 4.379431385763514082e-10
1.385385385385385234e+03 4.352301957414792164e-10
1.385885885885885955e+03 4.325432620601893538e-10
1.386386386386386448e+03 4.298819973998482534e-10
1.386886886886886714e+03 4.272460672642739523e-10
1.387387387387387435e+03 4.246351426808476515e-10
1.387887887887887928e+03 4.220489000902755621e-10
1.388388388388388421e+03 4.194870212389003815e-10
1.388888888888888914e+03 4.169491930735546430e-10
1.389389389389389407e+03 4.144351076388259699e-10
1.389889889889889901e+03 4.119444619767098301e-10
1.390390390390390394e+03 4.094769580285755546e-10
1.390890890890890887e+03 4.070323025393710669e-10
1.391391391391391380e+03 4.046102069640318952e-10
1.391891891891891873e+03 4.022103873760184156e-10
1.392392392392392367e+03 3.998325643779367644e-10
1.392892892892893087e+03 3.974764630141842740e-10
1.393393393393393353e+03 3.951418126855518120e-10
1.393893893893893846e+03 3.928283470657770770e-10
1.394394394394394340e+03 3.905358040199445241e-10
1.394894894894894833e+03 3.882639255247166153e-10
1.395395395395395326e+03 3.860124575903479561e-10
1.395895895895895819e+03 3.837811501844348552e-10
1.396396396396396540e+03 3.815697571573204878e-10
1.396896896896897033e+03 3.793780361692052387e-10
1.397397397397397299e+03 3.772057486187965327e-10
1.397897897897898019e+03 3.750526595735677380e-10
1.398398398398398513e+03 3.729185377015162309e-10
1.398898898898898778e+03 3.708031552044281699e-10
1.399399399399399272e+03 3.687062877525667964e-10
1.399899899899899992e+03 3.666277144207987880e-10
1.400400400400400486e+03 3.645672176260819456e-10
1.400900900900900979e+03 3.625245830663059399e-10
1.401401401401401472e+03 3.604995996604339551e-10
1.401901901901901965e+03 3.584920594899412487e-10
1.402402402402402458e+03 3.565017577414839350e-10
1.402902902902902724e+03 3.545284926507834143e-10
1.403403403403403445e+03 3.525720654477270680e-10
1.403903903903903938e+03 3.506322803025809940e-10
1.404404404404404431e+03 3.487089442733851972e-10
1.404904904904904924e+03 3.468018672544019879e-10
1.405405405405405418e+03 3.449108619256906379e-10
1.405905905905905911e+03 3.430357437036886123e-10
1.406406406406406404e+03 3.411763306928499377e-10
1.406906906906906897e+03 3.393324436382761879e-10
1.407407407407407391e+03 3.375039058793159937e-10
1.407907907907907884e+03 3.356905433041411438e-10
1.408408408408408604e+03 3.338921843052252425e-10
1.408908908908908870e+03 3.321086597357673697e-10
1.409409409409409363e+03 3.303398028669753885e-10
1.409909909909909857e+03 3.285854493462359384e-10
1.410410410410410350e+03 3.268454371561232937e-10
1.410910910910910843e+03 3.251196065742424842e-10
1.411411411411411336e+03 3.234078001338754026e-10
1.411911911911912057e+03 3.217098625854313441e-10
1.412412412412412550e+03 3.200256408586503846e-10
1.412912912912912816e+03 3.183549840255765014e-10
1.413413413413413309e+03 3.166977432642611982e-10
1.413913913913914030e+03 3.150537718231959795e-10
1.414414414414414296e+03 3.134229249864330396e-10
1.414914914914914789e+03 3.118050600394167057e-10
1.415415415415415509e+03 3.102000362354644257e-10
1.415915915915916003e+03 3.086077147629254227e-10
1.416416416416416496e+03 3.070279587129695065e-10
1.416916916916916989e+03 3.054606330480088855e-10
1.417417417417417482e+03 3.039056045707299714e-10
1.417917917917917976e+03 3.023627418937368336e-10
1.418418418418418241e+03 3.008319154097717662e-10
1.418918918918918962e+03 2.993129972625107980e-10
1.419419419419419455e+03 2.978058613179238041e-10
1.419919919919919948e+03 2.963103831361897080e-10
1.420420420420420442e+03 2.948264399441364781e-10
1.420920920920920935e+03 2.933539106082121740e-10
1.421421421421421428e+03 2.918926756079760823e-10
1.421921921921921921e+03 2.904426170100816120e-10
1.422422422422422414e+03 2.890036184427637694e-10
1.422922922922922908e+03 2.875755650707878899e-10
1.423423423423423401e+03 2.861583435708981938e-10
1.423923923923923894e+03 2.847518421076988019e-10
1.424424424424424615e+03 2.833559503100011785e-10
1.424924924924924881e+03 2.819705592476120471e-10
1.425425425425425374e+03 2.805955614085441513e-10
1.425925925925926094e+03 2.792308506766577691e-10
1.426426426426426360e+03 2.778763223097208852e-10
1.426926926926926853e+03 2.765318729178479008e-10
1.427427427427427347e+03 2.751974004423767492e-10
1.427927927927928067e+03 2.738728041350902230e-10
1.428428428428428560e+03 2.725579845378495456e-10
1.428928928928928826e+03 2.712528434625806856e-10
1.429429429429429547e+03 2.699572839716330042e-10
1.429929929929929813e+03 2.686712103584963311e-10
1.430430430430430306e+03 2.673945281288562540e-10
1.430930930930931027e+03 2.661271439820014243e-10
1.431431431431431520e+03 2.648689657925639076e-10
1.431931931931932013e+03 2.636199025925818752e-10
1.432432432432432506e+03 2.623798645538907383e-10
1.432932932932932999e+03 2.611487629708211144e-10
1.433433433433433493e+03 2.599265102432107094e-10
1.433933933933933758e+03 2.587130198597154828e-10
1.434434434434434479e+03 2.575082063814186507e-10
1.434934934934934972e+03 2.563119854257226356e-10
1.435435435435435465e+03 2.551242736505346659e-10
1.435935935935935959e+03 2.539449887387209497e-10
1.436436436436436679e+03 2.527740493828395063e-10
1.436936936936936945e+03 2.516113752701375907e-10
1.437437437437437438e+03 2.504568870678113875e-10
1.437937937937937932e+03 2.493105064085216127e-10
1.438438438438438425e+03 2.481721558761545299e-10
1.438938938938938918e+03 2.470417589918484920e-10
1.439439439439439411e+03 2.459192402002306895e-10
1.439939939939940132e+03 2.448045248559223194e-10
1.440440440440440625e+03 2.436975392102565973e-10
1.440940940940940891e+03 2.425982103982266237e-10
1.441441441441441384e+03 2.415064664256594307e-10
1.441941941941941877e+03 2.404222361566086127e-10
1.442442442442442371e+03 2.393454493009607308e-10
1.442942942942942864e+03 2.382760364022508906e-10
1.443443443443443584e+03 2.372139288256819616e-10
1.443943943943944078e+03 2.361590587463497648e-10
1.444444444444444343e+03 2.351113591376687475e-10
1.444944944944945064e+03 2.340707637599797425e-10
1.445445445445445330e+03 2.330372071493668473e-10
1.445945945945945823e+03 2.320106246066421188e-10
1.446446446446446316e+03 2.309909521865274466e-10
1.446946946946947037e+03 2.299781266870097211e-10
1.447447447447447530e+03 2.289720856388762746e-10
1.447947947947948023e+03 2.279727672954139494e-10
1.448448448448448517e+03 2.269801106222953159e-10
1.448948948948949010e+03 2.259940552876105515e-10
1.449449449449449276e+03 2.250145416520787403e-10
1.449949949949949769e+03 2.240415107594159494e-10
1.450450450450450489e+03 2.230749043268496645e-10
1.450950950950950983e+03 2.221146647358096994e-10
1.451451451451451476e+03 2.211607350227422773e-10
1.451951951951951969e+03 2.202130588701016728e-10
1.452452452452452462e+03 2.192715805974644561e-10
1.452952952952952955e+03 2.183362451527990415e-10
1.453453453453453449e+03 2.174069981038745117e-10
1.453953953953953942e+03 2.164837856298061862e-10
1.454454454454454435e+03 2.155665545127315988e-10
1.454954954954954928e+03 2.146552521296307156e-10
1.455455455455455649e+03 2.137498264442644397e-10
1.455955955955956142e+03 2.128502259992522368e-10
1.456456456456456408e+03 2.119563999082615861e-10
1.456956956956956901e+03 2.110682978483417218e-10
1.457457457457457394e+03 2.101858700523517251e-10
1.457957957957957888e+03 2.093090673015367337e-10
1.458458458458458381e+03 2.084378409181941062e-10
1.458958958958959101e+03 2.075721427584741855e-10
1.459459459459459595e+03 2.067119252052852343e-10
1.459959959959960088e+03 2.058571411613065505e-10
1.460460460460460354e+03 2.050077440421169750e-10
1.460960960960961074e+03 2.041636877694258911e-10
1.461461461461461340e+03 2.033249267644142920e-10
1.461961961961961833e+03 2.024914159411646916e-10
1.462462462462462554e+03 2.016631107002141822e-10
1.462962962962963047e+03 2.008399669221860228e-10
1.463463463463463540e+03 2.000219409615318626e-10
1.463963963963964034e+03 1.992089896403669708e-10
1.464464464464464527e+03 1.984010702423937675e-10
1.464964964964965020e+03 1.975981405069292184e-10
1.465465465465465286e+03 1.968001586230085613e-10
1.465965965965966006e+03 1.960070832235943446e-10
1.466466466466466500e+03 1.952188733798614880e-10
1.466966966966966993e+03 1.944354885955699465e-10
1.467467467467467486e+03 1.936568888015302006e-10
1.467967967967967979e+03 1.928830343501450789e-10
1.468468468468468473e+03 1.921138860100318432e-10
1.468968968968968738e+03 1.913494049607312832e-10
1.469469469469469459e+03 1.905895527874884650e-10
1.469969969969969952e+03 1.898342914761219883e-10
1.470470470470470445e+03 1.890835834079549720e-10
1.470970970970970939e+03 1.883373913548372107e-10
1.471471471471471659e+03 1.875956784742248196e-10
1.471971971971971925e+03 1.868584083043453125e-10
1.472472472472472418e+03 1.861255447594273804e-10
1.472972972972972912e+03 1.853970521250075976e-10
1.473473473473473405e+03 1.846728950532955227e-10
1.473973973973973898e+03 1.839530385586097287e-10
1.474474474474474391e+03 1.832374480128946655e-10
1.474974974974975112e+03 1.825260891412780539e-10
1.475475475475475605e+03 1.818189280177146935e-10
1.475975975975975871e+03 1.811159310606830044e-10
1.476476476476476591e+03 1.804170650289425208e-10
1.476976976976976857e+03 1.797222970173631434e-10
1.477477477477477350e+03 1.790315944527967839e-10
1.477977977977978071e+03 1.783449250900290658e-10
1.478478478478478564e+03 1.776622570077727458e-10
1.478978978978979058e+03 1.769835586047325055e-10
1.479479479479479551e+03 1.763087985957044844e-10
1.479979979979980044e+03 1.756379460077613490e-10
1.480480480480480537e+03 1.749709701764657185e-10
1.480980980980980803e+03 1.743078407421467402e-10
1.481481481481481524e+03 1.736485276462390659e-10
1.481981981981982017e+03 1.729930011276556390e-10
1.482482482482482510e+03 1.723412317192223653e-10
1.482982982982983003e+03 1.716931902441652573e-10
1.483483483483483724e+03 1.710488478126380601e-10
1.483983983983983990e+03 1.704081758183065375e-10
1.484484484484484483e+03 1.697711459349754885e-10
1.484984984984984976e+03 1.691377301132691679e-10
1.485485485485485469e+03 1.685079005773466553e-10
1.485985985985985963e+03 1.678816298216764199e-10
1.486486486486486456e+03 1.672588906078447212e-10
1.486986986986987176e+03 1.666396559614128138e-10
1.487487487487487670e+03 1.660238991688239127e-10
1.487987987987987935e+03 1.654115937743381268e-10
1.488488488488488656e+03 1.648027135770192730e-10
1.488988988988988922e+03 1.641972326277670809e-10
1.489489489489489415e+03 1.635951252263766696e-10
1.489989989989989908e+03 1.629963659186534448e-10
1.490490490490490629e+03 1.624009294935567409e-10
1.490990990990991122e+03 1.618087909803845118e-10
1.491491491491491388e+03 1.612199256459984499e-10
1.491991991991992109e+03 1.606343089920861738e-10
1.492492492492492374e+03 1.600519167524630682e-10
1.492992992992992868e+03 1.594727248904004129e-10
1.493493493493493361e+03 1.588967095960039187e-10
1.493993993993994081e+03 1.583238472836150354e-10
1.494494494494494575e+03 1.577541145892569805e-10
1.494994994994995068e+03 1.571874883681068493e-10
1.495495495495495561e+03 1.566239456920089288e-10
1.495995995995996054e+03 1.560634638470113024e-10
1.496496496496496320e+03 1.555060203309503015e-10
1.496996996996996813e+03 1.549515928510493809e-10
1.497497497497497534e+03 1.544001593215644462e-10
1.497997997997998027e+03 1.538516978614525999e-10
1.498498498498498520e+03 1.533061867920733552e-10
1.498998998998999014e+03 1.527636046349213853e-10
1.499499499499499507e+03 1.522239301093885089e-10
1.500000000000000000e+03 1.516871421305532050e-10
