2.285208889473223870e+00 9.057335199941818714e-08
3.020150441866622515e+00 9.055030221774767016e-08
3.755091994260021604e+00 9.052092103692663794e-08
4.490033546653419805e+00 9.048524812271865510e-08
5.224975099046818450e+00 9.044333146827027426e-08
5.959916651440216206e+00 9.039522723360657755e-08
6.694858203833616628e+00 9.034099955894084019e-08
7.429799756227015273e+00 9.028072035294674715e-08
8.164741308620412141e+00 9.021446905728406760e-08
8.899682861013811674e+00 9.014233238879794380e-08
9.634624413407209431e+00 9.006440406092784893e-08
1.036956596580060896e+01 8.998078448596366085e-08
1.110450751819400672e+01 8.989158045987301400e-08
1.183944907058740625e+01 8.979690483149407738e-08
1.257439062298080756e+01 8.969687615794332128e-08
1.330933217537420354e+01 8.959161834812644162e-08
1.404427372776760308e+01 8.948126029626312318e-08
1.477921528016100439e+01 8.936593550734440954e-08
1.551415683255439859e+01 8.924578171643280524e-08
1.624909838494779990e+01 8.912094050369360991e-08
1.698403993734119766e+01 8.899155690700964078e-08
1.771898148973459541e+01 8.885777903398265052e-08
1.845392304212800028e+01 8.871975767506438256e-08
1.918886459452139448e+01 8.857764591948853943e-08
1.992380614691479224e+01 8.843159877559420660e-08
2.065874769930819355e+01 8.828177279704211102e-08
2.139368925170158775e+01 8.812832571632861114e-08
2.212863080409498906e+01 8.797141608690004919e-08
2.286357235648839037e+01 8.781120293506384680e-08
2.359851390888178457e+01 8.764784542278204177e-08
2.433345546127518588e+01 8.748150252232075813e-08
2.506839701366858364e+01 8.731233270361630105e-08
2.580333856606198140e+01 8.714049363510457569e-08
2.653828011845538271e+01 8.696614189864862831e-08
2.727322167084878046e+01 8.678943271908887455e-08
2.800816322324217822e+01 8.661051970883290048e-08
2.874310477563557598e+01 8.642955462779800071e-08
2.947804632802897373e+01 8.624668715891962752e-08
3.021298788042237504e+01 8.606206469934432280e-08
3.094792943281577280e+01 8.587583216733571983e-08
3.168287098520917056e+01 8.568813182483820064e-08
3.241781253760257187e+01 8.549910311556495992e-08
3.315275408999596607e+01 8.530888251840458041e-08
3.388769564238936738e+01 8.511760341587522804e-08
3.462263719478276869e+01 8.492539597729556801e-08
3.535757874717617000e+01 8.473238705628882832e-08
3.609252029956955710e+01 8.453870010218913566e-08
3.682746185196296551e+01 8.434445508487922631e-08
3.756240340435635972e+01 8.414976843255291355e-08
3.829734495674976102e+01 8.395475298186767526e-08
3.903228650914316233e+01 8.375951793992824022e-08
3.976722806153655654e+01 8.356416885752458221e-08
4.050216961392995785e+01 8.336880761303335733e-08
4.123711116632335205e+01 8.317353240638414425e-08
4.197205271871675336e+01 8.297843776248594396e-08
4.270699427111014757e+01 8.278361454351004420e-08
4.344193582350354887e+01 8.258914996942731266e-08
4.417687737589694308e+01 8.239512764620465327e-08
4.491181892829035149e+01 8.220162760107455813e-08
4.564676048068374570e+01 8.200872632430279183e-08
4.638170203307714701e+01 8.181649681689400174e-08
4.711664358547054121e+01 8.162500864369034731e-08
4.785158513786393542e+01 8.143432799133601612e-08
4.858652669025733672e+01 8.124451773059985670e-08
4.932146824265073093e+01 8.105563748256778725e-08
5.005640979504413224e+01 8.086774368823831815e-08
5.079135134743753355e+01 8.068088968107605894e-08
5.152629289983092775e+01 8.049512576210006421e-08
5.226123445222433617e+01 8.031049927710647737e-08
5.299617600461773037e+01 8.012705469564774884e-08
5.373111755701111036e+01 7.994483369141276719e-08
5.446605910940451878e+01 7.976387522367496661e-08
5.520100066179792009e+01 7.958421561949731114e-08
5.593594221419132850e+01 7.940588865640488086e-08
5.667088376658471560e+01 7.922892564525664318e-08
5.740582531897811691e+01 7.905335551306883731e-08
5.814076687137151112e+01 7.887920488556215987e-08
5.887570842376491242e+01 7.870649816922405062e-08
5.961064997615832084e+01 7.853525763269607812e-08
6.034559152855170794e+01 7.836550348731396171e-08
6.108053308094510214e+01 7.819725396664453432e-08
6.181547463333851056e+01 7.803052540488036228e-08
6.255041618573191187e+01 7.786533231396758767e-08
6.328535773812530607e+01 7.770168745935728912e-08
6.402029929051870738e+01 7.753960193428395829e-08
6.475524084291210158e+01 7.737908523248784440e-08
6.549018239530551000e+01 7.722014531930936766e-08
6.622512394769890420e+01 7.706278870109560774e-08
6.696006550009229841e+01 7.690702049286864099e-08
6.769500705248570682e+01 7.675284448421579665e-08
6.842994860487910103e+01 7.660026320337033305e-08
6.916489015727249523e+01 7.644927797945976979e-08
6.989983170966590365e+01 7.629988900290623224e-08
7.063477326205929785e+01 7.615209538397061603e-08
7.136971481445267784e+01 7.600589520943841415e-08
7.210465636684610047e+01 7.586128559745091245e-08
7.283959791923949467e+01 7.571826275049093865e-08
7.357453947163288888e+01 7.557682200653650550e-08
7.430948102402629729e+01 7.543695788840078436e-08
7.504442257641969150e+01 7.529866415127977029e-08
7.577936412881308570e+01 7.516193382853297026e-08
7.651430568120647990e+01 7.502675927572510623e-08
7.724924723359987411e+01 7.489313221295955129e-08
7.798418878599328252e+01 7.476104376553626850e-08
7.871913033838667673e+01 7.463048450296933802e-08
7.945407189078008514e+01 7.450144447640015096e-08
8.018901344317347935e+01 7.437391325444433334e-08
8.092395499556687355e+01 7.424787995751115215e-08
8.165889654796028196e+01 7.412333329063510789e-08
8.239383810035367617e+01 7.400026157486008023e-08
8.312877965274707037e+01 7.387865277721688283e-08
8.386372120514046458e+01 7.375849453933517601e-08
8.459866275753387299e+01 7.363977420473104343e-08
8.533360430992726720e+01 7.352247884481126092e-08
8.606854586232064719e+01 7.340659528363524588e-08
8.680348741471406981e+01 7.329211012147539786e-08
8.753842896710746402e+01 7.317900975721603778e-08
8.827337051950087243e+01 7.306728040963069029e-08
8.900831207189426664e+01 7.295690813757712272e-08
8.974325362428766084e+01 7.284787885914837620e-08
9.047819517668105505e+01 7.274017836981794513e-08
9.121313672907446346e+01 7.263379235961604369e-08
9.194807828146787188e+01 7.252870642937318309e-08
9.268301983386126608e+01 7.242490610606670130e-08
9.341796138625466028e+01 7.232237685730445732e-08
9.415290293864805449e+01 7.222110410497966409e-08
9.488784449104147711e+01 7.212107323812931178e-08
9.562278604343485711e+01 7.202226962502797193e-08
9.635772759582825131e+01 7.192467862454779298e-08
9.709266914822164551e+01 7.182828559681449247e-08
9.782761070061505393e+01 7.173307591318813148e-08
9.856255225300846234e+01 7.163903496559641189e-08
9.929749380540184234e+01 7.154614817524757488e-08
1.000324353577952650e+02 7.145440100074856329e-08
1.007673769101886450e+02 7.136377894565343504e-08
1.015023184625820249e+02 7.127426756546589047e-08
1.022372600149754476e+02 7.118585247411900816e-08
1.029722015673688560e+02 7.109851934995401379e-08
1.037071431197622360e+02 7.101225394121927093e-08
1.044420846721556444e+02 7.092704207110969037e-08
1.051770262245490386e+02 7.084286964236544401e-08
1.059119677769424470e+02 7.075972264144884317e-08
1.066469093293358554e+02 7.067758714231605715e-08
1.073818508817292354e+02 7.059644930980094373e-08
1.081167924341226296e+02 7.051629540262593362e-08
1.088517339865160380e+02 7.043711177605524208e-08
1.095866755389094322e+02 7.035888488420390718e-08
1.103216170913028265e+02 7.028160128201606174e-08
1.110565586436962207e+02 7.020524762692427085e-08
1.117915001960896291e+02 7.012981068020154208e-08
1.125264417484830233e+02 7.005527730801645053e-08
1.132613833008764459e+02 6.998163448220086840e-08
1.139963248532698117e+02 6.990886928073958967e-08
1.147312664056632201e+02 6.983696888798918228e-08
1.154662079580566143e+02 6.976592059463395562e-08
1.162011495104500085e+02 6.969571179738470800e-08
1.169360910628434311e+02 6.962632999842613028e-08
1.176710326152368253e+02 6.955776280461724646e-08
1.184059741676302053e+02 6.948999792644854409e-08
1.191409157200235995e+02 6.942302317675873259e-08
1.198758572724169937e+02 6.935682646921282354e-08
1.206107988248104164e+02 6.929139581654234037e-08
1.213457403772037964e+02 6.922671932854784255e-08
1.220806819295972190e+02 6.916278520986216310e-08
1.228156234819905848e+02 6.909958175747254604e-08
1.235505650343840074e+02 6.903709735799792512e-08
1.242855065867774158e+02 6.897532048471706906e-08
1.250204481391708100e+02 6.891423969434158452e-08
1.257553896915642042e+02 6.885384362352659036e-08
1.264903312439575984e+02 6.879412098511055309e-08
1.272252727963510068e+02 6.873506056407409267e-08
1.279602143487444010e+02 6.867665121320596640e-08
1.286951559011378095e+02 6.861888184846286361e-08
1.294300974535312037e+02 6.856174144400727489e-08
1.301650390059245694e+02 6.850521902690630993e-08
1.308999805583179921e+02 6.844930367147166453e-08
1.316349221107114147e+02 6.839398449321839635e-08
1.323698636631047805e+02 6.833925064241811745e-08
1.331048052154981747e+02 6.828509129721878385e-08
1.338397467678915689e+02 6.823149565630016554e-08
1.345746883202849915e+02 6.817845293103108897e-08
1.353096298726783857e+02 6.812595233709020333e-08
1.360445714250718083e+02 6.807398308550791896e-08
1.367795129774651741e+02 6.802253437308310299e-08
1.375144545298585683e+02 6.797159537212228109e-08
1.382493960822519909e+02 6.792115521944385276e-08
1.389843376346453567e+02 6.787120300458395166e-08
1.397192791870387794e+02 6.782172775713290597e-08
1.404542207394321736e+02 6.777271843312438511e-08
1.411891622918255678e+02 6.772416390039043829e-08
1.419241038442189904e+02 6.767605292278655143e-08
1.426590453966123846e+02 6.762837414318006241e-08
1.433939869490057504e+02 6.758111606508393250e-08
1.441289285013991730e+02 6.753426703280517925e-08
1.448638700537925672e+02 6.748781520996238714e-08
1.455988116061859614e+02 6.744174855621132015e-08
1.463337531585793556e+02 6.739605480199975319e-08
1.470686947109727498e+02 6.735072142115278760e-08
1.478036362633661724e+02 6.730573560106818372e-08
1.485385778157595666e+02 6.726108421027691801e-08
