4.976863142065542263e-03
5.016578051476711618e-03
5.038034028436133918e-03
5.052946423355395011e-03
5.064418241337779840e-03
5.073735240034252247e-03
5.081778551238587231e-03
5.088595125825414768e-03
5.094765520776143794e-03
5.100289776993728076e-03
5.105336766222478943e-03
5.110001453363722732e-03
5.114349687577464387e-03
5.118454101236494594e-03
5.122293061769263300e-03
5.125901544862147136e-03
5.129295022455516474e-03
5.132489534210153172e-03
5.135617915964792168e-03
5.138581006993966742e-03
5.141384295726859378e-03
5.144090923740957458e-03
5.146726094292853812e-03
5.149222267084050363e-03
5.151586598865018872e-03
5.153943493277763493e-03
5.156192985481160632e-03
5.158373467996574604e-03
5.160524028737106111e-03
5.162601997499461672e-03
5.164627141455553627e-03
5.166575190931174157e-03
5.168498417882348185e-03
5.170379862671644310e-03
5.172221378004764059e-03
5.174014053768398805e-03
5.175773498914012366e-03
5.177462217228523227e-03
5.179125742502162753e-03
5.180713096986614905e-03
5.182295932741286942e-03
5.183880047055200967e-03
5.185398072787951798e-03
5.186900093586717733e-03
5.188364024764772695e-03
5.189797476331853635e-03
5.191205625598673511e-03
5.192605417681182486e-03
5.193967942639746496e-03
5.195327027831553486e-03
5.196668475352000591e-03
5.197964934885837378e-03
5.199216136483591350e-03
5.200463172842242042e-03
5.201725067084209640e-03
5.202934005577083271e-03
5.204158076585363446e-03
5.205351967473880077e-03
5.206530210798293763e-03
5.207694150182384449e-03
5.208821359132057190e-03
5.209931315256632542e-03
5.211052899112547307e-03
5.212145803578881881e-03
5.213240933806899055e-03
5.214308362555116101e-03
5.215377262116923859e-03
5.216437382521169237e-03
5.217473213593914506e-03
5.218487980303247384e-03
5.219519719408631346e-03
5.220534298201567371e-03
5.221511100437525345e-03
5.222502646364405102e-03
5.223484681292396223e-03
5.224424150578593946e-03
5.225397639482420691e-03
5.226341748383354219e-03
5.227289333637838258e-03
5.228227092326272717e-03
5.229149736096608790e-03
5.230060544848021652e-03
5.230965588588574328e-03
5.231862164440737387e-03
5.232761345846058225e-03
5.233644672360112868e-03
5.234512490245294206e-03
5.235373203012309851e-03
5.236237092380869804e-03
5.237088403973822262e-03
5.237904578669831494e-03
5.238723226332989494e-03
5.239550542945896512e-03
5.240383163781170417e-03
5.241198259725892566e-03
5.241996918846771741e-03
5.242804064943844787e-03
5.243600391589524866e-03
5.244390284978720125e-03
5.245164213111081809e-03
5.245938774123578077e-03
5.246723569863808931e-03
5.247471395589466646e-03
5.248227653028894255e-03
5.248998769478453556e-03
5.249757498591131784e-03
5.250515854895701842e-03
5.251256319916092902e-03
5.251986985489578118e-03
5.252714752858491168e-03
5.253429097799051407e-03
5.254154209335796556e-03
5.254882404382527246e-03
5.255594810504197328e-03
5.256311239257192673e-03
5.257025670858660529e-03
5.257742320914865139e-03
5.258438694051987584e-03
5.259130331878476838e-03
5.259816484413853271e-03
5.260497183904535960e-03
5.261184815420504035e-03
5.261854547507974558e-03
5.262526804872985978e-03
5.263194835058223643e-03
5.263855524709775205e-03
5.264501780792314040e-03
5.265162359774407629e-03
5.265811955458281519e-03
5.266452985202517249e-03
5.267098633722995527e-03
5.267734591093677955e-03
5.268376002773232994e-03
5.268998993111419053e-03
5.269628953049865748e-03
5.270257287757300173e-03
5.270890550974862386e-03
5.271509100109949587e-03
5.272134857880794549e-03
5.272754023251538871e-03
5.273371456924599507e-03
5.273984952434199007e-03
5.274592232042731206e-03
5.275198264848439227e-03
5.275804430855939725e-03
5.276416520900188353e-03
5.277016245057182704e-03
5.277604306132431013e-03
5.278207996041242578e-03
5.278797382057894873e-03
5.279374510500488976e-03
5.279957716517518114e-03
5.280535644998464624e-03
5.281116614790417121e-03
5.281696902062334338e-03
5.282269451688444487e-03
5.282840421427532213e-03
5.283409707944604176e-03
5.283980922282037820e-03
5.284545917493809961e-03
5.285104702831703964e-03
5.285673576271777106e-03
5.286235122298404282e-03
5.286797256040744360e-03
5.287351828322070686e-03
5.287900702322049368e-03
5.288456461731163259e-03
5.289006718072206473e-03
5.289563446116868003e-03
5.290108321195654238e-03
5.290659657101462292e-03
5.291196755046238820e-03
5.291731786081723191e-03
5.292254074176236042e-03
5.292780454343435671e-03
5.293310900435168123e-03
5.293837234219296757e-03
5.294364427247706152e-03
5.294897038163872902e-03
5.295419838666676898e-03
5.295937777103082965e-03
5.296462005326834505e-03
5.296971803930150893e-03
5.297484385057268930e-03
5.297990120961319771e-03
5.298507309132974470e-03
5.299012955829855015e-03
5.299532038349840692e-03
5.300045329106987946e-03
5.300546487986184177e-03
5.301045291015752184e-03
5.301555427402258880e-03
5.302050797185494692e-03
5.302543332939835263e-03
5.303047683222920916e-03
5.303537734764674980e-03
5.304034730859349608e-03
5.304527650355115968e-03
5.305019770601263583e-03
5.305515043151595375e-03
5.306005159772708875e-03
5.306495464952694883e-03
5.306975809841628020e-03
5.307462258449820343e-03
5.307948508698962994e-03
5.308429240520947702e-03
5.308910432886988426e-03
5.309390491350106205e-03
5.309867544392483582e-03
5.310350780303142552e-03
5.310823193741643494e-03
5.311299954038896723e-03
5.311777205031822414e-03
5.312249568107814054e-03
5.312711259238573659e-03
5.313183574480581130e-03
5.313649947355707052e-03
5.314111206969758874e-03
5.314575205413557026e-03
5.315032051518253989e-03
5.315493666691623910e-03
5.315952609527144559e-03
5.316406474324315151e-03
5.316859756387004414e-03
5.317315610425071143e-03
5.317768705153825583e-03
5.318221007951715387e-03
5.318666071507255518e-03
5.319110784819194165e-03
5.319551428280531319e-03
5.320007668006703633e-03
5.320463603408895868e-03
5.320905603482510397e-03
5.321346155929862140e-03
5.321785372957675044e-03
5.322233643241722906e-03
5.322681874261217354e-03
5.323122215063908098e-03
5.323558954989951637e-03
5.323993198744717686e-03
5.324432478862461439e-03
5.324870218608506942e-03
5.325305094161573299e-03
5.325738496064896625e-03
5.326163647364687108e-03
5.326596063667297411e-03
5.327029123244702256e-03
5.327458581216859557e-03
5.327893595850772580e-03
5.328326500966369499e-03
5.328759332385385461e-03
5.329191486750517112e-03
5.329621720540410855e-03
5.330059530171639935e-03
5.330482247925198702e-03
5.330904708875994387e-03
5.331320775719569811e-03
5.331742441711456032e-03
5.332165169479857053e-03
5.332590442466695127e-03
5.333013902315305969e-03
5.333437839291577109e-03
5.333858924363841895e-03
5.334279882949858123e-03
5.334697632587179043e-03
5.335105077843189936e-03
5.335522947888735046e-03
5.335936316506138463e-03
5.336348956453046410e-03
5.336763330971890096e-03
5.337176094495386242e-03
5.337590331761596189e-03
5.338003619810826814e-03
5.338414195395947345e-03
5.338813205244460729e-03
5.339224712585612966e-03
5.339636167752899280e-03
5.340042271363371583e-03
5.340450232042753126e-03
5.340844754861857890e-03
5.341249827161640568e-03
5.341650981910155485e-03
5.342052144654044731e-03
5.342459746992701992e-03
5.342866630398011504e-03
5.343270023704761035e-03
5.343673200877289801e-03
5.344069766013516409e-03
5.344476619370690067e-03
5.344880041742363676e-03
5.345279880103354433e-03
5.345681629235599953e-03
5.346072045703784831e-03
5.346466728495011950e-03
5.346860946434998235e-03
5.347255262653250255e-03
5.347656061018909654e-03
5.348048826178884198e-03
5.348440298913254703e-03
5.348837298643415936e-03
5.349223683661080177e-03
5.349616139130121233e-03
5.350004569476195584e-03
5.350397173950881269e-03
5.350788964697766534e-03
5.351181731356349607e-03
5.351569840171700038e-03
5.351958951062127032e-03
5.352344851586378870e-03
5.352730682772874685e-03
5.353115380088021256e-03
5.353499415969097119e-03
5.353885692644777539e-03
5.354266213052901596e-03
5.354646636058034599e-03
5.355036677602233522e-03
5.355426768663247572e-03
5.355803986732290620e-03
5.356189036163748127e-03
5.356574184402521262e-03
5.356958158728767315e-03
5.357333463794526802e-03
5.357715157737783646e-03
5.358097567872187675e-03
5.358472493874348076e-03
5.358845713619293967e-03
5.359222693931190579e-03
5.359598037325872567e-03
5.359985449663181960e-03
5.360363558195747370e-03
5.360740977934597140e-03
5.361115707310048703e-03
5.361491277520827846e-03
5.361870858545060049e-03
5.362245780774784962e-03
5.362618016078979713e-03
5.362996802873552446e-03
5.363368956948312560e-03
5.363738636257951546e-03
5.364115646483966215e-03
5.364490478681360579e-03
5.364870658411721727e-03
5.365240318988048068e-03
5.365604782410641864e-03
5.365976914381309117e-03
5.366338931243685474e-03
5.366705475659678572e-03
5.367085756050295024e-03
5.367454834380083056e-03
5.367824406513393466e-03
5.368195291737738219e-03
5.368558691268738269e-03
5.368924173405217014e-03
5.369288838464962230e-03
5.369661970654801726e-03
5.370024010239683385e-03
5.370389369270182726e-03
5.370760289087455827e-03
5.371126360687692759e-03
5.371493838851127203e-03
5.371863647976283032e-03
5.372232078145153765e-03
5.372593088359380736e-03
5.372950380455813156e-03
5.373315202238554064e-03
5.373679901547570234e-03
5.374035347285432279e-03
5.374397564881557704e-03
5.374760268543624098e-03
5.375129674723789185e-03
5.375493285545139034e-03
5.375853728257620756e-03
5.376220619876206051e-03
5.376582961452161351e-03
5.376939226653968014e-03
5.377298592359981352e-03
5.377653893672797690e-03
5.378013142893382954e-03
5.378373608169462368e-03
5.378733668574734762e-03
5.379091768514315461e-03
5.379454926999352807e-03
5.379812867144356629e-03
5.380166040396873808e-03
5.380525696411352782e-03
5.380882802405906502e-03
5.381242371110145709e-03
5.381601584794096574e-03
5.381955590057315407e-03
5.382318576639527445e-03
5.382672772375180111e-03
5.383030421370202205e-03
5.383384018643786774e-03
5.383743042496440256e-03
5.384101033800294672e-03
5.384457926590628489e-03
5.384813615867298578e-03
5.385163684908001944e-03
5.385515781556691334e-03
5.385875919231859939e-03
5.386234724189224374e-03
5.386586136426728053e-03
5.386938823431754175e-03
5.387291691012451034e-03
5.387636947100823449e-03
5.387985485669370689e-03
5.388334547536422284e-03
5.388692192910343563e-03
5.389046820638766777e-03
5.389402250529375625e-03
5.389743795833281011e-03
5.390096746781142603e-03
5.390450602081243124e-03
5.390799267414625104e-03
5.391149948981297652e-03
5.391499234277831627e-03
5.391856114837927788e-03
5.392206782764604085e-03
5.392547445846758089e-03
5.392900597094760738e-03
5.393245648338284605e-03
5.393599647374651071e-03
5.393943646667581464e-03
5.394295919925306410e-03
5.394651181744801807e-03
5.394997033125801048e-03
5.395347247849242855e-03
5.395693054165188844e-03
5.396042393631340396e-03
5.396381829959910267e-03
5.396732196371445585e-03
5.397081558765152824e-03
5.397427728582470177e-03
5.397775475724846291e-03
5.398118971027007426e-03
5.398465576555624285e-03
5.398810057817147318e-03
5.399154305441557222e-03
5.399504425483512421e-03
5.399849159164577320e-03
5.400195162091118301e-03
5.400545585004688440e-03
5.400891814952705691e-03
5.401238543865625324e-03
5.401587849264375199e-03
5.401933008486247551e-03
5.402275903559304419e-03
5.402621325811152175e-03
5.402969167905209355e-03
5.403315671594359666e-03
5.403661179054399487e-03
5.404008885486347516e-03
5.404355788250679582e-03
5.404700675644497077e-03
5.405047251305622642e-03
5.405393060928026169e-03
5.405736368187734169e-03
5.406083331030701877e-03
5.406427511441710271e-03
5.406774404672930190e-03
5.407124844934427244e-03
5.407471978144126959e-03
5.407813009137497212e-03
5.408149162078021259e-03
5.408491052291087772e-03
5.408836200584511006e-03
5.409178158819753952e-03
5.409523655678273243e-03
5.409861471071951596e-03
5.410203871016666492e-03
5.410547773669692473e-03
5.410887520744368274e-03
5.411229992868132367e-03
5.411577308831693606e-03
5.411921415459809877e-03
5.412270243335324388e-03
5.412610093496834397e-03
5.412955223543342367e-03
5.413299124745068330e-03
5.413645037597983670e-03
5.413982563087562164e-03
5.414322027109221176e-03
5.414668150077018606e-03
5.415015036357225843e-03
5.415363403040209141e-03
5.415705457281990744e-03
5.416043345920883677e-03
5.416384590865268821e-03
5.416729705095994947e-03
5.417074563577928270e-03
5.417417073822572079e-03
5.417762116465872115e-03
5.418104141440813898e-03
5.418449702189333250e-03
5.418790425476747302e-03
5.419129925303143962e-03
5.419471902622929882e-03
5.419811821885057480e-03
5.420143520269643869e-03
5.420485876483286183e-03
5.420825312454435364e-03
5.421172657405055884e-03
5.421521969619422406e-03
5.421861240522444017e-03
5.422206148509738956e-03
5.422548429778267787e-03
5.422886858212353639e-03
5.423230780774846924e-03
5.423574101828792376e-03
5.423919897112228390e-03
5.424257930754637462e-03
5.424605611259020709e-03
5.424947597604230266e-03
5.425290117894940485e-03
5.425631853740555018e-03
5.425980315181804653e-03
5.426331996200661409e-03
5.426671712036331037e-03
5.427017914524788489e-03
5.427363830705066519e-03
5.427704546680438974e-03
5.428049120232062916e-03
5.428395820153068645e-03
5.428736630402285039e-03
5.429080063901991528e-03
5.429425201735278532e-03
5.429760898634517982e-03
5.430103654036824191e-03
5.430451186624681188e-03
5.430790591340161309e-03
5.431130718234352360e-03
5.431477599046666965e-03
5.431822259757368605e-03
5.432161837990777051e-03
5.432520124188420542e-03
5.432861070679013624e-03
5.433208970537914059e-03
5.433552614600057826e-03
5.433890327824573291e-03
5.434230159406984104e-03
5.434570384281431008e-03
5.434918903125844462e-03
5.435266353519258367e-03
5.435611107562144870e-03
5.435955878885186110e-03
5.436302671732388958e-03
5.436648672972999030e-03
5.436996590121677582e-03
5.437339932890953957e-03
5.437685058220498996e-03
5.438034880890100890e-03
5.438388862826326609e-03
5.438734332253673115e-03
5.439085591873692171e-03
5.439436217242272532e-03
5.439785991122137419e-03
5.440130581104513953e-03
5.440475666093054150e-03
5.440829187059745622e-03
5.441175807282197172e-03
5.441520065193281366e-03
5.441870592633933808e-03
5.442216454063968437e-03
5.442567892756823913e-03
5.442914869021902267e-03
5.443263136151100211e-03
5.443606162463523676e-03
5.443952973376532320e-03
5.444299883871775783e-03
5.444643989968668552e-03
5.444992849747141636e-03
5.445339841599833655e-03
5.445688448430527698e-03
5.446032569441142633e-03
5.446384122657215408e-03
5.446744632379363175e-03
5.447093948562465628e-03
5.447444819136977069e-03
5.447791292219284799e-03
5.448139082278493327e-03
5.448483775698748782e-03
5.448832545186105270e-03
5.449178679446736555e-03
5.449529501254457911e-03
5.449880927025778886e-03
5.450225820200332513e-03
5.450579218801688240e-03
5.450931465899209842e-03
5.451284665195608482e-03
5.451637691592423583e-03
5.451990628987305257e-03
5.452336016032554092e-03
5.452688712977411291e-03
5.453043665732311591e-03
5.453392568761893100e-03
5.453745350266527882e-03
5.454103654246200694e-03
5.454455876886817045e-03
5.454812330999628603e-03
5.455164775757732551e-03
5.455511941553098203e-03
5.455863470518231180e-03
5.456223822652377271e-03
5.456570142765544175e-03
5.456924321853598610e-03
5.457273814225178932e-03
5.457631858378852487e-03
5.457989126866424380e-03
5.458343849266246786e-03
5.458698439080611822e-03
5.459048584668274931e-03
5.459406874810073321e-03
5.459758943214064464e-03
5.460119306055173649e-03
5.460478450158130770e-03
5.460836996381034265e-03
5.461190650576153161e-03
5.461555551911461727e-03
5.461911456164118481e-03
5.462259717827539288e-03
5.462620377324856752e-03
5.462980083597072933e-03
5.463346489281630837e-03
5.463713784800384651e-03
5.464075305807953274e-03
5.464432132361946894e-03
5.464797898036329732e-03
5.465161421222506158e-03
5.465531934390589243e-03
5.465896609175257582e-03
5.466252533706467479e-03
5.466610386464507317e-03
5.466969032307538064e-03
5.467326107006769548e-03
5.467691305366246396e-03
5.468053750992470964e-03
5.468412515870491909e-03
5.468770318491708235e-03
5.469137368765778981e-03
5.469507745270933696e-03
5.469866795477446378e-03
5.470234112518483280e-03
5.470598567601600397e-03
5.470969653058852661e-03
5.471340089150377936e-03
5.471716048998593110e-03
5.472082132777945397e-03
5.472444410908662918e-03
5.472809671012395308e-03
5.473174550703455848e-03
5.473542014906776845e-03
5.473911121208866436e-03
5.474276394531872592e-03
5.474647483022407682e-03
5.475016537081580682e-03
5.475387431942173831e-03
5.475756555660681556e-03
5.476126115269477554e-03
5.476497517958855803e-03
5.476864741256225362e-03
5.477229012735091752e-03
5.477603947212010375e-03
5.477974564505450235e-03
5.478343944749806266e-03
5.478720852274141309e-03
5.479093935855420053e-03
5.479468352114070032e-03
5.479843297464641327e-03
5.480211215349584108e-03
5.480593475385766092e-03
5.480970403980150486e-03
5.481351938023700139e-03
5.481728835863632597e-03
5.482118999321313434e-03
5.482501241473846862e-03
5.482879906999726591e-03
5.483266416062294521e-03
5.483642423243392967e-03
5.484028608897756167e-03
5.484406529558233032e-03
5.484782846142874195e-03
5.485171819081385673e-03
5.485555027622759580e-03
5.485934946414194012e-03
5.486315373876740620e-03
5.486706397909791970e-03
5.487091288849997237e-03
5.487466801997446623e-03
5.487859528061969465e-03
5.488244154475446952e-03
5.488632935411120323e-03
5.489025355367270140e-03
5.489406915598626056e-03
5.489790005647578360e-03
5.490179320559905422e-03
5.490566498725530167e-03
5.490960732671558431e-03
5.491358817357054438e-03
5.491756487486259240e-03
5.492145380545630090e-03
5.492540332660971435e-03
5.492931637654122588e-03
5.493327130783536884e-03
5.493725750765084299e-03
5.494116300325163453e-03
5.494505600578386724e-03
5.494898765863872117e-03
5.495295564204311610e-03
5.495692575791166420e-03
5.496093805456382653e-03
5.496492331893790620e-03
5.496881721862223978e-03
5.497287530224308043e-03
5.497688820412779953e-03
5.498084611781554540e-03
5.498483763673540393e-03
5.498890387268640101e-03
5.499303211720172301e-03
5.499709134572440192e-03
5.500113116466043457e-03
5.500518671431239848e-03
5.500933382229086441e-03
5.501334798205020395e-03
5.501749473939380151e-03
5.502165796568292064e-03
5.502581336009736840e-03
5.502994740948714478e-03
5.503396043613982894e-03
5.503809261968888554e-03
5.504225273383937626e-03
5.504642753041689464e-03
5.505058646353717250e-03
5.505469441186875042e-03
5.505888583403388548e-03
5.506307882834910426e-03
5.506729462238673690e-03
5.507146710862663962e-03
5.507559220995016103e-03
5.507977685072015447e-03
5.508397789611374495e-03
5.508814769297864893e-03
5.509244062472547915e-03
5.509671613522911134e-03
5.510090926435934518e-03
5.510519887058151940e-03
5.510942720555254797e-03
5.511364528282921248e-03
5.511784621494880340e-03
5.512212228951860783e-03
5.512638061919030059e-03
5.513073699332098586e-03
5.513501639726549157e-03
5.513928715625362326e-03
5.514360415324598766e-03
5.514795712695110680e-03
5.515228780574772845e-03
5.515668715872973360e-03
5.516107000407459784e-03
5.516544190553065476e-03
5.516985404616033678e-03
5.517417361186597279e-03
5.517861963368731783e-03
5.518303143622047859e-03
5.518742279438966850e-03
5.519180820743118700e-03
5.519632081404125638e-03
5.520070267039433286e-03
5.520523975295872111e-03
5.520976300764993995e-03
5.521430463092905083e-03
5.521876319709418009e-03
5.522322716131457601e-03
5.522770237840187411e-03
5.523219636065017715e-03
5.523668242312386109e-03
5.524120032579351962e-03
5.524577576843978099e-03
5.525030778729572364e-03
5.525494564678945682e-03
5.525946035693582968e-03
5.526405173391334136e-03
5.526866403717140518e-03
5.527332373536471971e-03
5.527797470655882416e-03
5.528262135212640496e-03
5.528729504464011818e-03
5.529192463386976841e-03
5.529671414801518546e-03
5.530142324213616935e-03
5.530618353153720843e-03
5.531082057387720109e-03
5.531564805042365335e-03
5.532043080023325149e-03
5.532520670289069013e-03
5.533006185387669661e-03
5.533484733687457115e-03
5.533961568766851760e-03
5.534439675611163741e-03
5.534926688323675743e-03
5.535416861431725032e-03
5.535904681883702626e-03
5.536396544885652943e-03
5.536892199668275692e-03
5.537376503376070964e-03
5.537868908608404271e-03
5.538363964548828101e-03
5.538861089879713005e-03
5.539358747612395904e-03
5.539855580609835163e-03
5.540366709262916321e-03
5.540869016752650832e-03
5.541372344378513691e-03
5.541882841715931908e-03
5.542394460093809372e-03
5.542911361445786687e-03
5.543414851231498464e-03
5.543931521890531865e-03
5.544451063045272715e-03
5.544969060324828752e-03
5.545484983470919116e-03
5.546010281671789714e-03
5.546532691794164339e-03
5.547039277434525142e-03
5.547560639704495963e-03
5.548091921102021699e-03
5.548622619628802710e-03
5.549156486779218030e-03
5.549698199902355564e-03
5.550233946561674431e-03
5.550776299898906377e-03
5.551320575871053313e-03
5.551861069054447873e-03
5.552395300870365848e-03
5.552937767443290318e-03
5.553490266935774168e-03
5.554043602776190768e-03
5.554591585339370939e-03
5.555145185840399541e-03
5.555696311352139108e-03
5.556243384608586071e-03
5.556794775517539392e-03
5.557363631818242750e-03
5.557925306748889328e-03
5.558493849698682363e-03
5.559076600623798561e-03
5.559632568607657602e-03
5.560204342752708175e-03
5.560781143510216615e-03
5.561367234141624712e-03
5.561947497074999462e-03
5.562535659815521193e-03
5.563130041234792822e-03
5.563719589492861599e-03
5.564301239192969914e-03
5.564889783750807256e-03
5.565475419891696349e-03
5.566082818655806314e-03
5.566695261192123462e-03
5.567298510195495265e-03
5.567907560814549725e-03
5.568527854379748572e-03
5.569146377847329459e-03
5.569770270196916853e-03
5.570394145728024479e-03
5.571011579760631709e-03
5.571649891841011330e-03
5.572275510903223171e-03
5.572917840276456203e-03
5.573555027918007318e-03
5.574194853994248779e-03
5.574843767258176597e-03
5.575493710885497112e-03
5.576150144081702502e-03
5.576806857362383470e-03
5.577471087319901821e-03
5.578136253547287364e-03
5.578803599416077771e-03
5.579479820889660102e-03
5.580157002375743351e-03
5.580832279546189996e-03
5.581531523569809722e-03
5.582209799265686057e-03
5.582894882076011762e-03
5.583604374343562916e-03
5.584290982232664562e-03
5.584993765287444428e-03
5.585705477642499174e-03
5.586406156577543823e-03
5.587134656160593418e-03
5.587847225103493090e-03
5.588566582632811461e-03
5.589297233814040193e-03
5.590046815199592282e-03
5.590793131082949334e-03
5.591523856303660944e-03
5.592283210569147164e-03
5.593048761637754371e-03
5.593788581739479217e-03
5.594550376426024249e-03
5.595315881674880684e-03
5.596089210915811130e-03
5.596879982488068249e-03
5.597689096761137607e-03
5.598506627326973843e-03
5.599314460150463073e-03
5.600127344573565744e-03
5.600933798406570671e-03
5.601763635989340240e-03
5.602617319718593454e-03
5.603438100125043321e-03
5.604272923034035910e-03
5.605131893043984424e-03
5.606011661038770751e-03
5.606893501046292944e-03
5.607754273522214811e-03
5.608632481742202233e-03
5.609516295038659457e-03
5.610416848426631048e-03
5.611307247492461694e-03
5.612239738782233076e-03
5.613157502113675854e-03
5.614071578408539806e-03
5.614996784959459114e-03
5.615945342652733235e-03
5.616911868915623086e-03
5.617877750736820219e-03
5.618859980351698612e-03
5.619840252154308796e-03
5.620834927426561663e-03
5.621845739298455234e-03
5.622850356372823162e-03
5.623880765211872537e-03
5.624928864380896246e-03
5.625973276812182809e-03
5.627028929229995965e-03
5.628098364546793575e-03
5.629178244930571791e-03
5.630270732765854658e-03
5.631394903203842950e-03
5.632519385055012942e-03
5.633665029969940098e-03
5.634841592134814947e-03
5.636017069055957243e-03
5.637201054544325324e-03
5.638419832573291976e-03
5.639626790137185729e-03
5.640873155567023914e-03
5.642146313245256783e-03
5.643423419569713884e-03
5.644734690257006277e-03
5.646075627458888198e-03
5.647424220609873098e-03
5.648796045462411812e-03
5.650188686786252433e-03
5.651577260134131760e-03
5.653023096695243901e-03
5.654504665367969356e-03
5.655983624387722793e-03
5.657510394117063780e-03
5.659063316228883991e-03
5.660633306844963485e-03
5.662271452939805425e-03
5.663918703759629990e-03
5.665646525533211443e-03
5.667410284754490282e-03
5.669156524042005818e-03
5.670982877862125633e-03
5.672820296067671540e-03
5.674732970182796987e-03
5.676670252470253884e-03
5.678709183039641270e-03
5.680803192280115335e-03
5.682928725684426030e-03
5.685093471232758981e-03
5.687365805941631790e-03
5.689672509869162301e-03
5.692074316901796563e-03
5.694608870941197075e-03
5.697246149751381862e-03
5.699920349054266207e-03
5.702684410062320436e-03
5.705603806705346684e-03
5.708656989648087758e-03
5.711868145170966547e-03
5.715361570110658734e-03
5.718978893689641817e-03
5.722798761288477865e-03
5.726915639990491982e-03
5.731275177954063028e-03
5.735976817358418196e-03
5.741012848805931990e-03
5.746693824678187484e-03
5.752886767945168851e-03
5.759858620028803985e-03
5.767877000946665736e-03
5.777392327475026380e-03
5.788760724972049840e-03
5.803454790664056354e-03
5.825117299896143824e-03
5.864400691175595572e-03
