5.000000000000000000e+02 2.410945842843247768e-11
5.012999877929687500e+02 2.422804590700810639e-11
5.025999755859375000e+02 2.434726039701987871e-11
5.038999938964843750e+02 2.446711766132513243e-11
5.051999816894531250e+02 2.458761945135245957e-11
5.064999694824218750e+02 2.470876751853044890e-11
5.078000183105468750e+02 2.483057587428784944e-11
5.091000061035156250e+02 2.495304101576747070e-11
5.103999938964843750e+02 2.507616994868368073e-11
5.117000122070312500e+02 2.519996617589367002e-11
5.130000000000000000e+02 2.532444195739757941e-11
5.142999877929687500e+02 2.544959554176682335e-11
5.155999755859375000e+02 2.557544269185873318e-11
5.168999633789062500e+02 2.570197640195893438e-11
5.181999511718750000e+02 2.582921768921055049e-11
5.195000000000000000e+02 2.595715429361341480e-11
5.207999877929687500e+02 2.608580723231065407e-11
5.221000366210937500e+02 2.621518000815944586e-11
5.234000244140625000e+02 2.634526561544542212e-11
5.247000122070312500e+02 2.647608331988309820e-11
5.260000000000000000e+02 2.660763487290107259e-11
5.272999877929687500e+02 2.673992903164230211e-11
5.285999755859375000e+02 2.687296404467819797e-11
5.298999633789062500e+02 2.700675567486609151e-11
5.311999511718750000e+02 2.714130742506316998e-11
5.324999389648437500e+02 2.727662805241239345e-11
5.337999877929687500e+02 2.741271930834236038e-11
5.351000366210937500e+02 2.754958994999602436e-11
5.364000244140625000e+02 2.768724523165917113e-11
5.377000122070312500e+02 2.782569040761757672e-11
5.390000000000000000e+02 2.796493773787138198e-11
5.402999877929687500e+02 2.810499072527778708e-11
5.415999755859375000e+02 2.824585287269396312e-11
5.428999633789062500e+02 2.838753644012006388e-11
5.441999511718750000e+02 2.853004668184186862e-11
5.455000000000000000e+02 2.867340111214530069e-11
5.467999877929687500e+02 2.881758221674443027e-11
5.481000366210937500e+02 2.896261451563956492e-11
5.494000244140625000e+02 2.910850501454506621e-11
5.507000122070312500e+02 2.925526071917530543e-11
5.520000000000000000e+02 2.940288513238747306e-11
5.532999877929687500e+02 2.955138525989593067e-11
5.545999755859375000e+02 2.970077161027223681e-11
5.558999633789062500e+02 2.985104768637358195e-11
5.571999511718750000e+02 3.000223450534307669e-11
5.585000000000000000e+02 3.015433206718070812e-11
5.597999877929687500e+02 3.030733686902931158e-11
5.610999755859375000e+02 3.046126992803198477e-11
5.624000244140625000e+02 3.061614175276027973e-11
5.637000122070312500e+02 3.077194884035701892e-11
5.650000000000000000e+02 3.092871571082250342e-11
5.662999877929687500e+02 3.108642835272797775e-11
5.675999755859375000e+02 3.124511128607374945e-11
5.688999633789062500e+02 3.140476801371700901e-11
5.701999511718750000e+02 3.156541604994366362e-11
5.715000000000000000e+02 3.172706240046809425e-11
5.727999877929687500e+02 3.188970356243312333e-11
5.740999755859375000e+02 3.205335705012466452e-11
5.754000244140625000e+02 3.221803337211427635e-11
5.767000122070312500e+02 3.238373252840196528e-11
5.780000000000000000e+02 3.255047553613083545e-11
5.792999877929687500e+02 3.271826239530088039e-11
5.805999755859375000e+02 3.288710011162648753e-11
5.818999633789062500e+02 3.305702371367950357e-11
5.831999511718750000e+02 3.322801919003117303e-11
5.845000000000000000e+02 3.340009704925306736e-11
5.857999877929687500e+02 3.357327130277392264e-11
5.870999755859375000e+02 3.374755596202248791e-11
5.884000244140625000e+02 3.392295102699874377e-11
5.897000122070312500e+02 3.409948101770300422e-11
5.910000000000000000e+02 3.427714593413525634e-11
5.922999877929687500e+02 3.445595628486707160e-11
5.935999755859375000e+02 3.463592608132716668e-11
5.948999633789062500e+02 3.481706933494430354e-11
5.962000122070312500e+02 3.499940005714722471e-11
5.975000000000000000e+02 3.518291474507872680e-11
5.987999877929687500e+02 3.536763441588192687e-11
6.000999755859375000e+02 3.555356607527120588e-11
6.014000244140625000e+02 3.574072373467529992e-11
6.027000122070312500e+02 3.592911439980857058e-11
6.040000000000000000e+02 3.611875208209976687e-11
6.052999877929687500e+02 3.630966480440636744e-11
6.065999755859375000e+02 3.650183855529962973e-11
6.078999633789062500e+02 3.669530135763704530e-11
6.092000122070312500e+02 3.689006722284733734e-11
6.105000000000000000e+02 3.708613264807334119e-11
6.117999877929687500e+02 3.728352215331533856e-11
6.130999755859375000e+02 3.748224624714488798e-11
6.144000244140625000e+02 3.768231543813354151e-11
6.157000122070312500e+02 3.788375074342441621e-11
6.170000000000000000e+02 3.808655216301751209e-11
6.182999877929687500e+02 3.829074771977031425e-11
6.195999755859375000e+02 3.849633741368280976e-11
6.208999633789062500e+02 3.870334226189811569e-11
6.222000122070312500e+02 3.891179028727372360e-11
6.235000000000000000e+02 3.912166047266651643e-11
6.247999877929687500e+02 3.933299485236270245e-11
6.260999755859375000e+02 3.954580043207666910e-11
6.273999633789062500e+02 3.976008421752278443e-11
6.287000122070312500e+02 3.997586722584415255e-11
6.300000000000000000e+02 4.019316697132670653e-11
6.312999877929687500e+02 4.041199746539917597e-11
6.325999755859375000e+02 4.063237271949031637e-11
6.338999633789062500e+02 4.085429973931448283e-11
6.352000122070312500e+02 4.107781705630072546e-11
6.365000000000000000e+02 4.130291766473466976e-11
6.377999877929687500e+02 4.152962608461661033e-11
6.390999755859375000e+02 4.175795632737528327e-11
6.403999633789062500e+02 4.198791890158226004e-11
6.417000122070312500e+02 4.221954883580937440e-11
6.430000000000000000e+02 4.245284262719945526e-11
6.442999877929687500e+02 4.268783180146715880e-11
6.455999755859375000e+02 4.292453037004122760e-11
6.469000244140625000e+02 4.316295935006477224e-11
6.482000122070312500e+02 4.340311173582342468e-11
6.495000000000000000e+02 4.364504007017497111e-11
6.507999877929687500e+02 4.388873384454783361e-11
6.520999755859375000e+02 4.413423509322825922e-11
6.533999633789062500e+02 4.438154381621623503e-11
6.547000122070312500e+02 4.463069504208361418e-11
6.560000000000000000e+02 4.488168877083040314e-11
6.572999877929687500e+02 4.513456703674280371e-11
6.585999755859375000e+02 4.538932633696365771e-11
6.599000244140625000e+02 4.564600520292198295e-11
6.612000122070312500e+02 4.590461414318934440e-11
6.625000000000000000e+02 4.616518118062322718e-11
6.637999877929687500e+02 4.642770981808079592e-11
6.650999755859375000e+02 4.669223158127673914e-11
6.663999633789062500e+02 4.695877799592571949e-11
6.677000122070312500e+02 4.722734906202772406e-11
6.690000000000000000e+02 4.749799381958336147e-11
6.702999877929687500e+02 4.777069825716388272e-11
6.715999755859375000e+02 4.804551141476987703e-11
6.729000244140625000e+02 4.832247182383038805e-11
6.742000122070312500e+02 4.860156197005948919e-11
6.755000000000000000e+02 4.888282388774339520e-11
6.767999877929687500e+02 4.916627859402522960e-11
6.780999755859375000e+02 4.945196111747683907e-11
6.793999633789062500e+02 4.973987496095540118e-11
6.806999511718750000e+02 5.003005165017559797e-11
6.820000000000000000e+02 5.032254372799518333e-11
6.832999877929687500e+02 5.061733718298544054e-11
6.845999755859375000e+02 5.091447755228976191e-11
6.859000244140625000e+02 5.121398935590845498e-11
6.872000122070312500e+02 5.151589361098462388e-11
6.885000000000000000e+02 5.182022534609012177e-11
6.897999877929687500e+02 5.212700207551087522e-11
6.910999755859375000e+02 5.243624481638998837e-11
6.923999633789062500e+02 5.274801311729962191e-11
6.936999511718750000e+02 5.306229997252539486e-11
6.950000000000000000e+02 5.337915091921072539e-11
6.962999877929687500e+02 5.369858697449870469e-11
6.976000366210937500e+02 5.402065717838994785e-11
6.989000244140625000e+02 5.434535802802725794e-11
7.002000122070312500e+02 5.467275257483996674e-11
7.015000000000000000e+02 5.500285132739963924e-11
7.027999877929687500e+02 5.533569281713530616e-11
7.040999755859375000e+02 5.567130156404725565e-11
7.053999633789062500e+02 5.600971609956454427e-11
7.066999511718750000e+02 5.635097495511619628e-11
7.080000000000000000e+02 5.669509564498813179e-11
7.092999877929687500e+02 5.704212370632376893e-11
7.106000366210937500e+02 5.739210817912369695e-11
7.119000244140625000e+02 5.774504205767354781e-11
7.132000122070312500e+02 5.810098839340264683e-11
7.145000000000000000e+02 5.845997520916849205e-11
7.157999877929687500e+02 5.882205154497164685e-11
7.170999755859375000e+02 5.918723141224089257e-11
7.183999633789062500e+02 5.955556385097677967e-11
7.196999511718750000e+02 5.992709089546555520e-11
7.210000000000000000e+02 6.030185457999342742e-11
7.222999877929687500e+02 6.067986891598915828e-11
7.236000366210937500e+02 6.106122497773954529e-11
7.249000244140625000e+02 6.144588073095838018e-11
7.262000122070312500e+02 6.183394826707556459e-11
7.275000000000000000e+02 6.222544159751986047e-11
7.287999877929687500e+02 6.262039575086310804e-11
7.300999755859375000e+02 6.301886677282027751e-11
7.313999633789062500e+02 6.342091070910633909e-11
7.326999511718750000e+02 6.382654157115000303e-11
7.340000000000000000e+02 6.423581540466626538e-11
7.352999877929687500e+02 6.464878124965570246e-11
7.366000366210937500e+02 6.506548814611891643e-11
7.379000244140625000e+02 6.548595711119901144e-11
7.392000122070312500e+02 6.591026520775406182e-11
7.405000000000000000e+02 6.633845447007027586e-11
7.417999877929687500e+02 6.677056693243390058e-11
7.430999755859375000e+02 6.720665864055989329e-11
7.443999633789062500e+02 6.764677162873446225e-11
7.456999511718750000e+02 6.809097595410132668e-11
7.469999389648437500e+02 6.853929263380359073e-11
7.482999877929687500e+02 6.899181274212806483e-11
7.496000366210937500e+02 6.944857130764660212e-11
7.509000244140625000e+02 6.990958934750231968e-11
7.522000122070312500e+02 7.037498595883951303e-11
7.535000000000000000e+02 7.084477515308691828e-11
7.547999877929687500e+02 7.131901297595949271e-11
7.560999755859375000e+02 7.179778349602969164e-11
7.573999633789062500e+02 7.228112174186936820e-11
7.586999511718750000e+02 7.276911878776534578e-11
7.599999389648437500e+02 7.326180966228943874e-11
7.612999877929687500e+02 7.375927142829976020e-11
7.626000366210937500e+02 7.426154612008250551e-11
7.639000244140625000e+02 7.476871780621012999e-11
7.652000122070312500e+02 7.528082852096886775e-11
7.665000000000000000e+02 7.579797634435988436e-11
7.677999877929687500e+02 7.632021031638378198e-11
7.690999755859375000e+02 7.684762851704173909e-11
7.703999633789062500e+02 7.738024495776251763e-11
7.716999511718750000e+02 7.791817172997600632e-11
7.729999389648437500e+02 7.846148589654031829e-11
7.742999877929687500e+02 7.901025751459912106e-11
7.755999755859375000e+02 7.956452161272430655e-11
7.769000244140625000e+02 8.012441129948885471e-11
7.782000122070312500e+02 8.068994759203593428e-11
7.795000000000000000e+02 8.126127060465293203e-11
7.807999877929687500e+02 8.183840836019732013e-11
7.820999755859375000e+02 8.242148696152776216e-11
7.833999633789062500e+02 8.301055544864487323e-11
7.846999511718750000e+02 8.360571890726417401e-11
7.860000000000000000e+02 8.420707541738689467e-11
7.872999877929687500e+02 8.481467401901358569e-11
7.885999755859375000e+02 8.542863380928856846e-11
7.899000244140625000e+02 8.604900382821244514e-11
7.912000122070312500e+02 8.667594520721568077e-11
7.925000000000000000e+02 8.730952800344203335e-11
7.937999877929687500e+02 8.794981526832082821e-11
7.950999755859375000e+02 8.859693310471071602e-11
7.963999633789062500e+02 8.925098659832725623e-11
7.976999511718750000e+02 8.991205981774287830e-11
7.990000000000000000e+02 9.058029988295938873e-11
8.002999877929687500e+02 9.125574882826300872e-11
8.015999755859375000e+02 9.193853976222674404e-11
8.029000244140625000e+02 9.262879878770928415e-11
8.042000122070312500e+02 9.332662398471182043e-11
8.055000000000000000e+02 9.403213445037862260e-11
8.067999877929687500e+02 9.474544928185401202e-11
8.080999755859375000e+02 9.546667356485352232e-11
8.093999633789062500e+02 9.619592639652147488e-11
8.106999511718750000e+02 9.693336190257400547e-11
8.120000000000000000e+02 9.767909217444104159e-11
8.132999877929687500e+02 9.843321529212376171e-11
8.145999755859375000e+02 9.919588538133831453e-11
8.159000244140625000e+02 9.996725656780084875e-11
8.172000122070312500e+02 1.007474199257981748e-10
8.185000000000000000e+02 1.015365505981895713e-10
8.197999877929687500e+02 1.023347676821193210e-10
8.210999755859375000e+02 1.031422393147322957e-10
8.223999633789062500e+02 1.039590986046015657e-10
8.236999511718750000e+02 1.047854786603001370e-10
8.250000000000000000e+02 1.056215896532591412e-10
8.262999877929687500e+02 1.064675156520510337e-10
8.275999755859375000e+02 1.073234458109637776e-10
8.288999633789062500e+02 1.081895342557135346e-10
8.302000122070312500e+02 1.090659841520170683e-10
8.315000000000000000e+02 1.099529286084473717e-10
8.327999877929687500e+02 1.108505637850068533e-10
8.340999755859375000e+02 1.117590438074116491e-10
8.353999633789062500e+02 1.126785508242353927e-10
8.367000122070312500e+02 1.136093160240522943e-10
8.380000000000000000e+02 1.145514725154353855e-10
8.392999877929687500e+02 1.155052234641014431e-10
8.405999755859375000e+02 1.164707790414815342e-10
8.418999633789062500e+02 1.174483143904349246e-10
8.432000122070312500e+02 1.184380747109646251e-10
8.445000000000000000e+02 1.194402421516441790e-10
8.457999877929687500e+02 1.204550479010478999e-10
8.470999755859375000e+02 1.214827021306068291e-10
8.483999633789062500e+02 1.225234150117521113e-10
8.497000122070312500e+02 1.235774947959160440e-10
8.510000000000000000e+02 1.246450395630998056e-10
8.522999877929687500e+02 1.257263995990219018e-10
8.535999755859375000e+02 1.268217570522559793e-10
8.548999633789062500e+02 1.279313921513768117e-10
8.562000122070312500e+02 1.290555430906730674e-10
8.575000610351562500e+02 1.301945321330057026e-10
8.588000488281250000e+02 1.313485414269484155e-10
8.601000366210937500e+02 1.325178792239334519e-10
8.614000244140625000e+02 1.337028817982506331e-10
8.627000122070312500e+02 1.349037032756160301e-10
8.640000000000000000e+02 1.361207639988919584e-10
8.652999877929687500e+02 1.373543161737956934e-10
8.665999755859375000e+02 1.386046680517595325e-10
8.678999633789062500e+02 1.398721418956445351e-10
8.692000122070312500e+02 1.411570879911692067e-10
8.705000000000000000e+02 1.424597865669083726e-10
8.717999877929687500e+02 1.437805738971517766e-10
8.730999755859375000e+02 1.451198843361904183e-10
8.743999633789062500e+02 1.464779700897416249e-10
8.756999511718750000e+02 1.478552655120963445e-10
8.769999389648437500e+02 1.492521208889731086e-10
8.782999267578125000e+02 1.506689005175191589e-10
8.795999145507812500e+02 1.521060247405967333e-10
8.809000244140625000e+02 1.535640119810692221e-10
8.822000122070312500e+02 1.550430724103677701e-10
8.835000000000000000e+02 1.565436543942120099e-10
8.848000488281250000e+02 1.580662763554654351e-10
8.861000366210937500e+02 1.596113586369902061e-10
8.874000244140625000e+02 1.611793636159347690e-10
8.887000122070312500e+02 1.627707676808763317e-10
8.900000000000000000e+02 1.643860472203920764e-10
8.912999877929687500e+02 1.660256646116304751e-10
8.925999755859375000e+02 1.676901803117411006e-10
8.938999633789062500e+02 1.693800847207298712e-10
8.951999511718750000e+02 1.710959663186039612e-10
8.965000000000000000e+02 1.728382874825117649e-10
8.977999877929687500e+02 1.746076787267466390e-10
8.990999755859375000e+02 1.764047285313156804e-10
9.003999633789062500e+02 1.782299693305110155e-10
9.016999511718750000e+02 1.800840736729122351e-10
9.029999389648437500e+02 1.819676580613839341e-10
9.042999267578125000e+02 1.838814230673631237e-10
9.055999145507812500e+02 1.858259431594281387e-10
9.069000244140625000e+02 1.878021150690184767e-10
9.082000122070312500e+02 1.898103171047100897e-10
9.095000000000000000e+02 1.918514880322285800e-10
9.108000488281250000e+02 1.939263004001535385e-10
9.121000366210937500e+02 1.960355808827806530e-10
9.134000244140625000e+02 1.981801001086906412e-10
9.147000122070312500e+02 2.003606567293217702e-10
9.160000000000000000e+02 2.025781614875421705e-10
9.172999877929687500e+02 2.048334130347900318e-10
9.185999755859375000e+02 2.071273361253622461e-10
9.198999633789062500e+02 2.094608975478419658e-10
9.211999511718750000e+02 2.118349660108110868e-10
9.225000000000000000e+02 2.142505503371389436e-10
9.237999877929687500e+02 2.167086593496948968e-10
9.250999755859375000e+02 2.192103859399206716e-10
9.263999633789062500e+02 2.217567529421143385e-10
9.276999511718750000e+02 2.243488532477177262e-10
9.289999389648437500e+02 2.269879478853174706e-10
9.302999267578125000e+02 2.296751297463553227e-10
9.316000366210937500e+02 2.324118420079916170e-10
9.329000244140625000e+02 2.351988973330932792e-10
9.342000122070312500e+02 2.380379210473942645e-10
9.355000000000000000e+02 2.409301601680524986e-10
9.367999877929687500e+02 2.438770438607994762e-10
9.381000366210937500e+02 2.468800573370817917e-10
9.394000244140625000e+02 2.499406577854884637e-10
9.407000122070312500e+02 2.530603304174659314e-10
9.420000000000000000e+02 2.562407846273206181e-10
9.432999877929687500e+02 2.594836457407864791e-10
9.445999755859375000e+02 2.627906231521698344e-10
9.458999633789062500e+02 2.661634823014920000e-10
9.471999511718750000e+02 2.696041007202042842e-10
9.484999389648437500e+02 2.731143279169004712e-10
9.497999877929687500e+02 2.766962095601766506e-10
9.510999755859375000e+02 2.803517632957714915e-10
9.523999633789062500e+02 2.840831468837110756e-10
9.536999511718750000e+02 2.878926021525939012e-10
9.549999389648437500e+02 2.917822868624460500e-10
9.562999267578125000e+02 2.957547510932984209e-10
9.576000366210937500e+02 2.998127410851840632e-10
9.589000244140625000e+02 3.039582184381267016e-10
9.602000122070312500e+02 3.081941535750194212e-10
9.615000000000000000e+02 3.125232927358953230e-10
9.627999877929687500e+02 3.169486623893624880e-10
9.641000366210937500e+02 3.214731769125989538e-10
9.654000244140625000e+02 3.261000869570725271e-10
9.667000122070312500e+02 3.308325871285361741e-10
9.680000000000000000e+02 3.356741522613174790e-10
9.692999877929687500e+02 3.406282852126017053e-10
9.705999755859375000e+02 3.456987410452913659e-10
9.718999633789062500e+02 3.508895550508636956e-10
9.731999511718750000e+02 3.562045383379362552e-10
9.744999389648437500e+02 3.616480624722762041e-10
9.757999877929687500e+02 3.672245270425079672e-10
9.770999755859375000e+02 3.729386679115460490e-10
9.783999633789062500e+02 3.787953330337346361e-10
9.796999511718750000e+02 3.847995104777054310e-10
9.809999389648437500e+02 3.909565806320949536e-10
9.823000488281250000e+02 3.972726524798340521e-10
9.836000366210937500e+02 4.037525459524096477e-10
9.849000244140625000e+02 4.104030986270470721e-10
9.862000122070312500e+02 4.172306156466797890e-10
9.875000000000000000e+02 4.242419065656756580e-10
9.887999877929687500e+02 4.314441172126925149e-10
9.900999755859375000e+02 4.388449258506802189e-10
9.914000244140625000e+02 4.464522069025911411e-10
9.927000122070312500e+02 4.542742831570971558e-10
9.940000000000000000e+02 4.623200658828774667e-10
9.952999877929687500e+02 4.705988306457583640e-10
9.965999755859375000e+02 4.791205255601456774e-10
9.978999633789062500e+02 4.878957152433100895e-10
9.991999511718750000e+02 4.969353846553842107e-10
1.000499938964843750e+03 5.062511352593653495e-10
1.001799987792968750e+03 5.158558015239800040e-10
1.003099975585937500e+03 5.257623300093846643e-10
1.004399963378906250e+03 5.359851244643246843e-10
1.005699951171875000e+03 5.465392051404100125e-10
1.006999938964843750e+03 5.574405450664054788e-10
1.008300048828125000e+03 5.687074151453885284e-10
1.009600036621093750e+03 5.803563488632733315e-10
1.010900024414062500e+03 5.924081391803111737e-10
1.012200012207031250e+03 6.048840274224729991e-10
1.013500000000000000e+03 6.178068241957486074e-10
1.014799987792968750e+03 6.312011896147217894e-10
1.016099975585937500e+03 6.450940816682894685e-10
1.017400024414062500e+03 6.595142518082278212e-10
1.018700012207031250e+03 6.744934219092055927e-10
1.020000000000000000e+03 6.900658919487801057e-10
1.021299987792968750e+03 7.062692125559766970e-10
1.022599975585937500e+03 7.231446333770077548e-10
1.023899963378906250e+03 7.407378316695682366e-10
1.025199951171875000e+03 7.590988562571196905e-10
1.026500000000000000e+03 7.782840330832000181e-10
1.027799926757812500e+03 7.983551805714131160e-10
1.029099975585937500e+03 8.193829723683273985e-10
1.030399902343750000e+03 8.414467131606150899e-10
1.031699951171875000e+03 8.646362442293615732e-10
1.033000000000000000e+03 8.890572117472719182e-10
1.034300048828125000e+03 9.148253501157444881e-10
1.035599975585937500e+03 9.420818384907707618e-10
1.036900024414062500e+03 9.709907787257619063e-10
1.038200073242187500e+03 1.001748330823087707e-09
1.039500000000000000e+03 1.034590223059882316e-09
1.040800048828125000e+03 1.069806211782503415e-09
1.042099975585937500e+03 1.107754317018133871e-09
1.043400024414062500e+03 1.148887724417963511e-09
1.044699951171875000e+03 1.193786507131857761e-09
1.046000000000000000e+03 1.243207842768964544e-09
1.047299926757812500e+03 1.298157415638577390e-09
1.048599975585937500e+03 1.359989850671349224e-09
1.049900024414062500e+03 1.430549836529566530e-09
1.051199951171875000e+03 1.512348557517855820e-09
1.052500000000000000e+03 1.608722975505105144e-09
1.053799926757812500e+03 1.723773170815137681e-09
1.055099975585937500e+03 1.861444985964197820e-09
1.056399902343750000e+03 2.022315691816403563e-09
1.057699951171875000e+03 2.196500841898044946e-09
1.059000000000000000e+03 2.356628157386983213e-09
1.060300048828125000e+03 2.468339373182388462e-09
1.061599975585937500e+03 2.524469829266269225e-09
1.062900024414062500e+03 2.556854836834686647e-09
1.064199951171875000e+03 2.605710110750668437e-09
1.065500000000000000e+03 2.695891253051662291e-09
1.066800048828125000e+03 2.837638712592821595e-09
1.068099975585937500e+03 3.031479991643376387e-09
1.069400024414062500e+03 3.265702208324669462e-09
1.070699951171875000e+03 3.511728997674299323e-09
1.072000000000000000e+03 3.738131716203975116e-09
1.073299926757812500e+03 3.945363213290595347e-09
1.074599975585937500e+03 4.168736773017958646e-09
1.075900024414062500e+03 4.435608084676573413e-09
1.077199951171875000e+03 4.738080531211034937e-09
1.078500000000000000e+03 5.054001707507984079e-09
1.079799926757812500e+03 5.383924896865531899e-09
1.081099975585937500e+03 5.742635855622322070e-09
1.082399902343750000e+03 6.130819238232339904e-09
1.083700073242187500e+03 6.546817436629844202e-09
1.085000000000000000e+03 6.996755126545975581e-09
1.086300048828125000e+03 7.482778186315231819e-09
1.087599975585937500e+03 8.006447825373617553e-09
1.088900024414062500e+03 8.570547498109051027e-09
1.090199951171875000e+03 9.177731529582169048e-09
1.091500000000000000e+03 9.831808338216131486e-09
1.092800048828125000e+03 1.053691364940947420e-08
1.094099975585937500e+03 1.129672316533232248e-08
1.095400024414062500e+03 1.211447857013812692e-08
1.096699951171875000e+03 1.299378024055610609e-08
1.098000000000000000e+03 1.393892800383820588e-08
1.099299926757812500e+03 1.495428894209433187e-08
1.100599975585937500e+03 1.604397815589991874e-08
1.101899902343750000e+03 1.721239949335388717e-08
1.103199951171875000e+03 1.846469750272410239e-08
1.104500000000000000e+03 1.980655028748489352e-08
1.105799926757812500e+03 2.124414529456815291e-08
1.107099975585937500e+03 2.278375067673532260e-08
1.108399902343750000e+03 2.443021954453647277e-08
1.109700073242187500e+03 2.618676040306179371e-08
1.111000000000000000e+03 2.805636654185602648e-08
1.112300048828125000e+03 3.004353058543058347e-08
1.113599975585937500e+03 3.215085664188550639e-08
1.114900024414062500e+03 3.437702830946774863e-08
1.116199951171875000e+03 3.671920115605151427e-08
1.117500000000000000e+03 3.917576465197162615e-08
1.118800048828125000e+03 4.174458098947654508e-08
1.120099975585937500e+03 4.441898207358284711e-08
1.121400024414062500e+03 4.718592225531006841e-08
1.122699951171875000e+03 5.002607159175035942e-08
1.124000000000000000e+03 5.291422116867916766e-08
1.125299926757812500e+03 5.582112319346882699e-08
1.126599975585937500e+03 5.871546021732953091e-08
1.127899902343750000e+03 6.156230634415931062e-08
1.129199951171875000e+03 6.431933943694397802e-08
1.130500000000000000e+03 6.693552830292981234e-08
1.131799926757812500e+03 6.935237735686153423e-08
1.133099975585937500e+03 7.150768930610193539e-08
1.134400024414062500e+03 7.334353529966542590e-08
1.135700073242187500e+03 7.481279748079984387e-08
1.137000000000000000e+03 7.587921920394717794e-08
1.138300048828125000e+03 7.651104900230092041e-08
1.139599975585937500e+03 7.668132754186679418e-08
1.140900024414062500e+03 7.637272279738395464e-08
1.142199951171875000e+03 7.558314000420995313e-08
1.143500000000000000e+03 7.432949510421775496e-08
1.144800048828125000e+03 7.264590693521384555e-08
1.146099975585937500e+03 7.057810162675639873e-08
1.147400024414062500e+03 6.817962480655524611e-08
1.148699951171875000e+03 6.550808250227775251e-08
1.150000000000000000e+03 6.262082965678834521e-08
1.151299926757812500e+03 5.957289329813472183e-08
1.152599975585937500e+03 5.641644884838725130e-08
1.153899902343750000e+03 5.320148370490414679e-08
1.155199951171875000e+03 4.997549593856787848e-08
1.156500000000000000e+03 4.678009030124110841e-08
1.157799926757812500e+03 4.364842433462728533e-08
1.159099975585937500e+03 4.060523347875098601e-08
1.160400024414062500e+03 3.766956430938519543e-08
1.161700073242187500e+03 3.485559235712403296e-08
1.163000000000000000e+03 3.217519752007673591e-08
1.164300048828125000e+03 2.963761792553207713e-08
1.165599975585937500e+03 2.724868591477193909e-08
1.166900024414062500e+03 2.501093385738121486e-08
1.168199951171875000e+03 2.292451957809323076e-08
1.169500000000000000e+03 2.098798140466175808e-08
1.170800048828125000e+03 1.919856457810494500e-08
1.172099975585937500e+03 1.755250282637728633e-08
1.173400024414062500e+03 1.604558151171357312e-08
1.174699951171875000e+03 1.467356806171981258e-08
1.176000000000000000e+03 1.343232585426602643e-08
1.177299926757812500e+03 1.231786174425253863e-08
1.178599975585937500e+03 1.132634041131301435e-08
1.179899902343750000e+03 1.045405207748262890e-08
1.181199951171875000e+03 9.697324627517018368e-09
1.182500000000000000e+03 9.052776487158179768e-09
1.183799926757812500e+03 8.517452926313278563e-09
1.185099975585937500e+03 8.088831439443260172e-09
1.186400024414062500e+03 7.764878239643553593e-09
1.187700073242187500e+03 7.543803450961108401e-09
1.189000000000000000e+03 7.424274530476964090e-09
1.190300048828125000e+03 7.405357980762701318e-09
1.191599975585937500e+03 7.486537732874941181e-09
1.192900024414062500e+03 7.667697660092278429e-09
1.194199951171875000e+03 7.949139512544078556e-09
1.195500000000000000e+03 8.331555118535838925e-09
1.196799926757812500e+03 8.816018762331967090e-09
1.198099975585937500e+03 9.403997496567336345e-09
1.199400024414062500e+03 1.009737804419044910e-08
1.200699951171875000e+03 1.089841478803997511e-08
1.202000000000000000e+03 1.180960512517465734e-08
1.203299926757812500e+03 1.283361055450665376e-08
1.204599975585937500e+03 1.397340194729471775e-08
1.205899902343750000e+03 1.523247027903245018e-08
1.207199951171875000e+03 1.661474054323013489e-08
1.208499877929687500e+03 1.812411531511205979e-08
1.209800048828125000e+03 1.976424967202525065e-08
1.211099975585937500e+03 2.153810641464549566e-08
1.212400024414062500e+03 2.344860888746525884e-08
1.213700073242187500e+03 2.549770120424517871e-08
1.215000000000000000e+03 2.768660112627996011e-08
1.216300048828125000e+03 3.001537142477036387e-08
1.217599975585937500e+03 3.248168597836257491e-08
1.218900024414062500e+03 3.508040292898303705e-08
1.220199951171875000e+03 3.780407761222180910e-08
1.221500000000000000e+03 4.064317597941512596e-08
1.222799926757812500e+03 4.358519042044615509e-08
1.224099975585937500e+03 4.661274586694496801e-08
1.225400024414062500e+03 4.970142970220519981e-08
1.226699951171875000e+03 5.281834981702942457e-08
1.228000000000000000e+03 5.592233189064591175e-08
1.229299926757812500e+03 5.896707947230101519e-08
1.230599975585937500e+03 6.190468558157592479e-08
1.231899902343750000e+03 6.468481130238817061e-08
1.233199951171875000e+03 6.725283492930064518e-08
1.234499877929687500e+03 6.955242738021567307e-08
1.235800048828125000e+03 7.152949781470828508e-08
1.237099975585937500e+03 7.313256667430507322e-08
1.238400024414062500e+03 7.431622347891454943e-08
1.239700073242187500e+03 7.504353724093621384e-08
1.241000000000000000e+03 7.528932056770003936e-08
1.242300048828125000e+03 7.504615569673927467e-08
1.243599975585937500e+03 7.432760120741771982e-08
1.244900024414062500e+03 7.316348597433578263e-08
1.246199951171875000e+03 7.159338813630306206e-08
1.247500000000000000e+03 6.966349294937470173e-08
1.248799926757812500e+03 6.742453389146653206e-08
1.250099975585937500e+03 6.493023593657623311e-08
1.251400024414062500e+03 6.223588795833178210e-08
1.252699951171875000e+03 5.939626231305210325e-08
1.254000000000000000e+03 5.646421593870150734e-08
1.255299926757812500e+03 5.348954612557307655e-08
1.256599975585937500e+03 5.051609586720225196e-08
1.257899902343750000e+03 4.758038006780160782e-08
1.259199951171875000e+03 4.471235314437306702e-08
1.260500000000000000e+03 4.193531576663813438e-08
1.261800048828125000e+03 3.926693713087888550e-08
1.263099975585937500e+03 3.671836181542422958e-08
1.264400024414062500e+03 3.429554411703183421e-08
1.265699951171875000e+03 3.200049630105171686e-08
1.267000000000000000e+03 2.983326499751873109e-08
1.268300048828125000e+03 2.779254097853134980e-08
1.269599975585937500e+03 2.587586002609407874e-08
1.270900024414062500e+03 2.408000287433945168e-08
1.272199951171875000e+03 2.240069211430150876e-08
1.273500000000000000e+03 2.083321452553472725e-08
1.274799926757812500e+03 1.937315101550572160e-08
1.276099975585937500e+03 1.801514630405835802e-08
1.277400024414062500e+03 1.675180953066905186e-08
1.278699951171875000e+03 1.557530505602028432e-08
1.280000000000000000e+03 1.447966961603999676e-08
1.281299926757812500e+03 1.346106520016754031e-08
1.282599975585937500e+03 1.251677112521575593e-08
1.283899902343750000e+03 1.164372953697627011e-08
1.285199951171875000e+03 1.083731957834182480e-08
1.286500000000000000e+03 1.009185507525515049e-08
1.287800048828125000e+03 9.401935014256700594e-09
1.289099975585937500e+03 8.762508107148312029e-09
1.290400024414062500e+03 8.169256592049240172e-09
1.291699951171875000e+03 7.618858078976486436e-09
1.293000000000000000e+03 7.109222286944799359e-09
1.294300048828125000e+03 6.637794428083310618e-09
1.295599975585937500e+03 6.202373923439718541e-09
1.296900024414062500e+03 5.800900532531988460e-09
1.298199951171875000e+03 5.427617239519135537e-09
1.299500000000000000e+03 5.083911736303641245e-09
1.300799926757812500e+03 4.771355544733062467e-09
1.302099975585937500e+03 4.476451959912904322e-09
1.303399902343750000e+03 4.193056578020360814e-09
1.304699951171875000e+03 3.938267825776297443e-09
1.306000000000000000e+03 3.723709584464012470e-09
1.307299926757812500e+03 3.530626940211194776e-09
1.308599975585937500e+03 3.326274847776506075e-09
1.309899902343750000e+03 3.103018535684845257e-09
1.311200073242187500e+03 2.884986805142022069e-09
1.312500000000000000e+03 2.698989908540528540e-09
1.313800048828125000e+03 2.557592846809317602e-09
1.315099975585937500e+03 2.461780679434575607e-09
1.316400024414062500e+03 2.404321715723215295e-09
1.317699951171875000e+03 2.366568873758515307e-09
1.319000000000000000e+03 2.315944348712585926e-09
1.320300048828125000e+03 2.221918918730859539e-09
1.321599975585937500e+03 2.084182987283882164e-09
1.322900024414062500e+03 1.929868733350891295e-09
1.324199951171875000e+03 1.784373945215885463e-09
1.325500000000000000e+03 1.658286443075357978e-09
1.326799926757812500e+03 1.552083736420791964e-09
1.328099975585937500e+03 1.462618073717013989e-09
1.329399902343750000e+03 1.386330215789592425e-09
1.330699951171875000e+03 1.320250748568365527e-09
1.332000000000000000e+03 1.262123495751788413e-09
1.333299926757812500e+03 1.210284347971183855e-09
1.334599975585937500e+03 1.163509042628903558e-09
1.335899902343750000e+03 1.120888518228249508e-09
1.337200073242187500e+03 1.081734085023758536e-09
1.338500000000000000e+03 1.045526311329154660e-09
1.339800048828125000e+03 1.011851691859441898e-09
1.341099975585937500e+03 9.803843768278264058e-10
1.342400024414062500e+03 9.508617360139920512e-10
1.343699951171875000e+03 9.230682175981916829e-10
1.345000000000000000e+03 8.968249236582639628e-10
1.346300048828125000e+03 8.719813154038187051e-10
1.347599975585937500e+03 8.484096086047404762e-10
1.348900024414062500e+03 8.259996173854122656e-10
1.350199951171875000e+03 8.046561200761123772e-10
1.351500000000000000e+03 7.842953843786861212e-10
1.352799926757812500e+03 7.648439904065322923e-10
1.354099975585937500e+03 7.462368130388638291e-10
1.355399902343750000e+03 7.284155086864045229e-10
1.356699951171875000e+03 7.113279548342390570e-10
1.358000000000000000e+03 6.949269049446536181e-10
1.359299926757812500e+03 6.791698203199912706e-10
1.360599975585937500e+03 6.640178052340680131e-10
1.361900024414062500e+03 6.494342618350130800e-10
1.363200073242187500e+03 6.353892617110361529e-10
1.364500000000000000e+03 6.218516434446180338e-10
1.365800048828125000e+03 6.087941127725716162e-10
1.367099975585937500e+03 5.961912249403040952e-10
1.368400024414062500e+03 5.840195528389606627e-10
1.369699951171875000e+03 5.722572386397059865e-10
1.371000000000000000e+03 5.608842740222982090e-10
1.372300048828125000e+03 5.498815473979349955e-10
1.373599975585937500e+03 5.392315164578331775e-10
1.374900024414062500e+03 5.289178718989383623e-10
1.376199951171875000e+03 5.189250890582059988e-10
1.377500000000000000e+03 5.092387641868904230e-10
1.378799926757812500e+03 4.998453342219706532e-10
1.380099975585937500e+03 4.907320767861503905e-10
1.381399902343750000e+03 4.818869980964273020e-10
1.382699951171875000e+03 4.732986648269491192e-10
1.384000000000000000e+03 4.649566524747326237e-10
1.385299926757812500e+03 4.568507046739397402e-10
1.386599975585937500e+03 4.489714057444566108e-10
1.387900024414062500e+03 4.413091158233096516e-10
1.389200073242187500e+03 4.338564368761237771e-10
1.390500000000000000e+03 4.266048779770821248e-10
1.391800048828125000e+03 4.195465927260898991e-10
1.393099975585937500e+03 4.126742391344869589e-10
1.394400024414062500e+03 4.059810917164777061e-10
1.395699951171875000e+03 3.994604530091241181e-10
1.397000000000000000e+03 3.931060458923504102e-10
1.398299926757812500e+03 3.869120135889428803e-10
1.399599975585937500e+03 3.808725553674029776e-10
1.400900024414062500e+03 3.749823188619516028e-10
1.402199951171875000e+03 3.692360918210973275e-10
1.403500000000000000e+03 3.636289702447808658e-10
1.404799926757812500e+03 3.581562462929453403e-10
1.406099975585937500e+03 3.528134363083937029e-10
1.407399902343750000e+03 3.475961407025013736e-10
1.408699951171875000e+03 3.425003241837910659e-10
1.409999877929687500e+03 3.375220355293578066e-10
1.411299926757812500e+03 3.326574356077267694e-10
1.412599975585937500e+03 3.279026292417079253e-10
1.413900024414062500e+03 3.232548141455531775e-10
1.415200073242187500e+03 3.187102913020750090e-10
1.416500000000000000e+03 3.142659221512354499e-10
1.417800048828125000e+03 3.099186241787115263e-10
1.419099975585937500e+03 3.056654269616102565e-10
1.420400024414062500e+03 3.015035001913260197e-10
1.421699951171875000e+03 2.974300976278255598e-10
1.423000000000000000e+03 2.934426691910781847e-10
1.424299926757812500e+03 2.895387208467679914e-10
1.425599975585937500e+03 2.857157585605790769e-10
1.426900024414062500e+03 2.819714844581979986e-10
1.428199951171875000e+03 2.783037127567413061e-10
1.429500000000000000e+03 2.747101455818954016e-10
1.430799926757812500e+03 2.711889054022089770e-10
1.432099975585937500e+03 2.677378064347986851e-10
1.433399902343750000e+03 2.643549711482131144e-10
1.434699951171875000e+03 2.610385780567159528e-10
1.435999877929687500e+03 2.577867776517135193e-10
1.437299926757812500e+03 2.545978325160419701e-10
1.438599975585937500e+03 2.514698931411074691e-10
1.439900024414062500e+03 2.484017265211808268e-10
1.441200073242187500e+03 2.453915952390982509e-10
1.442500000000000000e+03 2.424379580376982547e-10
1.443800048828125000e+03 2.395393857512492398e-10
1.445099975585937500e+03 2.366944211911621876e-10
1.446400024414062500e+03 2.339017472831354403e-10
1.447699951171875000e+03 2.311600049185812611e-10
1.449000000000000000e+03 2.284679470803416210e-10
1.450299926757812500e+03 2.258242987284011480e-10
1.451599975585937500e+03 2.232278969141743847e-10
1.452900024414062500e+03 2.206775366547895879e-10
1.454199951171875000e+03 2.181721811045199767e-10
1.455500000000000000e+03 2.157106533033513059e-10
1.456799926757812500e+03 2.132919444284142669e-10
1.458099975585937500e+03 2.109150176339820529e-10
1.459399902343750000e+03 2.085788921200427757e-10
1.460699951171875000e+03 2.062826291208708329e-10
1.461999877929687500e+03 2.040252338250256519e-10
1.463300048828125000e+03 2.018056974096378464e-10
1.464599975585937500e+03 1.996234313947003456e-10
1.465900024414062500e+03 1.974774549802013130e-10
1.467200073242187500e+03 1.953669695147024811e-10
1.468500000000000000e+03 1.932910642553357715e-10
1.469800048828125000e+03 1.912490666535215675e-10
1.471099975585937500e+03 1.892401780578216793e-10
1.472400024414062500e+03 1.872636838853703337e-10
1.473699951171875000e+03 1.853188275190154974e-10
1.475000000000000000e+03 1.834049504216063673e-10
1.476299926757812500e+03 1.815213800445634303e-10
1.477599975585937500e+03 1.796674298278783594e-10
1.478900024414062500e+03 1.778424972801152958e-10
1.480199951171875000e+03 1.760459799098384068e-10
1.481500000000000000e+03 1.742771771456106553e-10
1.482799926757812500e+03 1.725356125988548590e-10
1.484099975585937500e+03 1.708206697667064231e-10
1.485399902343750000e+03 1.691317881920156714e-10
1.486699951171875000e+03 1.674684354404905550e-10
1.488000000000000000e+03 1.658299669864089293e-10
1.489300048828125000e+03 1.642161026011959950e-10
1.490599975585937500e+03 1.626262257819871314e-10
1.491900024414062500e+03 1.610598741516339701e-10
1.493199951171875000e+03 1.595165152758443069e-10
1.494500000000000000e+03 1.579957568346134020e-10
1.495800048828125000e+03 1.564970804050778910e-10
1.497099975585937500e+03 1.550201216900904544e-10
1.498400024414062500e+03 1.535643902896452258e-10
1.499699951171875000e+03 1.521295078951661755e-10
1.501000000000000000e+03 1.507150541637910917e-10
1.502299926757812500e+03 1.493206227640864725e-10
1.503599975585937500e+03 1.479458634103337866e-10
1.504899902343750000e+03 1.465903557596708995e-10
1.506199951171875000e+03 1.452537635378079382e-10
1.507500000000000000e+03 1.439356944247402406e-10
1.508799926757812500e+03 1.426358541804641935e-10
1.510099975585937500e+03 1.413538364735462953e-10
1.511399902343750000e+03 1.400893470639830881e-10
1.512699951171875000e+03 1.388420496774847248e-10
1.514000000000000000e+03 1.376115379826177296e-10
1.515300048828125000e+03 1.363976718650946897e-10
1.516599975585937500e+03 1.352000870277683635e-10
1.517900024414062500e+03 1.340184752192064536e-10
1.519199951171875000e+03 1.328525281879766626e-10
1.520500000000000000e+03 1.317019657055041911e-10
1.521800048828125000e+03 1.305665495775004222e-10
1.523099975585937500e+03 1.294459855639617946e-10
1.524400024414062500e+03 1.283399654134560369e-10
1.525699951171875000e+03 1.272482929659807919e-10
1.527000000000000000e+03 1.261707020043899448e-10
1.528299926757812500e+03 1.251069543343949302e-10
1.529599975585937500e+03 1.240567697274209231e-10
1.530899902343750000e+03 1.230199520234655406e-10
1.532199951171875000e+03 1.219962630282402175e-10
1.533500000000000000e+03 1.209854505360276265e-10
1.534799926757812500e+03 1.199873323982541210e-10
1.536099975585937500e+03 1.190016704206311099e-10
1.537399902343750000e+03 1.180282684431562103e-10
1.538700073242187500e+03 1.170668182143971250e-10
1.540000000000000000e+03 1.161172917114964204e-10
1.541300048828125000e+03 1.151794087058792326e-10
1.542599975585937500e+03 1.142529870489719536e-10
1.543900024414062500e+03 1.133378095636290965e-10
1.545199951171875000e+03 1.124337291298488937e-10
1.546500000000000000e+03 1.115405425819145941e-10
1.547800048828125000e+03 1.106580607655381831e-10
1.549099975585937500e+03 1.097861295550035507e-10
1.550400024414062500e+03 1.089245668017370373e-10
1.551699951171875000e+03 1.080732043685937581e-10
1.553000000000000000e+03 1.072319021412863134e-10
1.554299926757812500e+03 1.064004569540979782e-10
1.555599975585937500e+03 1.055787497098844182e-10
1.556899902343750000e+03 1.047666122715007745e-10
1.558199951171875000e+03 1.039638905132308854e-10
1.559500000000000000e+03 1.031704513265017323e-10
1.560799926757812500e+03 1.023861335798827725e-10
1.562099975585937500e+03 1.016107971590866064e-10
1.563399902343750000e+03 1.008443089555402024e-10
1.564700073242187500e+03 1.000864587978124673e-10
1.566000000000000000e+03 9.933726069733211144e-11
1.567300048828125000e+03 9.859649747695366080e-11
1.568599975585937500e+03 9.786405704524720078e-11
1.569900024414062500e+03 9.713980629363968684e-11
1.571199951171875000e+03 9.642361211355808734e-11
1.572500000000000000e+03 9.571537642500121087e-11
1.573800048828125000e+03 9.501495911368165777e-11
1.575099975585937500e+03 9.432224808816948759e-11
1.576400024414062500e+03 9.363713125703477286e-11
1.577699951171875000e+03 9.295950353456199289e-11
1.579000000000000000e+03 9.228924582360681336e-11
1.580299926757812500e+03 9.162623202131059654e-11
1.581599975585937500e+03 9.097039207052961028e-11
1.582899902343750000e+03 9.032160687411958488e-11
1.584199951171875000e+03 8.967975733493621188e-11
1.585500000000000000e+03 8.904477339583578498e-11
1.586799926757812500e+03 8.841654296538837667e-11
1.588099975585937500e+03 8.779493994073534922e-11
1.589400024414062500e+03 8.717988025330422147e-11
1.590700073242187500e+03 8.657132186880877222e-11
1.592000000000000000e+03 8.596912467296162764e-11
1.593300048828125000e+03 8.537323262004780460e-11
1.594599975585937500e+03 8.478353361863736267e-11
1.595900024414062500e+03 8.419992958872912337e-11
1.597199951171875000e+03 8.362235047317941918e-11
1.598500000000000000e+03 8.305071220341575600e-11
1.599799926757812500e+03 8.248493071086571730e-11
1.601099975585937500e+03 8.192493593838559677e-11
1.602400024414062500e+03 8.137062980597420300e-11
1.603699951171875000e+03 8.082194225648782970e-11
1.605000000000000000e+03 8.027880323278279641e-11
1.606299926757812500e+03 7.974112866628662196e-11
1.607599975585937500e+03 7.920883448842688983e-11
1.608899902343750000e+03 7.868186465348862978e-11
1.610199951171875000e+03 7.816014910432814845e-11
1.611500000000000000e+03 7.764360377237296467e-11
1.612799926757812500e+03 7.713218662333690895e-11
1.614099975585937500e+03 7.662578556579001501e-11
1.615400024414062500e+03 7.612433054258860241e-11
1.616700073242187500e+03 7.562782155373265821e-11
1.618000000000000000e+03 7.513614650779225492e-11
1.619300048828125000e+03 7.464926337048118427e-11
1.620599975585937500e+03 7.416707406179824192e-11
1.621900024414062500e+03 7.368956457031470472e-11
1.623199951171875000e+03 7.321665082745811735e-11
1.624500000000000000e+03 7.274826978179915447e-11
1.625799926757812500e+03 7.228435838190849075e-11
1.627099975585937500e+03 7.182486058207113014e-11
1.628400024414062500e+03 7.136972734228650924e-11
1.629699951171875000e+03 7.091890962255402588e-11
1.631000000000000000e+03 7.047233736572998669e-11
1.632299926757812500e+03 7.002997554324253853e-11
1.633599975585937500e+03 6.959174008651922606e-11
1.634899902343750000e+03 6.915760297270256419e-11
1.636199951171875000e+03 6.872751516179197661e-11
1.637499877929687500e+03 6.830141360235811212e-11
1.638799926757812500e+03 6.787923524297164540e-11
1.640099975585937500e+03 6.746093804934638111e-11
1.641400024414062500e+03 6.704652202148226754e-11
1.642700073242187500e+03 6.663588907937815206e-11
1.644000000000000000e+03 6.622901120017656249e-11
1.645300048828125000e+03 6.582583233816251570e-11
1.646599975585937500e+03 6.542632447047852658e-11
1.647900024414062500e+03 6.503041753998091467e-11
1.649199951171875000e+03 6.463808352381216903e-11
1.650500000000000000e+03 6.424926637625735821e-11
1.651799926757812500e+03 6.386394508017333931e-11
1.653099975585937500e+03 6.348205658413081285e-11
1.654400024414062500e+03 6.310357987098663591e-11
1.655699951171875000e+03 6.272845188931149609e-11
1.657000000000000000e+03 6.235665862767664438e-11
1.658299926757812500e+03 6.198813002893838739e-11
1.659599975585937500e+03 6.162285208166796319e-11
1.660899902343750000e+03 6.126076874015042741e-11
1.662199951171875000e+03 6.090186599295703105e-11
1.663499877929687500e+03 6.054608078865844876e-11
1.664799926757812500e+03 6.019337809868282741e-11
1.666099975585937500e+03 5.984372990017266895e-11
1.667400024414062500e+03 5.949710817027051414e-11
1.668700073242187500e+03 5.915347788040450982e-11
1.670000000000000000e+03 5.881278999057404090e-11
1.671300048828125000e+03 5.847503399220757470e-11
1.672599975585937500e+03 5.814015734244731211e-11
1.673900024414062500e+03 5.780812150986424181e-11
1.675199951171875000e+03 5.747890547731523381e-11
1.676500000000000000e+03 5.715248822765719043e-11
1.677799926757812500e+03 5.682880670946076696e-11
1.679099975585937500e+03 5.650785391701160182e-11
1.680400024414062500e+03 5.618959131888065136e-11
1.681699951171875000e+03 5.587399789792480500e-11
1.683000000000000000e+03 5.556103512271502556e-11
1.684299926757812500e+03 5.525067146753665037e-11
1.685599975585937500e+03 5.494287890953220079e-11
1.686899902343750000e+03 5.463764343727292134e-11
1.688199951171875000e+03 5.433490900504386766e-11
1.689499877929687500e+03 5.403466860713066525e-11
1.690800048828125000e+03 5.373686970067552145e-11
1.692099975585937500e+03 5.344151929139281724e-11
1.693400024414062500e+03 5.314858585356789640e-11
1.694699951171875000e+03 5.285803435862889287e-11
1.696000000000000000e+03 5.256983328086114398e-11
1.697300048828125000e+03 5.228396160312153912e-11
1.698599975585937500e+03 5.200039830826696772e-11
1.699900024414062500e+03 5.171910486486839258e-11
1.701199951171875000e+03 5.144008127292580725e-11
1.702500000000000000e+03 5.116327849243862894e-11
1.703799926757812500e+03 5.088868601483529914e-11
1.705099975585937500e+03 5.061627231440114871e-11
1.706400024414062500e+03 5.034602688256462558e-11
1.707699951171875000e+03 5.007791118789668612e-11
1.709000000000000000e+03 4.981191822468296874e-11
1.710299926757812500e+03 4.954800595863724579e-11
1.711599975585937500e+03 4.928617789261670775e-11
1.712899902343750000e+03 4.902639549519231099e-11
1.714199951171875000e+03 4.876863074350657686e-11
1.715500000000000000e+03 4.851285911755921720e-11
1.716800048828125000e+03 4.825908061735021264e-11
1.718099975585937500e+03 4.800727422573647195e-11
1.719400024414062500e+03 4.775741542271768113e-11
1.720699951171875000e+03 4.750947618543637446e-11
1.722000000000000000e+03 4.726344950817817743e-11
1.723300048828125000e+03 4.701930036237123043e-11
1.724599975585937500e+03 4.677701473658680384e-11
1.725900024414062500e+03 4.653657861939614864e-11
1.727199951171875000e+03 4.629796749079897020e-11
1.728500000000000000e+03 4.606116383650934195e-11
1.729799926757812500e+03 4.582615014224135025e-11
1.731099975585937500e+03 4.559291239656623315e-11
1.732399902343750000e+03 4.536142958234089297e-11
1.733699951171875000e+03 4.513168068242221913e-11
1.735000000000000000e+03 4.490365168538146260e-11
1.736299926757812500e+03 4.467732857978989376e-11
1.737599975585937500e+03 4.445267283421846897e-11
1.738899902343750000e+03 4.422970896866748931e-11
1.740199951171875000e+03 4.400838794313634616e-11
1.741499877929687500e+03 4.378869574619632282e-11
1.742799926757812500e+03 4.357062887499022233e-11
1.744099853515625000e+03 4.335415930666055313e-11
1.745399902343750000e+03 4.313928353835015058e-11
1.746699951171875000e+03 4.292598055291588470e-11
1.747999877929687500e+03 4.271423283607184184e-11
1.749299926757812500e+03 4.250402287353209542e-11
1.750599853515625000e+03 4.229534015672508691e-11
1.751899902343750000e+03 4.208817417707925132e-11
1.753199829101562500e+03 4.188249340887993891e-11
1.754500122070312500e+03 4.167827683498403261e-11
1.755800048828125000e+03 4.147555247824900462e-11
1.757100097656250000e+03 4.127428881296020519e-11
1.758400024414062500e+03 4.107445431340295225e-11
1.759700073242187500e+03 4.087605248243444278e-11
1.761000000000000000e+03 4.067906230291155969e-11
1.762300048828125000e+03 4.048347326626274447e-11
1.763600097656250000e+03 4.028926785820207699e-11
1.764900024414062500e+03 4.009643557015799228e-11
1.766200073242187500e+03 3.990496589355895117e-11
1.767500000000000000e+03 3.971484131411901418e-11
1.768800048828125000e+03 3.952605482612381326e-11
1.770099975585937500e+03 3.933858541243024427e-11
1.771400024414062500e+03 3.915242606732393271e-11
1.772699951171875000e+03 3.896756277937613602e-11
1.774000000000000000e+03 3.878398854287248616e-11
1.775300048828125000e+03 3.860168234066987253e-11
1.776599975585937500e+03 3.842064066991109818e-11
1.777900024414062500e+03 3.824085302202463043e-11
1.779199951171875000e+03 3.806230538558170734e-11
1.780500000000000000e+03 3.788497674343922478e-11
1.781799926757812500e+03 3.770886709559718921e-11
1.783099975585937500e+03 3.753395542491249003e-11
1.784399902343750000e+03 3.736024173138511432e-11
1.785699951171875000e+03 3.718771900930070049e-11
1.787000000000000000e+03 3.701636273865895392e-11
1.788299926757812500e+03 3.684616241088830963e-11
1.789599975585937500e+03 3.667711802598878052e-11
1.790899902343750000e+03 3.650921557253161760e-11
1.792199951171875000e+03 3.634243753623090075e-11
1.793499877929687500e+03 3.617678741994380752e-11
1.794799926757812500e+03 3.601224420652722732e-11
1.796099853515625000e+03 3.584879388455242407e-11
1.797399902343750000e+03 3.568643645401940421e-11
1.798699951171875000e+03 3.552516841207096435e-11
1.799999877929687500e+03 3.536496523870682278e-11
1.801299926757812500e+03 3.520582343106979548e-11
1.802599853515625000e+03 3.504773248058831747e-11
1.803899902343750000e+03 3.489068538154802069e-11
1.805200073242187500e+03 3.473464710537705846e-11
1.806500122070312500e+03 3.457966318921882953e-11
1.807800048828125000e+03 3.442568809592994162e-11
1.809100097656250000e+03 3.427272182551038179e-11
1.810400024414062500e+03 3.412075386938859151e-11
1.811700073242187500e+03 3.396977722185020921e-11
1.813000000000000000e+03 3.381978137432368281e-11
1.814300048828125000e+03 3.367075231538025684e-11
1.815599975585937500e+03 3.352269004501994422e-11
1.816900024414062500e+03 3.337558055181400886e-11
1.818200073242187500e+03 3.322942733861962186e-11
1.819500000000000000e+03 3.308420588543648214e-11
1.820800048828125000e+03 3.293991619226460908e-11
1.822099975585937500e+03 3.279654775053243769e-11
1.823400024414062500e+03 3.265409705738278395e-11
1.824699951171875000e+03 3.251255360424408933e-11
1.826000000000000000e+03 3.237191038540198579e-11
1.827299926757812500e+03 3.223215689228491478e-11
1.828599975585937500e+03 3.209328962203569876e-11
1.829900024414062500e+03 3.195530156893996322e-11
1.831199951171875000e+03 3.181817521871177511e-11
1.832500000000000000e+03 3.168192107992269943e-11
1.833799926757812500e+03 3.154651813542962559e-11
1.835099975585937500e+03 3.141196288237536309e-11
1.836399902343750000e+03 3.127824831504554390e-11
1.837699951171875000e+03 3.114537093058297752e-11
1.838999877929687500e+03 3.101331671755893433e-11
1.840299926757812500e+03 3.088208567597340787e-11
1.841599975585937500e+03 3.075166729725483960e-11
1.842899902343750000e+03 3.062205457568886149e-11
1.844199951171875000e+03 3.049324400841828951e-11
1.845499877929687500e+03 3.036522508687157159e-11
1.846799926757812500e+03 3.023799080533432676e-11
1.848099853515625000e+03 3.011153766094938392e-11
1.849399902343750000e+03 2.998585864800236210e-11
1.850699829101562500e+03 2.986094676077889973e-11
1.851999877929687500e+03 2.973679849642179985e-11
1.853299926757812500e+03 2.961340684921670088e-11
1.854599853515625000e+03 2.949076481344922832e-11
1.855900024414062500e+03 2.936884436626190351e-11
1.857200073242187500e+03 2.924768228765517486e-11
1.858500122070312500e+03 2.912724880334295555e-11
1.859800048828125000e+03 2.900754566475385052e-11
1.861100097656250000e+03 2.888855710903051875e-11
1.862400024414062500e+03 2.877028313617296669e-11
1.863700073242187500e+03 2.865272024332400708e-11
1.865000000000000000e+03 2.853585792191207818e-11
1.866300048828125000e+03 2.841969617193718645e-11
1.867599975585937500e+03 2.830421747911340529e-11
1.868900024414062500e+03 2.818943235201229003e-11
1.870200073242187500e+03 2.807532327634791407e-11
1.871500000000000000e+03 2.796189200354887267e-11
1.872800048828125000e+03 2.784912977647219607e-11
1.874099975585937500e+03 2.773702958940352269e-11
1.875400024414062500e+03 2.762559144234284607e-11
1.876699951171875000e+03 2.751480832957579170e-11
1.878000000000000000e+03 2.740466799110222520e-11
1.879299926757812500e+03 2.729518093549369216e-11
1.880599975585937500e+03 2.718632614560708200e-11
1.881900024414062500e+03 2.707810362144239794e-11
1.883199951171875000e+03 2.697051511442823200e-11
1.884500000000000000e+03 2.686354836456444009e-11
1.885799926757812500e+03 2.675720512327960130e-11
1.887099975585937500e+03 2.665147313057358126e-11
1.888399902343750000e+03 2.654635413787496549e-11
1.889699951171875000e+03 2.644183938804079073e-11
1.890999877929687500e+03 2.633792012392810014e-11
1.892299926757812500e+03 2.623459984839407451e-11
1.893599975585937500e+03 2.613187155572434580e-11
1.894899902343750000e+03 2.602973174306172352e-11
1.896199951171875000e+03 2.592817165326325086e-11
1.897499877929687500e+03 2.582719303775751335e-11
1.898799926757812500e+03 2.572678538797296217e-11
1.900099853515625000e+03 2.562694870390959730e-11
1.901399902343750000e+03 2.552767422842445224e-11
1.902699829101562500e+03 2.542896546437471423e-11
1.903999877929687500e+03 2.533081015176023597e-11
1.905299926757812500e+03 2.523320653915241898e-11
1.906600097656250000e+03 2.513613711226534315e-11
1.907900024414062500e+03 2.503962639109930633e-11
1.909200073242187500e+03 2.494365686136837549e-11
1.910500000000000000e+03 2.484822151735818904e-11
1.911800048828125000e+03 2.475332561335451654e-11
1.913100097656250000e+03 2.465894988364284266e-11
1.914400024414062500e+03 2.456510133393753866e-11
1.915700073242187500e+03 2.447177120709564125e-11
1.917000000000000000e+03 2.437896125454574568e-11
1.918300048828125000e+03 2.428666447057347421e-11
1.919599975585937500e+03 2.419487384946446203e-11
1.920900024414062500e+03 2.410358939121870913e-11
1.922199951171875000e+03 2.401280409012184424e-11
1.923500000000000000e+03 2.392252144903105138e-11
1.924800048828125000e+03 2.383272920794618647e-11
1.926099975585937500e+03 2.374342911829583829e-11
1.927400024414062500e+03 2.365461592579422759e-11
1.928699951171875000e+03 2.356628963044136081e-11
1.930000000000000000e+03 2.347843972366567620e-11
1.931299926757812500e+03 2.339106795689576577e-11
1.932599975585937500e+03 2.330417257870304397e-11
1.933899902343750000e+03 2.321773782623016978e-11
1.935199951171875000e+03 2.313177771090588897e-11
1.936500000000000000e+03 2.304627997273005101e-11
1.937799926757812500e+03 2.296123585455969261e-11
1.939099975585937500e+03 2.287665936782355956e-11
1.940399902343750000e+03 2.279252599252134753e-11
1.941699951171875000e+03 2.270884798865321030e-11
1.942999877929687500e+03 2.262561134479040209e-11
1.944299926757812500e+03 2.254282306664730387e-11
1.945599853515625000e+03 2.246047614850953144e-11
1.946899902343750000e+03 2.237856708751991046e-11
1.948199951171875000e+03 2.229708712653547120e-11
1.949499877929687500e+03 2.221604327127058814e-11
1.950799926757812500e+03 2.213542326172511399e-11
1.952099853515625000e+03 2.205523235218481832e-11
1.953399902343750000e+03 2.197546178550674753e-11
1.954699829101562500e+03 2.189611331311949364e-11
1.955999877929687500e+03 2.181717817788008688e-11
1.957300048828125000e+03 2.173864587121697521e-11
1.958600097656250000e+03 2.166053741027327244e-11
1.959900024414062500e+03 2.158283703219164077e-11
1.961200073242187500e+03 2.150553948268630742e-11
1.962500000000000000e+03 2.142864476175726591e-11
1.963800048828125000e+03 2.135214936654733868e-11
1.965100097656250000e+03 2.127604979419933526e-11
1.966400024414062500e+03 2.120034604471325563e-11
1.967700073242187500e+03 2.112502936094613975e-11
1.969000000000000000e+03 2.105010499718376364e-11
1.970300048828125000e+03 2.097556419628316402e-11
1.971599975585937500e+03 2.090140870967293614e-11
1.972900024414062500e+03 2.082763328306729748e-11
1.974199951171875000e+03 2.075423966789484331e-11
1.975500000000000000e+03 2.068121210129824229e-11
1.976800048828125000e+03 2.060856459470623049e-11
1.978099975585937500e+03 2.053628663954725910e-11
1.979400024414062500e+03 2.046437298153553915e-11
1.980699951171875000e+03 2.039282887495686283e-11
1.982000000000000000e+03 2.032164906552544117e-11
1.983299926757812500e+03 2.025082654752690938e-11
1.984599975585937500e+03 2.018036307238985623e-11
1.985899902343750000e+03 2.011025338582851214e-11
1.987199951171875000e+03 2.004049748784286419e-11
1.988500000000000000e+03 1.997109187557573482e-11
1.989799926757812500e+03 1.990203830045571928e-11
1.991099975585937500e+03 1.983333150819703506e-11
1.992399902343750000e+03 1.976496624451390291e-11
1.993699951171875000e+03 1.969694075797773727e-11
1.994999877929687500e+03 1.962925504858853168e-11
1.996299926757812500e+03 1.956190736491769736e-11
1.997599853515625000e+03 1.949489595553663907e-11
1.998899902343750000e+03 1.942821731758817278e-11
