5.273004159737087679e-03
5.285997133151243248e-03
5.292971151647384367e-03
5.297881519530100308e-03
5.301729557207162172e-03
5.304908542707088143e-03
5.307527559657543650e-03
5.309884116892805289e-03
5.311979053588800591e-03
5.313840172254773175e-03
5.315581766046875017e-03
5.317134722405345015e-03
5.318589998498929675e-03
5.319952808924183034e-03
5.321240848672643964e-03
5.322450261652669420e-03
5.323592572836324636e-03
5.324662142688422681e-03
5.325691389209580816e-03
5.326678312911031776e-03
5.327608122394716927e-03
5.328500361161643030e-03
5.329363263122408566e-03
5.330195585936564270e-03
5.330995411823897731e-03
5.331775939648920708e-03
5.332524723082033430e-03
5.333255340728075382e-03
5.333968200940520862e-03
5.334662464004846262e-03
5.335332273262937373e-03
5.335977123812016623e-03
5.336613020728026534e-03
5.337244284713104324e-03
5.337848844991134427e-03
5.338433242212799364e-03
5.339005016323974256e-03
5.339560119389988486e-03
5.340106477706885180e-03
5.340646657874982030e-03
5.341175356931628440e-03
5.341690840207907222e-03
5.342200286270058079e-03
5.342697898109118743e-03
5.343192588741136652e-03
5.343671750079656731e-03
5.344141477285858574e-03
5.344607566600935791e-03
5.345061107714447514e-03
5.345519054663580918e-03
5.345959710308633914e-03
5.346394074932100428e-03
5.346818550681906035e-03
5.347235346421946346e-03
5.347650318020855977e-03
5.348057307530502610e-03
5.348463183494983446e-03
5.348858972390611345e-03
5.349251881017233305e-03
5.349639912266964011e-03
5.350022685996145590e-03
5.350395782834737116e-03
5.350771794761509034e-03
5.351142451503856576e-03
5.351504365609136699e-03
5.351867133632000166e-03
5.352219543832334274e-03
5.352573024763117998e-03
5.352918007171144667e-03
5.353265020726628159e-03
5.353606349205758397e-03
5.353941334663244248e-03
5.354271483981631538e-03
5.354600855071092215e-03
5.354931327918353336e-03
5.355247953432859184e-03
5.355560819454867338e-03
5.355871215603188844e-03
5.356187820531142264e-03
5.356494894652359846e-03
5.356803781739068702e-03
5.357113938107596965e-03
5.357410473663542366e-03
5.357702855114278642e-03
5.358001477393456620e-03
5.358297672494655162e-03
5.358592620567229244e-03
5.358875390548458947e-03
5.359154115727246016e-03
5.359435031051504317e-03
5.359718639512746872e-03
5.359999040010949255e-03
5.360275100074683198e-03
5.360541645494952545e-03
5.360810783722442553e-03
5.361076395554772306e-03
5.361346821286435034e-03
5.361611702493225551e-03
5.361873665905706084e-03
5.362134882051754724e-03
5.362393746318048181e-03
5.362653050082294426e-03
5.362906912024110496e-03
5.363161887064844292e-03
5.363411945318407974e-03
5.363660233920879324e-03
5.363909993555223375e-03
5.364154720791417322e-03
5.364399600225646693e-03
5.364642987368964562e-03
5.364881910309393133e-03
5.365123617576655901e-03
5.365369200024646193e-03
5.365607406181437111e-03
5.365845246479145417e-03
5.366082134183039996e-03
5.366316725513612176e-03
5.366550036411147848e-03
5.366780437708618297e-03
5.367008605450950161e-03
5.367235905317465673e-03
5.367463071000081951e-03
5.367688531823056747e-03
5.367912022216906123e-03
5.368136159707224790e-03
5.368356092516763690e-03
5.368577547139659345e-03
5.368799745079077916e-03
5.369018363675917213e-03
5.369234122715107679e-03
5.369448342343134499e-03
5.369662573397844703e-03
5.369871754425298294e-03
5.370085909616933127e-03
5.370299830120251437e-03
5.370511033488591796e-03
5.370718663304639533e-03
5.370923029235353391e-03
5.371131578977761910e-03
5.371336999696685668e-03
5.371545740101112479e-03
5.371750928650052478e-03
5.371952411146602158e-03
5.372156668483186667e-03
5.372357452247065665e-03
5.372556373488367523e-03
5.372755517826897573e-03
5.372955944024835305e-03
5.373154936510229386e-03
5.373353685204927503e-03
5.373550891124821878e-03
5.373748541080875657e-03
5.373942194098560617e-03
5.374132711680587940e-03
5.374327222026603623e-03
5.374513895564324989e-03
5.374705147746552426e-03
5.374890940059267631e-03
5.375076742243113659e-03
5.375262967592663553e-03
5.375453074057569627e-03
5.375641919616251652e-03
5.375829597301268713e-03
5.376014095336041285e-03
5.376199967822289233e-03
5.376384882240246681e-03
5.376564183398060102e-03
5.376748570504697941e-03
5.376929294909310424e-03
5.377111068289308626e-03
5.377291896301838493e-03
5.377466398891759050e-03
5.377641972652912050e-03
5.377817693559275997e-03
5.377996217712491603e-03
5.378172612519910301e-03
5.378348819465719050e-03
5.378525586856866374e-03
5.378705581147586769e-03
5.378878520014338145e-03
5.379050489949098457e-03
5.379222856887311451e-03
5.379393971224612561e-03
5.379567835389198818e-03
5.379742256918897472e-03
5.379913059846325868e-03
5.380084990243591374e-03
5.380252955626031730e-03
5.380420665748971917e-03
5.380586676948125729e-03
5.380752090358502729e-03
5.380916248066813963e-03
5.381083686257242919e-03
5.381249982937622196e-03
5.381414899429504128e-03
5.381578243998920603e-03
5.381740193967801331e-03
5.381903625784169656e-03
5.382068912382783309e-03
5.382230946642294935e-03
5.382394087581792060e-03
5.382555672745109425e-03
5.382719905687652698e-03
5.382880778302403038e-03
5.383041160572860431e-03
5.383197892436257861e-03
5.383360525091818345e-03
5.383521757880701392e-03
5.383681487436491747e-03
5.383838283267179843e-03
5.383996896881539790e-03
5.384152957083110369e-03
5.384310825449332809e-03
5.384465974981302028e-03
5.384624436701409590e-03
5.384778226221152708e-03
5.384935367393270736e-03
5.385088798282608967e-03
5.385246238407855740e-03
5.385402659188842471e-03
5.385559138043871305e-03
5.385712419773341919e-03
5.385866409052814628e-03
5.386017154518914045e-03
5.386166967189453050e-03
5.386319003985590159e-03
5.386469817345113098e-03
5.386622114956724459e-03
5.386769142174933737e-03
5.386921312944335620e-03
5.387072829694240957e-03
5.387220565126592080e-03
5.387372793230228545e-03
5.387519671596798475e-03
5.387667323456940549e-03
5.387815102469124123e-03
5.387963465477924388e-03
5.388108448182269902e-03
5.388255171080269523e-03
5.388402359233883561e-03
5.388547789523849552e-03
5.388693863560441860e-03
5.388839888289001685e-03
5.388982559270869693e-03
5.389127843546244641e-03
5.389269888367184853e-03
5.389414375966828340e-03
5.389558036309530925e-03
5.389701236045455097e-03
5.389844345187001784e-03
5.389986342728587086e-03
5.390129253342506276e-03
5.390274007704788650e-03
5.390417806246444385e-03
5.390560369368898284e-03
5.390701438706149880e-03
5.390844362415735114e-03
5.390983174818456819e-03
5.391123252534762468e-03
5.391264385584517219e-03
5.391400474805169325e-03
5.391541433699407679e-03
5.391681757160956927e-03
5.391822403116783985e-03
5.391961661830957028e-03
5.392101269888987733e-03
5.392240972326653621e-03
5.392380887352985798e-03
5.392519020663616783e-03
5.392657161662057358e-03
5.392796041140983897e-03
5.392931474619559913e-03
5.393066565727798120e-03
5.393203159457660677e-03
5.393339979077553872e-03
5.393476211077483963e-03
5.393613429238021222e-03
5.393750492574458759e-03
5.393884724034538752e-03
5.394020418523653472e-03
5.394156070340079892e-03
5.394292991597999208e-03
5.394427526141451837e-03
5.394561468725028383e-03
5.394695010152576395e-03
5.394829490741278634e-03
5.394964009845894422e-03
5.395098493970949295e-03
5.395231083389459732e-03
5.395364228621610074e-03
5.395499927729360129e-03
5.395634214540332395e-03
5.395764502618200474e-03
5.395896780302324343e-03
5.396027380609096612e-03
5.396160281350793030e-03
5.396294518935914469e-03
5.396427397194789727e-03
5.396558943233999671e-03
5.396692348948750780e-03
5.396822657185286129e-03
5.396953727883958309e-03
5.397086125580452011e-03
5.397216436305178437e-03
5.397346825427398222e-03
5.397476450568141834e-03
5.397606613456438530e-03
5.397736799985309968e-03
5.397867724251116314e-03
5.397996481802798570e-03
5.398125429640018152e-03
5.398254418371438955e-03
5.398383933029309717e-03
5.398509041089709880e-03
5.398639685808934163e-03
5.398766611959899576e-03
5.398895156242064335e-03
5.399024711978625893e-03
5.399151103725791448e-03
5.399277855127253799e-03
5.399404554274424110e-03
5.399533626489010606e-03
5.399660230469192912e-03
5.399789250193343798e-03
5.399916704340109071e-03
5.400046325632259364e-03
5.400174513733159952e-03
5.400301528535645518e-03
5.400431219978796271e-03
5.400556182685736263e-03
5.400684336612336309e-03
5.400810241465684933e-03
5.400934114749174168e-03
5.401057831522929412e-03
5.401184840144099102e-03
5.401308983894438642e-03
5.401432849666698392e-03
5.401558483620508971e-03
5.401683273649072158e-03
5.401807162573167391e-03
5.401931684569114510e-03
5.402057471094082186e-03
5.402181498847747655e-03
5.402305421738964539e-03
5.402428227092750772e-03
5.402551959209174991e-03
5.402674662691084838e-03
5.402798924389983284e-03
5.402918852060172028e-03
5.403041681196257308e-03
5.403162861553253635e-03
5.403286887137623111e-03
5.403410374075353143e-03
5.403532344506719112e-03
5.403656464129834129e-03
5.403779460209857249e-03
5.403902910459671555e-03
5.404024705652881073e-03
5.404145924015823013e-03
5.404270316431171277e-03
5.404392852435926584e-03
5.404513084662577842e-03
5.404635537231364077e-03
5.404759082709472383e-03
5.404880307605697785e-03
5.405000551275589496e-03
5.405121938582080690e-03
5.405243144379449048e-03
5.405364370469911868e-03
5.405482515270258401e-03
5.405604378548083122e-03
5.405723635094558839e-03
5.405844202916593177e-03
5.405964041299502962e-03
5.406087297105345059e-03
5.406205493661029454e-03
5.406326267899930899e-03
5.406446105396244331e-03
5.406566499849906060e-03
5.406685417750449300e-03
5.406804512629184191e-03
5.406923957426282464e-03
5.407043587715419132e-03
5.407163474604914817e-03
5.407283379807332861e-03
5.407401123870934391e-03
5.407521851869353038e-03
5.407640473000116521e-03
5.407758852154742092e-03
5.407878566786653712e-03
5.408000562750764871e-03
5.408117524584427592e-03
5.408237391756476851e-03
5.408357111392944269e-03
5.408474379836650768e-03
5.408592176710073918e-03
5.408710395164071337e-03
5.408827799380597906e-03
5.408947754292929219e-03
5.409064718307320628e-03
5.409184686962911943e-03
5.409301766438369408e-03
5.409419174270867214e-03
5.409536569269833041e-03
5.409655066746303122e-03
5.409771471625287285e-03
5.409888479367365097e-03
5.410004712764470217e-03
5.410119040168322353e-03
5.410236096058896639e-03
5.410353833909679715e-03
5.410471635518592642e-03
5.410587350853254124e-03
5.410703794396979835e-03
5.410819182964783820e-03
5.410937598602236567e-03
5.411055131234051088e-03
5.411170651228099093e-03
5.411285296337184879e-03
5.411404025256970861e-03
5.411519534415704449e-03
5.411637030019234886e-03
5.411752654238649943e-03
5.411870355707748027e-03
5.411987927699497131e-03
5.412104628948703929e-03
5.412219728090464886e-03
5.412336075152972617e-03
5.412450921294765377e-03
5.412566063414045447e-03
5.412681949971658545e-03
5.412796562023993417e-03
5.412912903565067144e-03
5.413029959340826154e-03
5.413144829660916299e-03
5.413258511217292242e-03
5.413375910426981852e-03
5.413493084132567357e-03
5.413609668059645580e-03
5.413724629167782944e-03
5.413841026289395973e-03
5.413958136328980188e-03
5.414076006501101178e-03
5.414193214919953666e-03
5.414308113295997205e-03
5.414422975525854873e-03
5.414537178951022919e-03
5.414652152470849147e-03
5.414765525051064461e-03
5.414879949580672820e-03
5.414995620481389063e-03
5.415111942369569761e-03
5.415226714970457385e-03
5.415342301186901013e-03
5.415457630607775456e-03
5.415570669382899563e-03
5.415686520699423967e-03
5.415800525234862675e-03
5.415915676107007498e-03
5.416031304258044077e-03
5.416144167028596156e-03
5.416259395387751710e-03
5.416374752189942986e-03
5.416487515576636283e-03
5.416603323179205488e-03
5.416717137499838484e-03
5.416830980189051535e-03
5.416947626793935412e-03
5.417063244768780504e-03
5.417175582732427185e-03
5.417289814164674526e-03
5.417404184922097396e-03
5.417519823019866648e-03
5.417633766001806080e-03
5.417749363881760143e-03
5.417863701862695759e-03
5.417976492094164591e-03
5.418093670918465443e-03
5.418208370573322774e-03
5.418321070347900496e-03
5.418435659181625175e-03
5.418550740800583479e-03
5.418666061555204444e-03
5.418780222969100425e-03
5.418894167177906555e-03
5.419009369361334726e-03
5.419122162338389434e-03
5.419236967590391509e-03
5.419350678016175184e-03
5.419464096586524941e-03
5.419577692565987273e-03
5.419693000943483739e-03
5.419808363143491757e-03
5.419921387890073647e-03
5.420034557104373707e-03
5.420151919491086358e-03
5.420266417607098181e-03
5.420382074314166430e-03
5.420496585573573479e-03
5.420611383078486126e-03
5.420728019799567025e-03
5.420840895358357454e-03
5.420955544109080579e-03
5.421070388458351479e-03
5.421185470411806102e-03
5.421300609122082191e-03
5.421414300735714377e-03
5.421527150823409955e-03
5.421640232663240376e-03
5.421755347793415052e-03
5.421870298449381169e-03
5.421985104934469793e-03
5.422100554100616962e-03
5.422214868742604617e-03
5.422328586733661353e-03
5.422441984106494278e-03
5.422557294019831643e-03
5.422671246579190661e-03
5.422785311477857674e-03
5.422899171091566384e-03
5.423011708080088637e-03
5.423126992292880144e-03
5.423242314192030025e-03
5.423355850469739267e-03
5.423468954801054925e-03
5.423583853407428108e-03
5.423698982312287302e-03
5.423814023663542372e-03
5.423928019957041831e-03
5.424042086856041903e-03
5.424157542634908125e-03
5.424271578967763095e-03
5.424384478192158590e-03
5.424499704150984210e-03
5.424615122186856805e-03
5.424730164534874444e-03
5.424847518432471434e-03
5.424960717674426336e-03
5.425075862500404987e-03
5.425192225862999866e-03
5.425305598308687374e-03
5.425418855051861340e-03
5.425533151813849431e-03
5.425647330597371115e-03
5.425762007556159464e-03
5.425875006471720004e-03
5.425991889902693870e-03
5.426106771939865313e-03
5.426223795103435332e-03
5.426339280705105503e-03
5.426453197464454863e-03
5.426569927081562571e-03
5.426684005424247184e-03
5.426796623531337030e-03
5.426910782549255498e-03
5.427026612760181730e-03
5.427142924523192628e-03
5.427259005445383977e-03
5.427374341244297143e-03
5.427489957242783922e-03
5.427605688165778111e-03
5.427722184766098530e-03
5.427839566680679219e-03
5.427954257519365666e-03
5.428069184468811530e-03
5.428185478803332353e-03
5.428300686743819416e-03
5.428415605029485516e-03
5.428532796694161833e-03
5.428647350895056921e-03
5.428761645839493694e-03
5.428878962579868940e-03
5.428994995513349194e-03
5.429113189179185506e-03
5.429229818923288382e-03
5.429346633505863044e-03
5.429461466462862269e-03
5.429575372225593950e-03
5.429693558571630115e-03
5.429809908840836641e-03
5.429924668547938399e-03
5.430041638209468814e-03
5.430159316836159246e-03
5.430274996844154656e-03
5.430391476007150921e-03
5.430510304807927534e-03
5.430627657678968080e-03
5.430744016717028305e-03
5.430861549802881542e-03
5.430978092989486271e-03
5.431093350470196819e-03
5.431209082123140096e-03
5.431326359625668863e-03
5.431444565893905202e-03
5.431559986943527638e-03
5.431677694341228817e-03
5.431796612608403262e-03
5.431913250058203330e-03
5.432028424865878793e-03
5.432147362924993027e-03
5.432264024471364187e-03
5.432382332473143123e-03
5.432500703321920497e-03
5.432620008811385633e-03
5.432741543097427753e-03
5.432860377215395498e-03
5.432977383452751614e-03
5.433097118427288388e-03
5.433217081127157677e-03
5.433336506139009592e-03
5.433456091420465518e-03
5.433573921378728223e-03
5.433694542077987730e-03
5.433813277294092213e-03
5.433930576475936441e-03
5.434049700777432435e-03
5.434170028127840654e-03
5.434287748673012793e-03
5.434406826812661004e-03
5.434526429977280630e-03
5.434645682828235028e-03
5.434763222435345757e-03
5.434884267486255437e-03
5.435004568514314842e-03
5.435123896249590206e-03
5.435245678471672080e-03
5.435367278083798152e-03
5.435488022072906475e-03
5.435607794876944933e-03
5.435728703529062178e-03
5.435848644087051124e-03
5.435968099033849921e-03
5.436088232138792074e-03
5.436210138843787509e-03
5.436330604660570380e-03
5.436450442173664660e-03
5.436571420876365295e-03
5.436693990241353580e-03
5.436817331236802782e-03
5.436939844919594367e-03
5.437062273633732311e-03
5.437181852300288637e-03
5.437304566164992935e-03
5.437424968952795333e-03
5.437549396253201113e-03
5.437674425317388927e-03
5.437796349936478181e-03
5.437917975266758422e-03
5.438038427946238415e-03
5.438160223219197509e-03
5.438284044320361443e-03
5.438408926995244065e-03
5.438532709832005936e-03
5.438656062679983645e-03
5.438783675516495157e-03
5.438907603572165975e-03
5.439030047766156561e-03
5.439152918006180670e-03
5.439276072190790505e-03
5.439400705524330415e-03
5.439525019130028033e-03
5.439648628889202052e-03
5.439775603767608818e-03
5.439899862098754139e-03
5.440025408604208003e-03
5.440150390384094342e-03
5.440276557991569582e-03
5.440402315668574178e-03
5.440527689449126819e-03
5.440653495267119139e-03
5.440780263564557427e-03
5.440909661599657721e-03
5.441036331140887937e-03
5.441161020420757881e-03
5.441289091447838212e-03
5.441415150278586244e-03
5.441542992009714558e-03
5.441672215472625682e-03
5.441799069839061385e-03
5.441927080091882828e-03
5.442058200977410547e-03
5.442184704316064756e-03
5.442312045879561799e-03
5.442437505271385118e-03
5.442565855966947398e-03
5.442695512067030270e-03
5.442820536729132616e-03
5.442947934932409332e-03
5.443076295586323464e-03
5.443205518601198015e-03
5.443335914845975551e-03
5.443464173286210322e-03
5.443594003872283954e-03
5.443723628488124529e-03
5.443855255368655957e-03
5.443985856311659745e-03
5.444114518884359856e-03
5.444243052015952829e-03
5.444374548711218911e-03
5.444507594439603783e-03
5.444636483153418409e-03
5.444767281961655943e-03
5.444901494690473735e-03
5.445031252217724486e-03
5.445161400314162473e-03
5.445292393068699131e-03
5.445421952615257279e-03
5.445555894228226550e-03
5.445688590876828113e-03
5.445823517010541827e-03
5.445958365785464293e-03
5.446094424440627024e-03
5.446228447671413835e-03
5.446362609750184103e-03
5.446497486583788683e-03
5.446629634115232252e-03
5.446764623735356539e-03
5.446896523167767470e-03
5.447031139013127146e-03
5.447166150279177804e-03
5.447303370325577189e-03
5.447439419004381639e-03
5.447574958348262893e-03
5.447709863524091874e-03
5.447845955315850502e-03
5.447982097724022102e-03
5.448117088917098227e-03
5.448253413538042475e-03
5.448391515896995607e-03
5.448530484340518253e-03
5.448667984573597918e-03
5.448806482374871432e-03
5.448946559502403260e-03
5.449084837095712064e-03
5.449225584822530062e-03
5.449362406080711721e-03
5.449502843270765014e-03
5.449640324911874702e-03
5.449783811939731305e-03
5.449924397089961695e-03
5.450064659738574659e-03
5.450204860001440881e-03
5.450345683739148302e-03
5.450486243439094450e-03
5.450629642146512417e-03
5.450771760118339020e-03
5.450915997397939167e-03
5.451059719024178157e-03
5.451205751100500138e-03
5.451350248949740802e-03
5.451492787314268090e-03
5.451636415523920115e-03
5.451778412600877081e-03
5.451921245950127649e-03
5.452064260112601986e-03
5.452209842250014919e-03
5.452356993865593339e-03
5.452500968536025568e-03
5.452645976052049835e-03
5.452792700973304284e-03
5.452941349588275206e-03
5.453085587987753849e-03
5.453230428149428120e-03
5.453377231406444925e-03
5.453525004548565383e-03
5.453675090079006596e-03
5.453823222490944943e-03
5.453973690850587655e-03
5.454123065682019676e-03
5.454271699874071143e-03
5.454422232122801452e-03
5.454573748326271496e-03
5.454725698179047240e-03
5.454875454128368245e-03
5.455027928065345373e-03
5.455181793624743099e-03
5.455336235465257401e-03
5.455490272699999206e-03
5.455646351979492187e-03
5.455796281214686690e-03
5.455948854149201416e-03
5.456101252488071776e-03
5.456253968411345356e-03
5.456411078267426815e-03
5.456563687674823547e-03
5.456719158960156302e-03
5.456874107589079585e-03
5.457030020230778725e-03
5.457186482185683030e-03
5.457342882886874295e-03
5.457499718205233337e-03
5.457660710039515493e-03
5.457818824497299992e-03
5.457976794992417183e-03
5.458136213915287110e-03
5.458294492674792275e-03
5.458454136114702579e-03
5.458615677045254924e-03
5.458779588160757486e-03
5.458939597472996751e-03
5.459102308154185727e-03
5.459263451877638396e-03
5.459429723135248748e-03
5.459593820981403951e-03
5.459759363321482067e-03
5.459923933561663077e-03
5.460090453187712960e-03
5.460253974927619519e-03
5.460420511815426529e-03
5.460584900478209457e-03
5.460755283017880261e-03
5.460924394667567537e-03
5.461090652927905360e-03
5.461263487727303044e-03
5.461435695037123936e-03
5.461602712041175450e-03
5.461772044205434606e-03
5.461942545832815590e-03
5.462117456698151359e-03
5.462287553693932415e-03
5.462459791280236017e-03
5.462634353968277498e-03
5.462807069431973271e-03
5.462985676167124091e-03
5.463160378413161808e-03
5.463337226159607936e-03
5.463513559343011715e-03
5.463691002852850455e-03
5.463867378921014213e-03
5.464044007355894038e-03
5.464226191282757841e-03
5.464404117234064433e-03
5.464582464672167877e-03
5.464766085058395464e-03
5.464949130465514456e-03
5.465133337710086081e-03
5.465318472605424673e-03
5.465501249235062489e-03
5.465685532903857835e-03
5.465873415007631124e-03
5.466057502513811672e-03
5.466244503756531592e-03
5.466434401278432408e-03
5.466627249832663182e-03
5.466814206066195753e-03
5.467003711359865771e-03
5.467195247101200827e-03
5.467388363886778457e-03
5.467585261988786201e-03
5.467780210222374440e-03
5.467974883371105876e-03
5.468175392616737331e-03
5.468375259116864395e-03
5.468576785943694840e-03
5.468778303224860679e-03
5.468980489333044592e-03
5.469181489622922110e-03
5.469383580098765435e-03
5.469584232008760719e-03
5.469786723593929485e-03
5.469990839393416848e-03
5.470197932629609384e-03
5.470401818921954290e-03
5.470608897140012521e-03
5.470814568092076911e-03
5.471022533971484948e-03
5.471239615355586068e-03
5.471448929893780316e-03
5.471663091951997973e-03
5.471875611885290876e-03
5.472094609529949347e-03
5.472308211115837866e-03
5.472528479356515360e-03
5.472749569969233112e-03
5.472967052826820632e-03
5.473188677639522978e-03
5.473411240153330456e-03
5.473632427519406138e-03
5.473858342725212642e-03
5.474083358462938399e-03
5.474308308522485116e-03
5.474534626114801149e-03
5.474767792557722751e-03
5.475000922035019348e-03
5.475233877089296514e-03
5.475470026869461160e-03
5.475716088915514104e-03
5.475956968543513326e-03
5.476198725793718358e-03
5.476437170285089646e-03
5.476682604773870817e-03
5.476927095409506174e-03
5.477171155832542479e-03
5.477416084714997746e-03
5.477663225432794630e-03
5.477913567158736695e-03
5.478163247016444061e-03
5.478417529659236791e-03
5.478676440580040365e-03
5.478938937833531357e-03
5.479207803425799675e-03
5.479466939864304983e-03
5.479728498711221307e-03
5.479990915241629568e-03
5.480259220585174604e-03
5.480530280599063032e-03
5.480804574640245688e-03
5.481079018877137513e-03
5.481355855922593473e-03
5.481633820620775838e-03
5.481910273309438010e-03
5.482190543890349925e-03
5.482477805712078142e-03
5.482768381662429802e-03
5.483057039448823930e-03
5.483351441228752343e-03
5.483644828470224906e-03
5.483939085828084398e-03
5.484239070130631465e-03
5.484542466559628841e-03
5.484848746091940466e-03
5.485161581837462441e-03
5.485470589656990005e-03
5.485782097547842011e-03
5.486102217286769819e-03
5.486421301316429279e-03
5.486747388297907868e-03
5.487071795394924886e-03
5.487399301136618689e-03
5.487739095359088839e-03
5.488069800287103880e-03
5.488413886430604412e-03
5.488758691425683033e-03
5.489104812866961967e-03
5.489455781321073667e-03
5.489815629467980664e-03
5.490179483948665409e-03
5.490555046077745180e-03
5.490924244653870405e-03
5.491293234335442933e-03
5.491674382261244568e-03
5.492067862963790487e-03
5.492455423335764267e-03
5.492849864958434906e-03
5.493256633095193638e-03
5.493660165043374836e-03
5.494079324837810967e-03
5.494504192207726179e-03
5.494921588504149759e-03
5.495350658800393119e-03
5.495788803042826395e-03
5.496245395723247870e-03
5.496706638910462371e-03
5.497171333982928468e-03
5.497647974349290957e-03
5.498122198274993898e-03
5.498610007155244409e-03
5.499111652630515705e-03
5.499618603733124646e-03
5.500138447561932729e-03
5.500662780436123625e-03
5.501204998129419384e-03
5.501758818924242476e-03
5.502328063094978801e-03
5.502903433316431309e-03
5.503498898516655073e-03
5.504105872879415905e-03
5.504733149612354992e-03
5.505352620460917702e-03
5.506003153940796507e-03
5.506660052687338894e-03
5.507347614403628779e-03
5.508059695003604192e-03
5.508794745497164885e-03
5.509546100266125845e-03
5.510316445357633063e-03
5.511141289725139496e-03
5.511990381947399521e-03
5.512852774461020865e-03
5.513770985890177091e-03
5.514714248539673638e-03
5.515702404089810156e-03
5.516731899182147555e-03
5.517807391735779672e-03
5.518941861756248256e-03
5.520121909516777226e-03
5.521396083685831298e-03
5.522789283973711036e-03
5.524240863407900437e-03
5.525820404507527164e-03
5.527526913941546195e-03
5.529392540940707319e-03
5.531470130000998818e-03
5.533777284689501280e-03
5.536363946998307771e-03
5.539428911837981744e-03
5.543220783144064100e-03
5.548093457371068571e-03
5.555258306283470358e-03
5.568245838492608124e-03
