7.000000000000000000e+02 9.054728148981457323e-08
8.000000000000000000e+02 9.041403401706101281e-08
9.000000000000000000e+02 8.999148703568483104e-08
1.000000000000000000e+03 8.892469419115601219e-08
1.050000000000000000e+03 8.765263043025383189e-08
1.100000000000000000e+03 8.469834580034806720e-08
1.130000000000000000e+03 8.160624682164530714e-08
1.160000000000000000e+03 7.775523618644921616e-08
1.189000000000000000e+03 7.569968976982539749e-08
1.220000000000000000e+03 7.765098923079234903e-08
1.250000000000000000e+03 8.133236133069906904e-08
1.300000000000000000e+03 8.564199667836093942e-08
1.350000000000000000e+03 8.775984775883799798e-08
1.400000000000000000e+03 8.880751195013008836e-08
1.500000000000000000e+03 8.975181426980894720e-08
1.600000000000000000e+03 9.014211251896560890e-08
1.700000000000000000e+03 9.033889973433188179e-08
