7.000000000000000000e+02 9.884704954373588759e-01 9.906072510694018396e-01 9.935671104225143324e-01 9.967614887222118192e-01
7.071942446043165091e+02 9.881487683111471743e-01 9.903533258800625294e-01 9.934071181398861361e-01 9.967028886994334647e-01
7.143884892086331320e+02 9.878139326378674312e-01 9.900889658071918564e-01 9.932403937706767438e-01 9.966415517371836064e-01
7.215827338129496411e+02 9.874652517127012752e-01 9.898135998196605501e-01 9.930665959627128503e-01 9.965773846025083316e-01
7.287769784172661502e+02 9.871019367046151016e-01 9.895266130575011143e-01 9.928853509906195862e-01 9.965102740030507000e-01
7.359712230215827731e+02 9.867231424101293724e-01 9.892273441607716267e-01 9.926962522768094654e-01 9.964400884872750552e-01
7.431654676258992822e+02 9.863279625633938341e-01 9.889150820399646991e-01 9.924988591920008707e-01 9.963666794453533981e-01
7.503597122302157914e+02 9.859154246664670884e-01 9.885890621290398528e-01 9.922926952842434645e-01 9.962898814775211775e-01
7.575539568345324142e+02 9.854844842952404926e-01 9.882484621299632011e-01 9.920772460200497633e-01 9.962095122949241599e-01
7.647482014388489233e+02 9.850340188285867660e-01 9.878923972359887618e-01 9.918519560801911661e-01 9.961253722558593982e-01
7.719424460431654325e+02 9.845628205404700628e-01 9.875199148050741726e-01 9.916162262257408599e-01 9.960372436009709007e-01
7.791366906474820553e+02 9.840695889865729296e-01 9.871299884422554127e-01 9.913694097310729036e-01 9.959448894253239981e-01
7.863309352517985644e+02 9.835529226081571874e-01 9.867215114387585251e-01 9.911108083665344237e-01 9.958480524078900942e-01
7.935251798561150736e+02 9.830113094662633610e-01 9.862932895054166149e-01 9.908396679022695164e-01 9.957464533067047485e-01
8.007194244604316964e+02 9.824431170086721510e-01 9.858440327276752901e-01 9.905551730950280520e-01 9.956397892188497689e-01
8.079136690647482055e+02 9.818465807603298234e-01 9.853723466589761060e-01 9.902564421109066872e-01 9.955277315973469765e-01
8.151079136690647147e+02 9.812197918148406472e-01 9.848767224580743385e-01 9.899425203283671593e-01 9.954099240111663471e-01
8.223021582733813375e+02 9.805606829902284716e-01 9.843555259638531174e-01 9.896123734571294905e-01 9.952859796294125649e-01
8.294964028776978466e+02 9.798670134961865452e-01 9.838069855880885450e-01 9.892648798995240522e-01 9.951554784060208103e-01
8.366906474820143558e+02 9.791363519425072548e-01 9.832291788924791831e-01 9.888988222712903342e-01 9.950179639367089379e-01
8.438848920863308649e+02 9.783660574991982495e-01 9.826200177007979875e-01 9.885128779886377393e-01 9.948729399554016029e-01
8.510791366906474877e+02 9.775532589979928355e-01 9.819772315804321527e-01 9.881056088175619312e-01 9.947198664327268069e-01
8.582733812949638832e+02 9.766948317426112913e-01 9.812983495097564735e-01 9.876754492698425203e-01 9.945581552344360254e-01
8.654676258992807334e+02 9.757873717714922179e-01 9.805806795289861988e-01 9.872206937181079445e-01 9.943871652927793736e-01
8.726618705035971288e+02 9.748271672921775544e-01 9.798212861526722772e-01 9.867394820898418573e-01 9.942061972388994695e-01
8.798561151079136380e+02 9.738101669817444961e-01 9.790169653023610419e-01 9.862297839876503769e-01 9.940144874394342134e-01
8.870503597122300334e+02 9.727319448237710109e-01 9.781642164989344801e-01 9.856893810709986825e-01 9.938112013757994800e-01
8.942446043165468836e+02 9.715876611307264765e-01 9.772592120370980906e-01 9.851158475237418166e-01 9.935954263004368459e-01
9.014388489208632791e+02 9.703720193838509811e-01 9.762977628510877137e-01 9.845065284232527025e-01 9.933661631009933490e-01
9.086330935251799019e+02 9.690792185137149239e-01 9.752752807736505547e-01 9.838585158224394389e-01 9.931223173016646699e-01
9.158273381294964111e+02 9.677029002484435205e-01 9.741867368933559979e-01 9.831686223578393058e-01 9.928626891315723846e-01
9.230215827338128065e+02 9.662360911797324148e-01 9.730266157335483168e-01 9.824333522085054726e-01 9.925859625943633802e-01
9.302158273381294293e+02 9.646711392482782976e-01 9.717888650169930198e-01 9.816488692562275187e-01 9.922906934828862324e-01
9.374100719424460522e+02 9.629996444429562708e-01 9.704668408535959134e-01 9.808109623440683933e-01 9.919752963003014568e-01
9.446043165467625613e+02 9.612123836593218229e-01 9.690532483081614190e-01 9.799150076060174630e-01 9.916380300774692014e-01
9.517985611510791841e+02 9.592992298966309672e-01 9.675400774899914902e-01 9.789559279576730555e-01 9.912769831205887616e-01
9.589928057553958070e+02 9.572490663209394235e-01 9.659185355815842478e-01 9.779281500125244220e-01 9.908900567887938271e-01
9.661870503597122024e+02 9.550496962284692470e-01 9.641789756244839582e-01 9.768255589423893159e-01 9.904749484970719609e-01
9.733812949640288252e+02 9.526877506668703921e-01 9.623108234524899718e-01 9.756414521632863490e-01 9.900291342764596658e-01
9.805755395683453344e+02 9.501485964898110925e-01 9.603025049674929203e-01 9.743684932382780106e-01 9.895498514156391145e-01
9.877697841726617298e+02 9.474162490347336485e-01 9.581413770719324763e-01 9.729986680980294844e-01 9.890340819751304302e-01
9.949640287769785800e+02 9.444732955573439392e-01 9.558136671092658521e-01 9.715232466542564893e-01 9.884785383322887142e-01
1.002158273381294975e+03 9.413008381991041507e-01 9.533044277541140588e-01 9.699327542063138630e-01 9.878796524142982038e-01
1.009352517985611485e+03 9.378784688178642970e-01 9.505975171047070793e-01 9.682169588229011525e-01 9.872335709474416854e-01
1.016546762589927880e+03 9.341842927337471458e-01 9.476756174650997622e-01 9.663648832483880957e-01 9.865361599424951056e-01
1.023741007194244730e+03 9.301950246297411296e-01 9.445203111986018030e-01 9.643648529854085272e-01 9.857830228044520693e-01
1.030935251798561239e+03 9.258861878173364479e-01 9.411122383384539214e-01 9.622045962017312659e-01 9.849695379598519818e-01
1.038129496402877749e+03 9.212324581259405676e-01 9.374313685896377146e-01 9.598714161474627415e-01 9.840909237923721742e-01
1.045323741007194258e+03 9.162082059798909439e-01 9.334574300885265519e-01 9.573524629380290030e-01 9.831423410008295338e-01
1.052517985611510767e+03 9.107883046902089941e-01 9.291705487269433794e-01 9.546351388099512114e-01 9.821190452247897662e-01
1.059712230215827276e+03 9.049492889594271672e-01 9.245521644797204397e-01 9.517076789639288270e-01 9.810166057986912103e-01
1.066906474820143785e+03 8.986709634430566362e-01 9.195863037077873781e-01 9.485599580541689280e-01 9.798312094873974365e-01
1.074100719424460294e+03 8.919385736804691378e-01 9.142612962714288249e-01 9.451845786346185774e-01 9.785600704105763548e-01
1.081294964028777031e+03 8.847456550889297722e-01 9.085720289625601742e-01 9.415782995679368161e-01 9.772019680017268728e-01
1.088489208633093540e+03 8.770976608562562893e-01 9.025228150126813897e-01 9.377438549535402901e-01 9.757579320421114755e-01
1.095683453237410049e+03 8.690164230614836338e-01 8.961309226488358703e-01 9.336921908142118420e-01 9.742320850284129641e-01
1.102877697841726558e+03 8.605454055314240014e-01 8.894307298792681893e-01 9.294450987384952345e-01 9.726326340395688996e-01
1.110071942446043067e+03 8.517555419113511661e-01 8.824783421590867150e-01 9.250381429347168671e-01 9.709729731066797376e-01
1.117266187050359804e+03 8.427512019665838183e-01 8.753563114819649105e-01 9.205236515778530970e-01 9.692728097967931999e-01
1.124460431654676313e+03 8.336754924593976490e-01 8.681778291504601563e-01 9.159733745319668108e-01 9.675591661494429285e-01
1.131654676258992822e+03 8.247137091728878877e-01 8.610894561838119410e-01 9.114802141091701282e-01 9.658670305063118411e-01
1.138848920863309331e+03 8.160934025508753686e-01 8.542711752419235305e-01 9.071582579882843111e-01 9.642393699110682892e-01
1.146043165467625840e+03 8.080793591690889066e-01 8.479324211900035602e-01 9.031402630689496780e-01 9.627261824964128412e-01
1.153237410071942350e+03 8.009620469925609054e-01 8.423029417975160804e-01 8.995718622436140732e-01 9.613823156765441968e-01
1.160431654676258859e+03 7.950389211975573689e-01 8.376180114477511651e-01 8.966021916465165553e-01 9.602639362412244139e-01
1.167625899280575595e+03 7.905894923389109596e-01 8.340987111267382792e-01 8.943713905062996572e-01 9.594238226280783488e-01
1.174820143884892104e+03 7.878469829710142980e-01 8.319295100210529759e-01 8.929963905351249176e-01 9.589060130092719181e-01
1.182014388489208613e+03 7.869711576880767945e-01 8.312367752355838135e-01 8.925572936318784123e-01 9.587406749437988873e-01
1.189208633093525123e+03 7.880277208767358932e-01 8.320724762867616198e-01 8.930870424536039298e-01 9.589402151680564979e-01
1.196402877697841632e+03 7.909789251499402818e-01 8.344067567625420567e-01 8.945667117171998139e-01 9.594975062303162661e-01
1.203597122302158368e+03 7.956876996999613372e-01 8.381311996597882175e-01 8.969275780245929974e-01 9.603866660108487663e-01
1.210791366906474877e+03 8.019344125880053520e-01 8.430720856271599617e-01 9.000595240071860292e-01 9.615662228351132823e-01
1.217985611510791387e+03 8.094424916449147744e-01 8.490106579943274001e-01 9.038238839456009810e-01 9.629839533093966786e-01
1.225179856115107896e+03 8.179075610950700126e-01 8.557061685924756134e-01 9.080680520855023419e-01 9.645823840138395555e-01
1.232374100719424405e+03 8.270248715015005025e-01 8.629175736691720999e-01 9.126392352770303917e-01 9.663039709374021680e-01
1.239568345323741141e+03 8.365112460273093076e-01 8.704208924471269482e-01 9.173954562473808361e-01 9.680952434643030902e-01
1.246762589928057423e+03 8.461197650807064097e-01 8.780208220567012889e-01 9.222129160967237338e-01 9.699095771941647071e-01
1.253956834532374160e+03 8.556472246560903328e-01 8.855566367714473586e-01 9.269897337201177256e-01 9.717086022624259467e-01
1.261151079136690669e+03 8.649356052193919453e-01 8.929033498397506152e-01 9.316466822764352118e-01 9.734624807068630314e-01
1.268345323741007178e+03 8.738693034636613177e-01 8.999695239269350777e-01 9.361258012726001443e-01 9.751493837609918058e-01
1.275539568345323687e+03 8.823698635969696724e-01 9.066931037930623383e-01 9.403877549785510936e-01 9.767544969977803859e-01
1.282733812949640196e+03 8.903896280802473528e-01 9.130363943006105654e-01 9.444086490815615242e-01 9.782688214383334913e-01
1.289928057553956933e+03 8.979053093487794346e-01 9.189809759225512353e-01 9.481768077223045044e-01 9.796879597394096972e-01
1.297122302158273214e+03 9.049120915610837645e-01 9.245230394786280170e-01 9.516898162711895370e-01 9.810110024620846136e-01
1.304316546762589951e+03 9.114185636410925273e-01 9.296693783885124907e-01 9.549519808919433306e-01 9.822395713080491753e-01
1.311510791366906460e+03 9.174425735117931469e-01 9.344341095476275116e-01 9.579722499652679746e-01 9.833770362986403724e-01
1.318705035971222969e+03 9.230079655382052994e-01 9.388360927835692760e-01 9.607625783295699051e-01 9.844278997248109286e-01
1.325899280575539706e+03 9.281420973893970139e-01 9.428969667995346082e-01 9.633366823012732283e-01 9.853973272700334851e-01
1.333093525179855988e+03 9.328740078750977771e-01 9.466397000107642512e-01 9.657091210762056566e-01 9.862908020527810793e-01
1.340287769784172724e+03 9.372331071247476109e-01 9.500875545315181636e-01 9.678946400194508026e-01 9.871138772997982702e-01
1.347482014388489233e+03 9.412482729928662861e-01 9.532633714697246186e-01 9.699077176261704514e-01 9.878720057246540565e-01
1.354676258992805742e+03 9.449472552691949856e-01 9.561890996820651134e-01 9.717622668075094339e-01 9.885704270272147598e-01
1.361870503597122251e+03 9.483563077635661642e-01 9.588855047682675048e-01 9.734714504268077162e-01 9.892140984213417809e-01
1.369064748201438761e+03 9.514999853556609377e-01 9.613720085456057829e-01 9.750475795448074745e-01 9.898076563118886062e-01
1.376258992805755497e+03 9.544010576885980646e-01 9.636666207837086828e-01 9.765020701469606657e-01 9.903553999968274235e-01
1.383453237410071779e+03 9.570805031293655452e-01 9.657859344270192103e-01 9.778454401143824581e-01 9.908612905256174441e-01
1.390647482014388515e+03 9.595575560885828414e-01 9.677451630222299039e-01 9.790873329477369769e-01 9.913289596330339126e-01
1.397841726618705025e+03 9.618497881223939672e-01 9.695582048659275864e-01 9.802365584285398503e-01 9.917617250517735128e-01
1.405035971223021534e+03 9.639732088083392547e-01 9.712377227926035639e-01 9.813011431945660723e-01 9.921626095587537941e-01
1.412230215827338043e+03 9.659423765534469464e-01 9.727952318186168235e-01 9.822883862949376432e-01 9.925343618967052972e-01
1.419424460431654552e+03 9.677705125682055654e-01 9.742411892901938764e-01 9.832049163324263485e-01 9.928794782934031726e-01
1.426618705035971288e+03 9.694696134823812539e-01 9.755850839571637012e-01 9.840567479246957738e-01 9.932002237242520959e-01
1.433812949640287570e+03 9.710505596934785322e-01 9.768355216713311417e-01 9.848493360259034102e-01 9.934986523688623672e-01
1.441007194244604307e+03 9.725232176867337763e-01 9.780003063165527699e-01 9.855876272256207660e-01 9.937766269290501109e-01
1.448201438848920816e+03 9.738965353696376059e-01 9.790865152135209692e-01 9.862761075452644022e-01 9.940358366275131585e-01
1.455395683453237325e+03 9.751786300172462507e-01 9.801005686799161287e-01 9.869188465295630763e-01 9.942778138108887553e-01
1.462589928057554062e+03 9.763768687963182424e-01 9.810482937206311815e-01 9.875195376170057271e-01 9.945039491511199481e-01
1.469784172661870343e+03 9.774979420781437778e-01 9.819349820140439444e-01 9.880815348944484988e-01 9.947155054846733568e-01
1.476978417266187080e+03 9.785479298997344921e-01 9.827654424787908294e-01 9.886078864161677027e-01 9.949136303574619422e-01
1.484172661870503589e+03 9.795323620182788682e-01 9.835440487729439907e-01 9.891013643103544473e-01 9.950993673593866440e-01
1.491366906474820098e+03 9.804562720447272950e-01 9.842747821098233318e-01 9.895644919165997866e-01 9.952736663401221540e-01
1.498561151079136607e+03 9.813242461531934691e-01 9.849612697833076691e-01 9.899995682032924904e-01 9.954373925998186712e-01
1.505755395683453116e+03 9.821404668541032779e-01 9.856068197885077264e-01 9.904086897094979136e-01 9.955913351466940675e-01
1.512949640287769853e+03 9.829087522977661973e-01 9.862144519068901660e-01 9.907937702451630191e-01 9.957362141094395769e-01
1.520143884892086135e+03 9.836325915465852221e-01 9.867869256023956703e-01 9.911565585692201363e-01 9.958726873869762075e-01
1.527338129496402871e+03 9.843151762217960954e-01 9.873267650495313186e-01 9.914986542489362398e-01 9.960013566119189088e-01
1.534532374100719380e+03 9.849594288970116018e-01 9.878362815877960168e-01 9.918215218869383953e-01 9.961227724977089748e-01
1.541726618705035889e+03 9.855680285773830152e-01 9.883175938703324670e-01 9.921265038855345830e-01 9.962374396329812809e-01
1.548920863309352626e+03 9.861434335709813315e-01 9.887726459491583686e-01 9.924148319017582764e-01 9.963458207805490074e-01
1.556115107913668908e+03 9.866879020285883595e-01 9.892032235153094266e-01 9.926876371311893488e-01 9.964483407325241959e-01
1.563309352517985644e+03 9.872035103998869632e-01 9.896109684897987924e-01 9.929459595444315445e-01 9.965453897676046502e-01
1.570503597122302153e+03 9.876921700280623106e-01 9.899973921407723143e-01 9.931907561869378620e-01 9.966373267514566647e-01
1.577697841726618663e+03 9.881556420812656061e-01 9.903638868834705455e-01 9.934229086408827847e-01 9.967244819163900704e-01
1.584892086330935172e+03 9.885955509979790223e-01 9.907117369026463560e-01 9.936432297368894551e-01 9.968071593521430351e-01
1.592086330935251681e+03 9.890133966041058100e-01 9.910421277217082991e-01 9.938524695934435327e-01 9.968856392354994433e-01
1.599280575539568417e+03 9.894105650423798970e-01 9.913561548291212056e-01 9.940513210528204580e-01 9.969601798225746769e-01
1.606474820143884699e+03 9.897883386392334337e-01 9.916548314601230096e-01 9.942404245741246482e-01 9.970310192238722724e-01
1.613669064748201436e+03 9.901479048205427125e-01 9.919390956207052579e-01 9.944203726364183593e-01 9.970983769784615980e-01
1.620863309352517945e+03 9.904903641754085886e-01 9.922098164306659696e-01 9.945917136978352779e-01 9.971624554397738871e-01
1.628057553956834454e+03 9.908167377562523415e-01 9.924677998534240375e-01 9.947549557497842310e-01 9.972234409812498201e-01
1.635251798561151190e+03 9.911279736938291007e-01 9.927137938718043619e-01 9.949105694985937998e-01 9.972815050251783164e-01
1.642446043165467472e+03 9.914249531971747187e-01 9.929484931611087806e-01 9.950589911999598858e-01 9.973368048920394635e-01
1.649640287769784209e+03 9.917084960008916150e-01 9.931725433031093342e-01 9.952006251638099155e-01 9.973894844598328868e-01
1.656834532374100718e+03 9.919793653153958779e-01 9.933865445768398361e-01 9.953358459380282630e-01 9.974396746121362289e-01
1.664028776978417227e+03 9.922382723297785700e-01 9.935910553536730916e-01 9.954650001677717297e-01 9.974874934383488601e-01
1.671223021582733736e+03 9.924858803115639283e-01 9.937865951144069232e-01 9.955884081111492367e-01 9.975330461268150373e-01
1.678417266187050245e+03 9.927228083429611161e-01 9.939736470936071377e-01 9.957063647687852681e-01 9.975764244566626138e-01
1.685611510791366982e+03 9.929496347289411551e-01 9.941526605391826088e-01 9.958191405493392878e-01 9.976177057388641023e-01
1.692805755395683263e+03 9.931669001087525261e-01 9.943240525492141879e-01 9.959269813361824042e-01 9.976569509667310154e-01
1.700000000000000000e+03 9.933751102991071891e-01 9.944882094064856348e-01 9.960301077256685787e-01 9.976942017834169452e-01
