5.000000000000000000e+02 2.377364108036833581e-11
5.012999877929687500e+02 2.388957888324675587e-11
5.025999755859375000e+02 2.400607025209771818e-11
5.038999938964843750e+02 2.412318196630839218e-11
5.051999816894531250e+02 2.424093687145859152e-11
5.064999694824218750e+02 2.435929806315014973e-11
5.078000183105468750e+02 2.447853265893172522e-11
5.091000061035156250e+02 2.459816617368399099e-11
5.103999938964843750e+02 2.471843936467119712e-11
5.117000122070312500e+02 2.483931884219976212e-11
5.130000000000000000e+02 2.496084151066785892e-11
5.142999877929687500e+02 2.508309699504246093e-11
5.155999755859375000e+02 2.520592361891254944e-11
5.168999633789062500e+02 2.532941627930198340e-11
5.181999511718750000e+02 2.545364175559793225e-11
5.195000000000000000e+02 2.557846297432147536e-11
5.207999877929687500e+02 2.570421558976072822e-11
5.221000366210937500e+02 2.583046026384224264e-11
5.234000244140625000e+02 2.595740084943210227e-11
5.247000122070312500e+02 2.608498814066607544e-11
5.260000000000000000e+02 2.621327485811297878e-11
5.272999877929687500e+02 2.634252460461688249e-11
5.285999755859375000e+02 2.647222071860340755e-11
5.298999633789062500e+02 2.660263734703038880e-11
5.311999511718750000e+02 2.673387114427398248e-11
5.324999389648437500e+02 2.686598010295988432e-11
5.337999877929687500e+02 2.699863735556145256e-11
5.351000366210937500e+02 2.713196943144383676e-11
5.364000244140625000e+02 2.726612219084742161e-11
5.377000122070312500e+02 2.740115011169331461e-11
5.390000000000000000e+02 2.753682825288791583e-11
5.402999877929687500e+02 2.767321987911379357e-11
5.415999755859375000e+02 2.781060089468107354e-11
5.428999633789062500e+02 2.794861455707412392e-11
5.441999511718750000e+02 2.808757191764893954e-11
5.455000000000000000e+02 2.822707932949170920e-11
5.467999877929687500e+02 2.836742324102632967e-11
5.481000366210937500e+02 2.850886022568768505e-11
5.494000244140625000e+02 2.865075763665001784e-11
5.507000122070312500e+02 2.879379029719414077e-11
5.520000000000000000e+02 2.893738531047227646e-11
5.532999877929687500e+02 2.908204000718357202e-11
5.545999755859375000e+02 2.922734843894815431e-11
5.558999633789062500e+02 2.937370776738442919e-11
5.571999511718750000e+02 2.952065405148682458e-11
5.585000000000000000e+02 2.966874261458019299e-11
5.597999877929687500e+02 2.981748139802226315e-11
5.610999755859375000e+02 2.996729216636354220e-11
5.624000244140625000e+02 3.011800269907924685e-11
5.637000122070312500e+02 3.026944780505375726e-11
5.650000000000000000e+02 3.042195435181371842e-11
5.662999877929687500e+02 3.057534308942516414e-11
5.675999755859375000e+02 3.072967376786608099e-11
5.688999633789062500e+02 3.088492529890894621e-11
5.701999511718750000e+02 3.104069700623077541e-11
5.715000000000000000e+02 3.119779727188671376e-11
5.727999877929687500e+02 3.135593789010057362e-11
5.740999755859375000e+02 3.151498530209803549e-11
5.754000244140625000e+02 3.167496059610661566e-11
5.767000122070312500e+02 3.183596218385477744e-11
5.780000000000000000e+02 3.199791274184158678e-11
5.792999877929687500e+02 3.216088256415878838e-11
5.805999755859375000e+02 3.232481190082840862e-11
5.818999633789062500e+02 3.248977456064677395e-11
5.831999511718750000e+02 3.265578108772765546e-11
5.845000000000000000e+02 3.282279282032058288e-11
5.857999877929687500e+02 3.299086599369896751e-11
5.870999755859375000e+02 3.315997249022609724e-11
5.884000244140625000e+02 3.333011230990197853e-11
5.897000122070312500e+02 3.350135574681836257e-11
5.910000000000000000e+02 3.367362547747432176e-11
5.922999877929687500e+02 3.384703748712124751e-11
5.935999755859375000e+02 3.402151093755362400e-11
5.948999633789062500e+02 3.419701068172557564e-11
5.962000122070312500e+02 3.437381438129951898e-11
5.975000000000000000e+02 3.455160219815799194e-11
5.987999877929687500e+02 3.473054986753036601e-11
6.000999755859375000e+02 3.491063981589370664e-11
6.014000244140625000e+02 3.509190367558929474e-11
6.027000122070312500e+02 3.527430629957126766e-11
6.040000000000000000e+02 3.545834326118646547e-11
6.052999877929687500e+02 3.564311831076505726e-11
6.065999755859375000e+02 3.582908835990343222e-11
6.078999633789062500e+02 3.601631667328415867e-11
6.092000122070312500e+02 3.620475053033842646e-11
6.105000000000000000e+02 3.639484332795804305e-11
6.117999877929687500e+02 3.658566718413186427e-11
6.130999755859375000e+02 3.677786528979944132e-11
6.144000244140625000e+02 3.697124082150386052e-11
6.157000122070312500e+02 3.716640885254794156e-11
6.170000000000000000e+02 3.736237120682882140e-11
6.182999877929687500e+02 3.755970781060344415e-11
6.195999755859375000e+02 3.775827807568831387e-11
6.208999633789062500e+02 3.795865841363579293e-11
6.222000122070312500e+02 3.815997014829897204e-11
6.235000000000000000e+02 3.836304977936972140e-11
6.247999877929687500e+02 3.856699051306441963e-11
6.260999755859375000e+02 3.877236524623085379e-11
6.273999633789062500e+02 3.897956059637365545e-11
6.287000122070312500e+02 3.918769788734594116e-11
6.300000000000000000e+02 3.939777178054597930e-11
6.312999877929687500e+02 3.960879815868925320e-11
6.325999755859375000e+02 3.982169787437771121e-11
6.338999633789062500e+02 4.003556413382775133e-11
6.352000122070312500e+02 4.025145134841566082e-11
6.365000000000000000e+02 4.046830862146974064e-11
6.377999877929687500e+02 4.068718333495710161e-11
6.390999755859375000e+02 4.090711245982073046e-11
6.403999633789062500e+02 4.112904145159469298e-11
6.417000122070312500e+02 4.135243607518168529e-11
6.430000000000000000e+02 4.157702218362386612e-11
6.442999877929687500e+02 4.180357652663509968e-11
6.455999755859375000e+02 4.203172654552910080e-11
6.469000244140625000e+02 4.226111725514251239e-11
6.482000122070312500e+02 4.249260272869012628e-11
6.495000000000000000e+02 4.272562764284710290e-11
6.507999877929687500e+02 4.296029040934189908e-11
6.520999755859375000e+02 4.319626064594326871e-11
6.533999633789062500e+02 4.343426941120544874e-11
6.547000122070312500e+02 4.367411988167151904e-11
6.560000000000000000e+02 4.391565741033963085e-11
6.572999877929687500e+02 4.415888199720978418e-11
6.585999755859375000e+02 4.440392017164713505e-11
6.599000244140625000e+02 4.465080708069755259e-11
6.612000122070312500e+02 4.489930020974450230e-11
6.625000000000000000e+02 4.514970533808708701e-11
6.637999877929687500e+02 4.540206464218038456e-11
6.650999755859375000e+02 4.565605828390690055e-11
6.663999633789062500e+02 4.591212911604467781e-11
6.677000122070312500e+02 4.616993621224873147e-11
6.690000000000000000e+02 4.642968342538513223e-11
6.702999877929687500e+02 4.669140238779515455e-11
6.715999755859375000e+02 4.695505443772836049e-11
6.729000244140625000e+02 4.722111054559947915e-11
6.742000122070312500e+02 4.748882910874052188e-11
6.755000000000000000e+02 4.775834720063040933e-11
6.767999877929687500e+02 4.803006198288753766e-11
6.780999755859375000e+02 4.830429680833397012e-11
6.793999633789062500e+02 4.858010622143563444e-11
6.806999511718750000e+02 4.885839350127155087e-11
6.820000000000000000e+02 4.913833269226363322e-11
6.832999877929687500e+02 4.942054941182846581e-11
6.845999755859375000e+02 4.970536701278811832e-11
6.859000244140625000e+02 4.999179786315347296e-11
6.872000122070312500e+02 5.028095612427879063e-11
6.885000000000000000e+02 5.057237082574934868e-11
6.897999877929687500e+02 5.086564832065131331e-11
6.910999755859375000e+02 5.116149506460681693e-11
6.923999633789062500e+02 5.145981967529655975e-11
6.936999511718750000e+02 5.176003168234983951e-11
6.950000000000000000e+02 5.206288674725298474e-11
6.962999877929687500e+02 5.236825131123166301e-11
6.976000366210937500e+02 5.267595666846567276e-11
6.989000244140625000e+02 5.298616449536605206e-11
7.002000122070312500e+02 5.329840733622264064e-11
7.015000000000000000e+02 5.361358847011445228e-11
7.027999877929687500e+02 5.393123341192215674e-11
7.040999755859375000e+02 5.425182016146967894e-11
7.053999633789062500e+02 5.457466686606701681e-11
7.066999511718750000e+02 5.490012499617291984e-11
7.080000000000000000e+02 5.522798718421674851e-11
7.092999877929687500e+02 5.555869276827192515e-11
7.106000366210937500e+02 5.589211170426871846e-11
7.119000244140625000e+02 5.622871144791728226e-11
7.132000122070312500e+02 5.656744461725050570e-11
7.145000000000000000e+02 5.690912662373272329e-11
7.157999877929687500e+02 5.725409487900432524e-11
7.170999755859375000e+02 5.760140392753125865e-11
7.183999633789062500e+02 5.795209412187145798e-11
7.196999511718750000e+02 5.830553984460831952e-11
7.210000000000000000e+02 5.866162159578587659e-11
7.222999877929687500e+02 5.902109152218585659e-11
7.236000366210937500e+02 5.938357706512200019e-11
7.249000244140625000e+02 5.974912743045850348e-11
7.262000122070312500e+02 6.011722947132560475e-11
7.275000000000000000e+02 6.048893759909955894e-11
7.287999877929687500e+02 6.086398469623172703e-11
7.300999755859375000e+02 6.124195602758077829e-11
7.313999633789062500e+02 6.162331553415225248e-11
7.326999511718750000e+02 6.200797183362688211e-11
7.340000000000000000e+02 6.239588977895878511e-11
7.352999877929687500e+02 6.278807457566003325e-11
7.366000366210937500e+02 6.318266343029917473e-11
7.379000244140625000e+02 6.358073887188920889e-11
7.392000122070312500e+02 6.398237822393106336e-11
7.405000000000000000e+02 6.438826333911470789e-11
7.417999877929687500e+02 6.479693912974090961e-11
7.430999755859375000e+02 6.520912962495469674e-11
7.443999633789062500e+02 6.562589626554151358e-11
7.456999511718750000e+02 6.604539734629746340e-11
7.469999389648437500e+02 6.646872945505389839e-11
7.482999877929687500e+02 6.689664473859255241e-11
7.496000366210937500e+02 6.732753346221228571e-11
7.509000244140625000e+02 6.776319515466197530e-11
7.522000122070312500e+02 6.820281440447727378e-11
7.535000000000000000e+02 6.864538600614614814e-11
7.547999877929687500e+02 6.909294145892023238e-11
7.560999755859375000e+02 6.954460911606178071e-11
7.573999633789062500e+02 7.000024135997814017e-11
7.586999511718750000e+02 7.045919851443433486e-11
7.599999389648437500e+02 7.092328010817925474e-11
7.612999877929687500e+02 7.139171993561276140e-11
7.626000366210937500e+02 7.186439146736973115e-11
7.639000244140625000e+02 7.234147043867953550e-11
7.652000122070312500e+02 7.282299199658804357e-11
7.665000000000000000e+02 7.330915999396133254e-11
7.677999877929687500e+02 7.379970028384159990e-11
7.690999755859375000e+02 7.429576568933355743e-11
7.703999633789062500e+02 7.479563400518925570e-11
7.716999511718750000e+02 7.530016281932811354e-11
7.729999389648437500e+02 7.580955598461618226e-11
7.742999877929687500e+02 7.632476950070129875e-11
7.755999755859375000e+02 7.684389839769697856e-11
7.769000244140625000e+02 7.736894605721816298e-11
7.782000122070312500e+02 7.789804265642424962e-11
7.795000000000000000e+02 7.843326890043108151e-11
7.807999877929687500e+02 7.897373205427339655e-11
7.820999755859375000e+02 7.951941805913289360e-11
7.833999633789062500e+02 8.006930765067914810e-11
7.846999511718750000e+02 8.062569241630323077e-11
7.860000000000000000e+02 8.118760229753902946e-11
7.872999877929687500e+02 8.175507947084155095e-11
7.885999755859375000e+02 8.232803255389154065e-11
7.899000244140625000e+02 8.290652481137154750e-11
7.912000122070312500e+02 8.349191291925242507e-11
7.925000000000000000e+02 8.408226379001095743e-11
7.937999877929687500e+02 8.467850530565828874e-11
7.950999755859375000e+02 8.528167078934315763e-11
7.963999633789062500e+02 8.588979200649653076e-11
7.976999511718750000e+02 8.650524489741962166e-11
7.990000000000000000e+02 8.712698910955446356e-11
8.002999877929687500e+02 8.775403349620740217e-11
8.015999755859375000e+02 8.838855014481356093e-11
8.029000244140625000e+02 8.902937920285901286e-11
8.042000122070312500e+02 8.967699867016768933e-11
8.055000000000000000e+02 9.033135231146616613e-11
8.067999877929687500e+02 9.099260883257466421e-11
8.080999755859375000e+02 9.166134464504555884e-11
8.093999633789062500e+02 9.233650533750254339e-11
8.106999511718750000e+02 9.301953896823573892e-11
8.120000000000000000e+02 9.370898342013668446e-11
8.132999877929687500e+02 9.440663119254506772e-11
8.145999755859375000e+02 9.511153331522220235e-11
8.159000244140625000e+02 9.582306417075154284e-11
8.172000122070312500e+02 9.654334664070399067e-11
8.185000000000000000e+02 9.727117869611054747e-11
8.197999877929687500e+02 9.800786077766865552e-11
8.210999755859375000e+02 9.875176909185883517e-11
8.223999633789062500e+02 9.950363469723532981e-11
8.236999511718750000e+02 1.002647580344955042e-10
8.250000000000000000e+02 1.010339792511254830e-10
8.262999877929687500e+02 1.018110171707582615e-10
8.275999755859375000e+02 1.025974674692766008e-10
8.288999633789062500e+02 1.033926482939904924e-10
8.302000122070312500e+02 1.041975226739569495e-10
8.315000000000000000e+02 1.050105933450216679e-10
8.327999877929687500e+02 1.058327671009682237e-10
8.340999755859375000e+02 1.066651335002187799e-10
8.353999633789062500e+02 1.075069685136283081e-10
8.367000122070312500e+02 1.083583986705619321e-10
8.380000000000000000e+02 1.092195083239297818e-10
8.392999877929687500e+02 1.100902904443226548e-10
8.405999755859375000e+02 1.109713565903388215e-10
8.418999633789062500e+02 1.118634448499416371e-10
8.432000122070312500e+02 1.127648470767015695e-10
8.445000000000000000e+02 1.136778267403730227e-10
8.457999877929687500e+02 1.146013364589888534e-10
8.470999755859375000e+02 1.155359877911473579e-10
8.483999633789062500e+02 1.164822657660815921e-10
8.497000122070312500e+02 1.174391862665070394e-10
8.510000000000000000e+02 1.184079091449376138e-10
8.522999877929687500e+02 1.193884273719641132e-10
8.535999755859375000e+02 1.203810221239535680e-10
8.548999633789062500e+02 1.213852856951737982e-10
8.562000122070312500e+02 1.224024130851845868e-10
8.575000610351562500e+02 1.234322355881657518e-10
8.588000488281250000e+02 1.244743173807484331e-10
8.601000366210937500e+02 1.255294457567602079e-10
8.614000244140625000e+02 1.265983939512103781e-10
8.627000122070312500e+02 1.276806699054566724e-10
8.640000000000000000e+02 1.287761611489523199e-10
8.652999877929687500e+02 1.298852613286110705e-10
8.665999755859375000e+02 1.310085327971669853e-10
8.678999633789062500e+02 1.321457506135264451e-10
8.692000122070312500e+02 1.332992204238988992e-10
8.705000000000000000e+02 1.344653994060600566e-10
8.717999877929687500e+02 1.356483083820581527e-10
8.730999755859375000e+02 1.368467382935149997e-10
8.743999633789062500e+02 1.380600705524232286e-10
8.756999511718750000e+02 1.392893173937040357e-10
8.769999389648437500e+02 1.405363345813796836e-10
8.782999267578125000e+02 1.417977901755011477e-10
8.795999145507812500e+02 1.430774519393863126e-10
8.809000244140625000e+02 1.443742232852038389e-10
8.822000122070312500e+02 1.456881323305904324e-10
8.835000000000000000e+02 1.470190947226360019e-10
8.848000488281250000e+02 1.483679821080782415e-10
8.861000366210937500e+02 1.497371423095816850e-10
8.874000244140625000e+02 1.511226388580082398e-10
8.887000122070312500e+02 1.525287878105914729e-10
8.900000000000000000e+02 1.539556313437864171e-10
8.912999877929687500e+02 1.554007794584734801e-10
8.925999755859375000e+02 1.568670158006860556e-10
8.938999633789062500e+02 1.583515567243908016e-10
8.951999511718750000e+02 1.598590838160983552e-10
8.965000000000000000e+02 1.613890487818930856e-10
8.977999877929687500e+02 1.629386820345599001e-10
8.990999755859375000e+02 1.645118216315085250e-10
9.003999633789062500e+02 1.661074412789993593e-10
9.016999511718750000e+02 1.677257237416709379e-10
9.029999389648437500e+02 1.693674000780774527e-10
9.042999267578125000e+02 1.710340448758742387e-10
9.055999145507812500e+02 1.727247302530500873e-10
9.069000244140625000e+02 1.744420149145448246e-10
9.082000122070312500e+02 1.761826231556827597e-10
9.095000000000000000e+02 1.779499993869597397e-10
9.108000488281250000e+02 1.797435953144601338e-10
9.121000366210937500e+02 1.815660821136704874e-10
9.134000244140625000e+02 1.834149994913794698e-10
9.147000122070312500e+02 1.852918236235139208e-10
9.160000000000000000e+02 1.871990007444667404e-10
9.172999877929687500e+02 1.891350687371295453e-10
9.185999755859375000e+02 1.910998588956820757e-10
9.198999633789062500e+02 1.930972233363523848e-10
9.211999511718750000e+02 1.951248564129309714e-10
9.225000000000000000e+02 1.971841218307978268e-10
9.237999877929687500e+02 1.992769737657036574e-10
9.250999755859375000e+02 2.014048743347569240e-10
9.263999633789062500e+02 2.035653070094729109e-10
9.276999511718750000e+02 2.057603103185123380e-10
9.289999389648437500e+02 2.079920212022645499e-10
9.302999267578125000e+02 2.102597929550853945e-10
9.316000366210937500e+02 2.125657343997274074e-10
9.329000244140625000e+02 2.149083412426271467e-10
9.342000122070312500e+02 2.172913390706474386e-10
9.355000000000000000e+02 2.197128440021293149e-10
9.367999877929687500e+02 2.221763145063869497e-10
9.381000366210937500e+02 2.246820739362424580e-10
9.394000244140625000e+02 2.272296021154168370e-10
9.407000122070312500e+02 2.298217389252168400e-10
9.420000000000000000e+02 2.324572893660827096e-10
9.432999877929687500e+02 2.351394447897799940e-10
9.445999755859375000e+02 2.378694986075969202e-10
9.458999633789062500e+02 2.406472680548949015e-10
9.471999511718750000e+02 2.434739340724153682e-10
9.484999389648437500e+02 2.463508181890832790e-10
9.497999877929687500e+02 2.492796074631006624e-10
9.510999755859375000e+02 2.522603862473776354e-10
9.523999633789062500e+02 2.552972878345092042e-10
9.536999511718750000e+02 2.583887938721134707e-10
9.549999389648437500e+02 2.615378567120441142e-10
9.562999267578125000e+02 2.647426768255521802e-10
9.576000366210937500e+02 2.680126455032957517e-10
9.589000244140625000e+02 2.713386807486205079e-10
9.602000122070312500e+02 2.747299207934541809e-10
9.615000000000000000e+02 2.781868436376206635e-10
9.627999877929687500e+02 2.817089150460226001e-10
9.641000366210937500e+02 2.852996216056109738e-10
9.654000244140625000e+02 2.889591601398426208e-10
9.667000122070312500e+02 2.926946162931661749e-10
9.680000000000000000e+02 2.964980608920319362e-10
9.692999877929687500e+02 3.003818938142250269e-10
9.705999755859375000e+02 3.043414756496897391e-10
9.718999633789062500e+02 3.083779873391675549e-10
9.731999511718750000e+02 3.125005952322229124e-10
9.744999389648437500e+02 3.167057002713581091e-10
9.757999877929687500e+02 3.210019064534034703e-10
9.770999755859375000e+02 3.253798787229745307e-10
9.783999633789062500e+02 3.298541820158820753e-10
9.796999511718750000e+02 3.344238040972050108e-10
9.809999389648437500e+02 3.390894479078607717e-10
9.823000488281250000e+02 3.438565401517326689e-10
9.836000366210937500e+02 3.487220722416936635e-10
9.849000244140625000e+02 3.536978817027947646e-10
9.862000122070312500e+02 3.587813535948228125e-10
9.875000000000000000e+02 3.639779146216610146e-10
9.887999877929687500e+02 3.692893080767848626e-10
9.900999755859375000e+02 3.747219447813621063e-10
9.914000244140625000e+02 3.802742782653741939e-10
9.927000122070312500e+02 3.859590458182465600e-10
9.940000000000000000e+02 3.917698647364481086e-10
9.952999877929687500e+02 3.977169417221011799e-10
9.965999755859375000e+02 4.038059003025459726e-10
9.978999633789062500e+02 4.100369935365126825e-10
9.991999511718750000e+02 4.164186848326484165e-10
1.000499938964843750e+03 4.229489216034738178e-10
1.001799987792968750e+03 4.296445181957359675e-10
1.003099975585937500e+03 4.364988669648102798e-10
1.004399963378906250e+03 4.435236648475641320e-10
1.005699951171875000e+03 4.507267004293636958e-10
1.006999938964843750e+03 4.581068771223776578e-10
1.008300048828125000e+03 4.656782537449561529e-10
1.009600036621093750e+03 4.734415051203803750e-10
1.010900024414062500e+03 4.814083563031542006e-10
1.012200012207031250e+03 4.895805787043898787e-10
1.013500000000000000e+03 4.979695880845878336e-10
1.014799987792968750e+03 5.065830886762041719e-10
1.016099975585937500e+03 5.154279411825938303e-10
1.017400024414062500e+03 5.245125808947669520e-10
1.018700012207031250e+03 5.338492671023250274e-10
1.020000000000000000e+03 5.434437920384283857e-10
1.021299987792968750e+03 5.533050408762746669e-10
1.022599975585937500e+03 5.634494905509701747e-10
1.023899963378906250e+03 5.738833831778626318e-10
1.025199951171875000e+03 5.846117799315582275e-10
1.026500000000000000e+03 5.956587495090725491e-10
1.027799926757812500e+03 6.070387443756698173e-10
1.029099975585937500e+03 6.187532266484586222e-10
1.030399902343750000e+03 6.308186732625453708e-10
1.031699951171875000e+03 6.432535856228791732e-10
1.033000000000000000e+03 6.560752279583944010e-10
1.034300048828125000e+03 6.692969842641604604e-10
1.035599975585937500e+03 6.829423046491857247e-10
1.036900024414062500e+03 6.970129886422188383e-10
1.038200073242187500e+03 7.115511564630378284e-10
1.039500000000000000e+03 7.265580452876573300e-10
1.040800048828125000e+03 7.420643595753545322e-10
1.042099975585937500e+03 7.580870261434231324e-10
1.043400024414062500e+03 7.746613045082859106e-10
1.044699951171875000e+03 7.918070457214536411e-10
1.046000000000000000e+03 8.095507365966981833e-10
1.047299926757812500e+03 8.279184703008778274e-10
1.048599975585937500e+03 8.469383082354199489e-10
1.049900024414062500e+03 8.666558572070530415e-10
1.051199951171875000e+03 8.870968729709949276e-10
1.052500000000000000e+03 9.083001016306190605e-10
1.053799926757812500e+03 9.303098003460924762e-10
1.055099975585937500e+03 9.531602163989165516e-10
1.056399902343750000e+03 9.768964504783592854e-10
1.057699951171875000e+03 1.001571251270870854e-09
1.059000000000000000e+03 1.027238942050557468e-09
1.060300048828125000e+03 1.053941249390282655e-09
1.061599975585937500e+03 1.081757127613901808e-09
1.062900024414062500e+03 1.110726166353890067e-09
1.064199951171875000e+03 1.140941266281905930e-09
1.065500000000000000e+03 1.172453826437838633e-09
1.066800048828125000e+03 1.205351573848194078e-09
1.068099975585937500e+03 1.239726846831897476e-09
1.069400024414062500e+03 1.275659836888819063e-09
1.070699951171875000e+03 1.313243219749524519e-09
1.072000000000000000e+03 1.352612972305098155e-09
1.073299926757812500e+03 1.393846024409553386e-09
1.074599975585937500e+03 1.437102984003724325e-09
1.075900024414062500e+03 1.482487998813950283e-09
1.077199951171875000e+03 1.530185183125347573e-09
1.078500000000000000e+03 1.580319379244867136e-09
1.079799926757812500e+03 1.633096408273157910e-09
1.081099975585937500e+03 1.688689587322843307e-09
1.082399902343750000e+03 1.747297314438483213e-09
1.083700073242187500e+03 1.809193567872089057e-09
1.085000000000000000e+03 1.874586193194152168e-09
1.086300048828125000e+03 1.943785946525489376e-09
1.087599975585937500e+03 2.017075128938574914e-09
1.088900024414062500e+03 2.094807122891462894e-09
1.090199951171875000e+03 2.177348582366731666e-09
1.091500000000000000e+03 2.265129369794258985e-09
1.092800048828125000e+03 2.358580697250489025e-09
1.094099975585937500e+03 2.458240848772419142e-09
1.095400024414062500e+03 2.564691971910299229e-09
1.096699951171875000e+03 2.678542307381240778e-09
1.098000000000000000e+03 2.800553730669283912e-09
1.099299926757812500e+03 2.931516684777359213e-09
1.100599975585937500e+03 3.072329809374420322e-09
1.101899902343750000e+03 3.224058875361970704e-09
1.103199951171875000e+03 3.387858280432393893e-09
1.104500000000000000e+03 3.565093417023875371e-09
1.105799926757812500e+03 3.757273639874507473e-09
1.107099975585937500e+03 3.966159562923942003e-09
1.108399902343750000e+03 4.193781504483062525e-09
1.109700073242187500e+03 4.442524065085179639e-09
1.111000000000000000e+03 4.715008258352986144e-09
1.112300048828125000e+03 5.014492580968452758e-09
1.113599975585937500e+03 5.344675064510450973e-09
1.114900024414062500e+03 5.709910118669000530e-09
1.116199951171875000e+03 6.115404229996692746e-09
1.117500000000000000e+03 6.567324833398004016e-09
1.118800048828125000e+03 7.073119728482214887e-09
1.120099975585937500e+03 7.641698831967038131e-09
1.121400024414062500e+03 8.283902055153326258e-09
1.122699951171875000e+03 9.013052209133147118e-09
1.124000000000000000e+03 9.845500711882875274e-09
1.125299926757812500e+03 1.080163172530503959e-08
1.126599975585937500e+03 1.190703184891508454e-08
1.127899902343750000e+03 1.319402871692162199e-08
1.129199951171875000e+03 1.470428591868226853e-08
1.130500000000000000e+03 1.649135113141200805e-08
1.131799926757812500e+03 1.862566960727746692e-08
1.133099975585937500e+03 2.120069627279237846e-08
1.134400024414062500e+03 2.434206702708605104e-08
1.135700073242187500e+03 2.822025842665149486e-08
1.137000000000000000e+03 3.307124627538214170e-08
1.138300048828125000e+03 3.922392144506052404e-08
1.139599975585937500e+03 4.714166798710027014e-08
1.140900024414062500e+03 5.747557699717820779e-08
1.142199951171875000e+03 7.112908028930660475e-08
1.143500000000000000e+03 8.929141443244665754e-08
1.144800048828125000e+03 1.133107035869100119e-07
1.146099975585937500e+03 1.440498721745724400e-07
1.147400024414062500e+03 1.800609617791939504e-07
1.148699951171875000e+03 2.144246619935135085e-07
1.150000000000000000e+03 2.339598710153768182e-07
1.151299926757812500e+03 2.279729252453519790e-07
1.152599975585937500e+03 2.000068664502334967e-07
1.153899902343750000e+03 1.636125204107981448e-07
1.155199951171875000e+03 1.295572450278005101e-07
1.156500000000000000e+03 1.019073706319689189e-07
1.157799926757812500e+03 8.074133508240803967e-08
1.159099975585937500e+03 6.483640178296813750e-08
1.160400024414062500e+03 5.287917747819029315e-08
1.161700073242187500e+03 4.380515453575318009e-08
1.163000000000000000e+03 3.683049422323522708e-08
1.164300048828125000e+03 3.139528396760604757e-08
1.165599975585937500e+03 2.710266649576803063e-08
1.166900024414062500e+03 2.367023996163628957e-08
1.168199951171875000e+03 2.089443627455532892e-08
1.169500000000000000e+03 1.862678531510175176e-08
1.170800048828125000e+03 1.675833641470553250e-08
1.172099975585937500e+03 1.520741076298538188e-08
1.173400024414062500e+03 1.391239969369586544e-08
1.174699951171875000e+03 1.282568767614256749e-08
1.176000000000000000e+03 1.191071368473522020e-08
1.177299926757812500e+03 1.114026344620505046e-08
1.178599975585937500e+03 1.049096648069081725e-08
1.179899902343750000e+03 9.945513121157389623e-09
1.181199951171875000e+03 9.490244044636665283e-09
1.182500000000000000e+03 9.112887364825902159e-09
1.183799926757812500e+03 8.807021463384847823e-09
1.185099975585937500e+03 8.564408997465668624e-09
1.186400024414062500e+03 8.381939481625986726e-09
1.187700073242187500e+03 8.253633981597767297e-09
1.189000000000000000e+03 8.171616859811693602e-09
1.190300048828125000e+03 8.144881261190114720e-09
1.191599975585937500e+03 8.168623343737991401e-09
1.192900024414062500e+03 8.242300549537545790e-09
1.194199951171875000e+03 8.368253165726651970e-09
1.195500000000000000e+03 8.545774877271386525e-09
1.196799926757812500e+03 8.784117061469558522e-09
1.198099975585937500e+03 9.083760192497109676e-09
1.199400024414062500e+03 9.453786491949457662e-09
1.200699951171875000e+03 9.901493048903163097e-09
1.202000000000000000e+03 1.043847512685140580e-08
1.203299926757812500e+03 1.107758855917592814e-08
1.204599975585937500e+03 1.183644533374166887e-08
1.205899902343750000e+03 1.273719405038940353e-08
1.207199951171875000e+03 1.380691671702486335e-08
1.208499877929687500e+03 1.508147434255501650e-08
1.209800048828125000e+03 1.660714540781388665e-08
1.211099975585937500e+03 1.844374624841305955e-08
1.212400024414062500e+03 2.067098339122509099e-08
1.213700073242187500e+03 2.339492106070686788e-08
1.215000000000000000e+03 2.675994264649314313e-08
1.216300048828125000e+03 3.096336107730845554e-08
1.217599975585937500e+03 3.627906102966939335e-08
1.218900024414062500e+03 4.309154781134150426e-08
1.220199951171875000e+03 5.194294025508659725e-08
1.221500000000000000e+03 6.359273306841190308e-08
1.222799926757812500e+03 7.907677818784210538e-08
1.224099975585937500e+03 9.969228030821158600e-08
1.225400024414062500e+03 1.266992478651160794e-07
1.226699951171875000e+03 1.602233887388348605e-07
1.228000000000000000e+03 1.967136568586985960e-07
1.229299926757812500e+03 2.260348327828467474e-07
1.230599975585937500e+03 2.344429509089465634e-07
1.231899902343750000e+03 2.170050422570562321e-07
1.233199951171875000e+03 1.834349774096669526e-07
1.234499877929687500e+03 1.472056409583856380e-07
1.235800048828125000e+03 1.158723183646597894e-07
1.237099975585937500e+03 9.125837853419835193e-08
1.238400024414062500e+03 7.261313725224846023e-08
1.239700073242187500e+03 5.859664021901819220e-08
1.241000000000000000e+03 4.799703798728839966e-08
1.242300048828125000e+03 3.988564415658553112e-08
1.243599975585937500e+03 3.359040312130871468e-08
1.244900024414062500e+03 2.863341223209864250e-08
1.246199951171875000e+03 2.467520658624458921e-08
1.247500000000000000e+03 2.147289659040005604e-08
1.248799926757812500e+03 1.885065029051547485e-08
1.250099975585937500e+03 1.667913015682515421e-08
1.251400024414062500e+03 1.486255627167186617e-08
1.252699951171875000e+03 1.332867935531826441e-08
1.254000000000000000e+03 1.202246172074532414e-08
1.255299926757812500e+03 1.090135800950848856e-08
1.256599975585937500e+03 9.932206505824060088e-09
1.257899902343750000e+03 9.088932038121287905e-09
1.259199951171875000e+03 8.350710459718542683e-09
1.260500000000000000e+03 7.700765663854727182e-09
1.261800048828125000e+03 7.125683963235954138e-09
1.263099975585937500e+03 6.614275888101912620e-09
1.264400024414062500e+03 6.157549193294624822e-09
1.265699951171875000e+03 5.747883324444923792e-09
1.267000000000000000e+03 5.379010073038399123e-09
1.268300048828125000e+03 5.045687861711854161e-09
1.269599975585937500e+03 4.743439462938162890e-09
1.270900024414062500e+03 4.468457073884773997e-09
1.272199951171875000e+03 4.217587920183710145e-09
1.273500000000000000e+03 3.988035534159267560e-09
1.274799926757812500e+03 3.777420938805474288e-09
1.276099975585937500e+03 3.583711341459417499e-09
1.277400024414062500e+03 3.405109462783189083e-09
1.278699951171875000e+03 3.240050837470761908e-09
1.280000000000000000e+03 3.087223609064229772e-09
1.281299926757812500e+03 2.945380929081735867e-09
1.282599975585937500e+03 2.813513936718459854e-09
1.283899902343750000e+03 2.690670231384076409e-09
1.285199951171875000e+03 2.576055771018157457e-09
1.286500000000000000e+03 2.468917452839311726e-09
1.287800048828125000e+03 2.368619818258104103e-09
1.289099975585937500e+03 2.274575546079130029e-09
1.290400024414062500e+03 2.186278518841777204e-09
1.291699951171875000e+03 2.103234316022300809e-09
1.293000000000000000e+03 2.025055589057511687e-09
1.294300048828125000e+03 1.951350490562349846e-09
1.295599975585937500e+03 1.881774860663597731e-09
1.296900024414062500e+03 1.816015468888410482e-09
1.298199951171875000e+03 1.753809471568910037e-09
1.299500000000000000e+03 1.694871530927857129e-09
1.300799926757812500e+03 1.638995938335150057e-09
1.302099975585937500e+03 1.585961351754681056e-09
1.303399902343750000e+03 1.535580057843835699e-09
1.304699951171875000e+03 1.487665243024375170e-09
1.306000000000000000e+03 1.442055174649996716e-09
1.307299926757812500e+03 1.398593181249004599e-09
1.308599975585937500e+03 1.357162405923270004e-09
1.309899902343750000e+03 1.317633620014517148e-09
1.311200073242187500e+03 1.279868822161819122e-09
1.312500000000000000e+03 1.243784784160541272e-09
1.313800048828125000e+03 1.209262624642713426e-09
1.315099975585937500e+03 1.176225526224869200e-09
1.316400024414062500e+03 1.144578113883320204e-09
1.317699951171875000e+03 1.114252792819437646e-09
1.319000000000000000e+03 1.085157674596483603e-09
1.320300048828125000e+03 1.057241922527303364e-09
1.321599975585937500e+03 1.030433105579756007e-09
1.322900024414062500e+03 1.004669589894193507e-09
1.324199951171875000e+03 9.799082992511904659e-10
1.325500000000000000e+03 9.560826510870396997e-10
1.326799926757812500e+03 9.331489505943080786e-10
1.328099975585937500e+03 9.110678330816149354e-10
1.329399902343750000e+03 8.897871122152436895e-10
1.330699951171875000e+03 8.692774331824787122e-10
1.332000000000000000e+03 8.494904898834682852e-10
1.333299926757812500e+03 8.304052503259604106e-10
1.334599975585937500e+03 8.119816749952930720e-10
1.335899902343750000e+03 7.941820862582876309e-10
1.337200073242187500e+03 7.769796036542579354e-10
1.338500000000000000e+03 7.603594373062996073e-10
1.339800048828125000e+03 7.442826724052188560e-10
1.341099975585937500e+03 7.287330007217291983e-10
1.342400024414062500e+03 7.136740380339400419e-10
1.343699951171875000e+03 6.991022415196270957e-10
1.345000000000000000e+03 6.849885375424416843e-10
1.346300048828125000e+03 6.713093072875555109e-10
1.347599975585937500e+03 6.580484112315021192e-10
1.348900024414062500e+03 6.451947710254215527e-10
1.350199951171875000e+03 6.327271297359681681e-10
1.351500000000000000e+03 6.206236680770620030e-10
1.352799926757812500e+03 6.088772441689812706e-10
1.354099975585937500e+03 5.974750926046637787e-10
1.355399902343750000e+03 5.864039980948602518e-10
1.356699951171875000e+03 5.756385985312666428e-10
1.358000000000000000e+03 5.651829990888412523e-10
1.359299926757812500e+03 5.550188670684552042e-10
1.360599975585937500e+03 5.451339431805070079e-10
1.361900024414062500e+03 5.355177676641440242e-10
1.363200073242187500e+03 5.261611741698018667e-10
1.364500000000000000e+03 5.170587078759604671e-10
1.365800048828125000e+03 5.081937231416931847e-10
1.367099975585937500e+03 4.995636331444234102e-10
1.368400024414062500e+03 4.911552225949019713e-10
1.369699951171875000e+03 4.829665794938330909e-10
1.371000000000000000e+03 4.749842636108738480e-10
1.372300048828125000e+03 4.672059411821781912e-10
1.373599975585937500e+03 4.596238236223798969e-10
1.374900024414062500e+03 4.522276761117200229e-10
1.376199951171875000e+03 4.450143213572512963e-10
1.377500000000000000e+03 4.379740868919487842e-10
1.378799926757812500e+03 4.311076194214564580e-10
1.380099975585937500e+03 4.244027158914462902e-10
1.381399902343750000e+03 4.178599667722890994e-10
1.382699951171875000e+03 4.114690247736789137e-10
1.384000000000000000e+03 4.052274155435860499e-10
1.385299926757812500e+03 3.991308652012321285e-10
1.386599975585937500e+03 3.931725692785355205e-10
1.387900024414062500e+03 3.873516561287583509e-10
1.389200073242187500e+03 3.816639924593059236e-10
1.390500000000000000e+03 3.761017334495384489e-10
1.391800048828125000e+03 3.706619829828759173e-10
1.393099975585937500e+03 3.653441224713109598e-10
1.394400024414062500e+03 3.601417129760389654e-10
1.395699951171875000e+03 3.550518583804798215e-10
1.397000000000000000e+03 3.500704535096752790e-10
1.398299926757812500e+03 3.451979482458125249e-10
1.399599975585937500e+03 3.404258510626079532e-10
1.400900024414062500e+03 3.357566363120911956e-10
1.402199951171875000e+03 3.311851022314725863e-10
1.403500000000000000e+03 3.267052316464982543e-10
1.404799926757812500e+03 3.223207360852126730e-10
1.406099975585937500e+03 3.180228990802386428e-10
1.407399902343750000e+03 3.138155446301674597e-10
1.408699951171875000e+03 3.096910247378164285e-10
1.409999877929687500e+03 3.056490019915452882e-10
1.411299926757812500e+03 3.016868052158673645e-10
1.412599975585937500e+03 2.978008072356483526e-10
1.413900024414062500e+03 2.939921046387195142e-10
1.415200073242187500e+03 2.902578575437741479e-10
1.416500000000000000e+03 2.865964632455202384e-10
1.417800048828125000e+03 2.830037884513628314e-10
1.419099975585937500e+03 2.794804236316726418e-10
1.420400024414062500e+03 2.760248223164310661e-10
1.421699951171875000e+03 2.726323169779458975e-10
1.423000000000000000e+03 2.693002083230938074e-10
1.424299926757812500e+03 2.660325452915596852e-10
1.425599975585937500e+03 2.628259537669394738e-10
1.426900024414062500e+03 2.596771439857391811e-10
1.428199951171875000e+03 2.565852724188577412e-10
1.429500000000000000e+03 2.535484833022729949e-10
1.430799926757812500e+03 2.505679856943630267e-10
1.432099975585937500e+03 2.476391683027089376e-10
1.433399902343750000e+03 2.447623123036777325e-10
1.434699951171875000e+03 2.419362367565279810e-10
1.435999877929687500e+03 2.391580455446794667e-10
1.437299926757812500e+03 2.364306066670757520e-10
1.438599975585937500e+03 2.337481278905564044e-10
1.439900024414062500e+03 2.311129851554226632e-10
1.441200073242187500e+03 2.285207780515309220e-10
1.442500000000000000e+03 2.259750775187420998e-10
1.443800048828125000e+03 2.234715253233675970e-10
1.445099975585937500e+03 2.210081391720200533e-10
1.446400024414062500e+03 2.185867185934482681e-10
1.447699951171875000e+03 2.162064903526430171e-10
1.449000000000000000e+03 2.138651066269397407e-10
1.450299926757812500e+03 2.115617098284191494e-10
1.451599975585937500e+03 2.092948800164277889e-10
1.452900024414062500e+03 2.070651514260629890e-10
1.454199951171875000e+03 2.048721585280476021e-10
1.455500000000000000e+03 2.027136940879007002e-10
1.456799926757812500e+03 2.005899268114424656e-10
1.458099975585937500e+03 1.984988744052854604e-10
1.459399902343750000e+03 1.964402275754260000e-10
1.460699951171875000e+03 1.944143377923228532e-10
1.461999877929687500e+03 1.924194758213189073e-10
1.463300048828125000e+03 1.904563867797867583e-10
1.464599975585937500e+03 1.885243114915354831e-10
1.465900024414062500e+03 1.866198196048875616e-10
1.467200073242187500e+03 1.847450340014139339e-10
1.468500000000000000e+03 1.828999406222962215e-10
1.469800048828125000e+03 1.810799703515705838e-10
1.471099975585937500e+03 1.792882301880924263e-10
1.472400024414062500e+03 1.775244248966764430e-10
1.473699951171875000e+03 1.757863894192966351e-10
1.475000000000000000e+03 1.740733083444886683e-10
1.476299926757812500e+03 1.723849707899773275e-10
1.477599975585937500e+03 1.707219953437699821e-10
1.478900024414062500e+03 1.690830604769417509e-10
1.480199951171875000e+03 1.674667181312025000e-10
1.481500000000000000e+03 1.658752739527617563e-10
1.482799926757812500e+03 1.643060427073145183e-10
1.484099975585937500e+03 1.627588135125855971e-10
1.485399902343750000e+03 1.612327287806555739e-10
1.486699951171875000e+03 1.597293068639063208e-10
1.488000000000000000e+03 1.582466919983155756e-10
1.489300048828125000e+03 1.567843780664227139e-10
1.490599975585937500e+03 1.553420135977690188e-10
1.491900024414062500e+03 1.539208638860060116e-10
1.493199951171875000e+03 1.525188341671994318e-10
1.494500000000000000e+03 1.511356432649823265e-10
1.495800048828125000e+03 1.497704617090720340e-10
1.497099975585937500e+03 1.484258903808633357e-10
1.498400024414062500e+03 1.470967978116583298e-10
1.499699951171875000e+03 1.457872610587787147e-10
1.501000000000000000e+03 1.444945386526460777e-10
1.502299926757812500e+03 1.432208940630148872e-10
1.503599975585937500e+03 1.419617019386478399e-10
1.504899902343750000e+03 1.407205191605875538e-10
1.506199951171875000e+03 1.394937607301547569e-10
1.507500000000000000e+03 1.382841118816543215e-10
1.508799926757812500e+03 1.370920365560918132e-10
1.510099975585937500e+03 1.359132889903254549e-10
1.511399902343750000e+03 1.347493313014636299e-10
1.512699951171875000e+03 1.336017802536166804e-10
1.514000000000000000e+03 1.324685410828503717e-10
1.515300048828125000e+03 1.313477439663241143e-10
1.516599975585937500e+03 1.302425802558034563e-10
1.517900024414062500e+03 1.291531202453801359e-10
1.519199951171875000e+03 1.280749775837288220e-10
1.520500000000000000e+03 1.270103454465122189e-10
1.521800048828125000e+03 1.259602079510147916e-10
1.523099975585937500e+03 1.249223016274821750e-10
1.524400024414062500e+03 1.238977090049273556e-10
1.525699951171875000e+03 1.228844196723261897e-10
1.527000000000000000e+03 1.218852594521671297e-10
1.528299926757812500e+03 1.208970932279580387e-10
1.529599975585937500e+03 1.199207645287999310e-10
1.530899902343750000e+03 1.189568919427002534e-10
1.532199951171875000e+03 1.180043929406459935e-10
1.533500000000000000e+03 1.170631620814995310e-10
1.534799926757812500e+03 1.161338109238591104e-10
1.536099975585937500e+03 1.152144274684290836e-10
1.537399902343750000e+03 1.143063332441343835e-10
1.538700073242187500e+03 1.134090572805602809e-10
1.540000000000000000e+03 1.125223324601581110e-10
1.541300048828125000e+03 1.116454066361461269e-10
1.542599975585937500e+03 1.107797981609061752e-10
1.543900024414062500e+03 1.099235809763242549e-10
1.545199951171875000e+03 1.090767621118095427e-10
1.546500000000000000e+03 1.082399460965510935e-10
1.547800048828125000e+03 1.074137023126921062e-10
1.549099975585937500e+03 1.065957391728414712e-10
1.550400024414062500e+03 1.057870267354653655e-10
1.551699951171875000e+03 1.049879445886592634e-10
1.553000000000000000e+03 1.041980569090542663e-10
1.554299926757812500e+03 1.034167661968705084e-10
1.555599975585937500e+03 1.026443114520199618e-10
1.556899902343750000e+03 1.018798772630382534e-10
1.558199951171875000e+03 1.011241173649787246e-10
1.559500000000000000e+03 1.003773972871184715e-10
1.560799926757812500e+03 9.963802294184627598e-11
1.562099975585937500e+03 9.890728774045036525e-11
1.563399902343750000e+03 9.818476288897105571e-11
1.564700073242187500e+03 9.746971732885412980e-11
1.566000000000000000e+03 9.676237600119319393e-11
1.567300048828125000e+03 9.606266861189648397e-11
1.568599975585937500e+03 9.537096069024113455e-11
1.569900024414062500e+03 9.468606426607652598e-11
1.571199951171875000e+03 9.400899860373306993e-11
1.572500000000000000e+03 9.333847029192251345e-11
1.573800048828125000e+03 9.267565324197711049e-11
1.575099975585937500e+03 9.201992886588946608e-11
1.576400024414062500e+03 9.137081916383566176e-11
1.577699951171875000e+03 9.072848581222671624e-11
1.579000000000000000e+03 9.009282336992503504e-11
1.580299926757812500e+03 8.946446448375632718e-11
1.581599975585937500e+03 8.884177833079198828e-11
1.582899902343750000e+03 8.822629732223221760e-11
1.584199951171875000e+03 8.761622895873731449e-11
1.585500000000000000e+03 8.701309159268913832e-11
1.586799926757812500e+03 8.641628772430781040e-11
1.588099975585937500e+03 8.582444661880412435e-11
1.589400024414062500e+03 8.523941701079120500e-11
1.590700073242187500e+03 8.466035537116798636e-11
1.592000000000000000e+03 8.408714219997852113e-11
1.593300048828125000e+03 8.352027658527423113e-11
1.594599975585937500e+03 8.295838076285681111e-11
1.595900024414062500e+03 8.240166561500147586e-11
1.597199951171875000e+03 8.185087625908080871e-11
1.598500000000000000e+03 8.130599160686729332e-11
1.599799926757812500e+03 8.076580259998278079e-11
1.601099975585937500e+03 8.023167997321646458e-11
1.602400024414062500e+03 7.970280128569479500e-11
1.603699951171875000e+03 7.917806994958651033e-11
1.605000000000000000e+03 7.865926440541288083e-11
1.606299926757812500e+03 7.814561141816465630e-11
1.607599975585937500e+03 7.763664001742709473e-11
1.608899902343750000e+03 7.713282117361493814e-11
1.610199951171875000e+03 7.663365579867673885e-11
1.611500000000000000e+03 7.613904548088406588e-11
1.612799926757812500e+03 7.564939089655987129e-11
1.614099975585937500e+03 7.516507866320880602e-11
1.615400024414062500e+03 7.468442172262884148e-11
1.616700073242187500e+03 7.420849557442377476e-11
1.618000000000000000e+03 7.373774307137162934e-11
1.619300048828125000e+03 7.327044903763367097e-11
1.620599975585937500e+03 7.280752729640266514e-11
1.621900024414062500e+03 7.234983543559799189e-11
1.623199951171875000e+03 7.189626280856995914e-11
1.624500000000000000e+03 7.144597994503593126e-11
1.625799926757812500e+03 7.100083557960892969e-11
1.627099975585937500e+03 7.055965580095673926e-11
1.628400024414062500e+03 7.012251793258026171e-11
1.629699951171875000e+03 6.968852221010509732e-11
1.631000000000000000e+03 6.925939083877915674e-11
1.632299926757812500e+03 6.883396396608851298e-11
1.633599975585937500e+03 6.841243841549010559e-11
1.634899902343750000e+03 6.799463142234536078e-11
1.636199951171875000e+03 6.758064139838273539e-11
1.637499877929687500e+03 6.717033478482789052e-11
1.638799926757812500e+03 6.676462540487361751e-11
1.640099975585937500e+03 6.636155205336004649e-11
1.641400024414062500e+03 6.596212696520837394e-11
1.642700073242187500e+03 6.556606193464244452e-11
1.644000000000000000e+03 6.517450275535779362e-11
1.645300048828125000e+03 6.478537575164774169e-11
1.646599975585937500e+03 6.439979157016199375e-11
1.647900024414062500e+03 6.401834068127125205e-11
1.649199951171875000e+03 6.363939226204684760e-11
1.650500000000000000e+03 6.326463337069086069e-11
1.651799926757812500e+03 6.289206765499753938e-11
1.653099975585937500e+03 6.252371958480930248e-11
1.654400024414062500e+03 6.215769121964888074e-11
1.655699951171875000e+03 6.179553605894397679e-11
1.657000000000000000e+03 6.143662848527800632e-11
1.658299926757812500e+03 6.108028664596097373e-11
1.659599975585937500e+03 6.072694636436173897e-11
1.660899902343750000e+03 6.037695208152988161e-11
1.662199951171875000e+03 6.002965709182130101e-11
1.663499877929687500e+03 5.968552533624153696e-11
1.664799926757812500e+03 5.934447246188051127e-11
1.666099975585937500e+03 5.900617511591613487e-11
1.667400024414062500e+03 5.867021856320710287e-11
1.668700073242187500e+03 5.833749905342323974e-11
1.670000000000000000e+03 5.800756318967274446e-11
1.671300048828125000e+03 5.768053398661617839e-11
1.672599975585937500e+03 5.735599319440762906e-11
1.673900024414062500e+03 5.703426065116455856e-11
1.675199951171875000e+03 5.671499191583738089e-11
1.676500000000000000e+03 5.639885478229775176e-11
1.677799926757812500e+03 5.608501626555839563e-11
1.679099975585937500e+03 5.577352205677896564e-11
1.680400024414062500e+03 5.546515242037789486e-11
1.681699951171875000e+03 5.515880373911469990e-11
1.683000000000000000e+03 5.485481693933435274e-11
1.684299926757812500e+03 5.455386684431767255e-11
1.685599975585937500e+03 5.425470573393608538e-11
1.686899902343750000e+03 5.395859890184110623e-11
1.688199951171875000e+03 5.366474499538677278e-11
1.689499877929687500e+03 5.337284174997854460e-11
1.690800048828125000e+03 5.308353235655595993e-11
1.692099975585937500e+03 5.279668325634468635e-11
1.693400024414062500e+03 5.251166883192812662e-11
1.694699951171875000e+03 5.222926231831555677e-11
1.696000000000000000e+03 5.194908412741152166e-11
1.697300048828125000e+03 5.167108505335178641e-11
1.698599975585937500e+03 5.139542325784280088e-11
1.699900024414062500e+03 5.112179296158544289e-11
1.701199951171875000e+03 5.085027851748980351e-11
1.702500000000000000e+03 5.058088344026047741e-11
1.703799926757812500e+03 5.031346362700938048e-11
1.705099975585937500e+03 5.004835648937691583e-11
1.706400024414062500e+03 4.978516838044926905e-11
1.707699951171875000e+03 4.952441596180082237e-11
1.709000000000000000e+03 4.926518541023880386e-11
1.710299926757812500e+03 4.900802853438345195e-11
1.711599975585937500e+03 4.875274851077787882e-11
1.712899902343750000e+03 4.849988308922397657e-11
1.714199951171875000e+03 4.824851493182438503e-11
1.715500000000000000e+03 4.799948756768012497e-11
1.716800048828125000e+03 4.775189420300760084e-11
1.718099975585937500e+03 4.750611091119768605e-11
1.719400024414062500e+03 4.726267895675686735e-11
1.720699951171875000e+03 4.702110276633828528e-11
1.722000000000000000e+03 4.678074617841161029e-11
1.723300048828125000e+03 4.654276553078612944e-11
1.724599975585937500e+03 4.630608883856264676e-11
1.725900024414062500e+03 4.607162641022935247e-11
1.727199951171875000e+03 4.583883346657515866e-11
1.728500000000000000e+03 4.560726364011743429e-11
1.729799926757812500e+03 4.537793970989118568e-11
1.731099975585937500e+03 4.515035204373120056e-11
1.732399902343750000e+03 4.492428624465764359e-11
1.733699951171875000e+03 4.469953143039526120e-11
1.735000000000000000e+03 4.447682217420284623e-11
1.736299926757812500e+03 4.425581052032623741e-11
1.737599975585937500e+03 4.403629261589935755e-11
1.738899902343750000e+03 4.381840904910570259e-11
1.740199951171875000e+03 4.360212467289939693e-11
1.741499877929687500e+03 4.338732701673364382e-11
1.742799926757812500e+03 4.317419884524699121e-11
1.744099853515625000e+03 4.296246952618619894e-11
1.745399902343750000e+03 4.275223395657513564e-11
1.746699951171875000e+03 4.254362218048353262e-11
1.747999877929687500e+03 4.233641277152237168e-11
1.749299926757812500e+03 4.213075334728434454e-11
1.750599853515625000e+03 4.192646114313088390e-11
1.751899902343750000e+03 4.172363457079044658e-11
1.753199829101562500e+03 4.152223145380798704e-11
1.754500122070312500e+03 4.132265598321106494e-11
1.755800048828125000e+03 4.112417710044547564e-11
1.757100097656250000e+03 4.092697405544517887e-11
1.758400024414062500e+03 4.073113120112027864e-11
1.759700073242187500e+03 4.053671180215334972e-11
1.761000000000000000e+03 4.034407084370774276e-11
1.762300048828125000e+03 4.015238237020535861e-11
1.763600097656250000e+03 3.996197324917286813e-11
1.764900024414062500e+03 3.977330390691123579e-11
1.766200073242187500e+03 3.958550972609189867e-11
1.767500000000000000e+03 3.939890703012776944e-11
1.768800048828125000e+03 3.921416361289046505e-11
1.770099975585937500e+03 3.903018288654866561e-11
1.771400024414062500e+03 3.884791382134102512e-11
1.772699951171875000e+03 3.866646368230228796e-11
1.774000000000000000e+03 3.848666193971512851e-11
1.775300048828125000e+03 3.830764046154641504e-11
1.776599975585937500e+03 3.813028846805680852e-11
1.777900024414062500e+03 3.795366753312141310e-11
1.779199951171875000e+03 3.777873717109265387e-11
1.780500000000000000e+03 3.760451326468599475e-11
1.781799926757812500e+03 3.743181825477494021e-11
1.783099975585937500e+03 3.725987539164562599e-11
1.784399902343750000e+03 3.708954577792201390e-11
1.785699951171875000e+03 3.691997182568473681e-11
1.787000000000000000e+03 3.675190568171552859e-11
1.788299926757812500e+03 3.658498181673728693e-11
1.789599975585937500e+03 3.641869059858481245e-11
1.790899902343750000e+03 3.625388258576830232e-11
1.792199951171875000e+03 3.609028011662532707e-11
1.793499877929687500e+03 3.592721188257966862e-11
1.794799926757812500e+03 3.576564091268832090e-11
1.796099853515625000e+03 3.560527900117510271e-11
1.797399902343750000e+03 3.544585551578677391e-11
1.798699951171875000e+03 3.528701898606456562e-11
1.799999877929687500e+03 3.512971486754255657e-11
1.801299926757812500e+03 3.497337026337294676e-11
1.802599853515625000e+03 3.481805898235209497e-11
1.803899902343750000e+03 3.466328896583772347e-11
1.805200073242187500e+03 3.450997755172720536e-11
1.806500122070312500e+03 3.435769594606085060e-11
1.807800048828125000e+03 3.420638439886066616e-11
1.809100097656250000e+03 3.405596558662573089e-11
1.810400024414062500e+03 3.390657658283496545e-11
1.811700073242187500e+03 3.375767612298187013e-11
1.813000000000000000e+03 3.361017803025921044e-11
1.814300048828125000e+03 3.346361484895685840e-11
1.815599975585937500e+03 3.331800766730233031e-11
1.816900024414062500e+03 3.317325104415799940e-11
1.818200073242187500e+03 3.302943987654772782e-11
1.819500000000000000e+03 3.288661282622197939e-11
1.820800048828125000e+03 3.274456955501926514e-11
1.822099975585937500e+03 3.260348228346436839e-11
1.823400024414062500e+03 3.246321745278296963e-11
1.824699951171875000e+03 3.232390862174939482e-11
1.826000000000000000e+03 3.218547495215812816e-11
1.827299926757812500e+03 3.204780397346237292e-11
1.828599975585937500e+03 3.191108899441443517e-11
1.829900024414062500e+03 3.177515076508035519e-11
1.831199951171875000e+03 3.164008066777941341e-11
1.832500000000000000e+03 3.150583301135196316e-11
1.833799926757812500e+03 3.137245700166223285e-11
1.835099975585937500e+03 3.123984016816342574e-11
1.836399902343750000e+03 3.110807740787939756e-11
1.837699951171875000e+03 3.097708436790005073e-11
1.838999877929687500e+03 3.084696648936301851e-11
1.840299926757812500e+03 3.071756912526643924e-11
1.841599975585937500e+03 3.058899420204335149e-11
1.842899902343750000e+03 3.046144908726442710e-11
1.844199951171875000e+03 3.033436088408189191e-11
1.845499877929687500e+03 3.020830248934352008e-11
1.846799926757812500e+03 3.008280996204374598e-11
1.848099853515625000e+03 2.995806255211654227e-11
1.849399902343750000e+03 2.983434143592891371e-11
1.850699829101562500e+03 2.971111237838354349e-11
1.851999877929687500e+03 2.958853705589146968e-11
1.853299926757812500e+03 2.946701438742337611e-11
1.854599853515625000e+03 2.934598202024525324e-11
1.855900024414062500e+03 2.922559460135894981e-11
1.857200073242187500e+03 2.910620360122322824e-11
1.858500122070312500e+03 2.898729235826371275e-11
1.859800048828125000e+03 2.886934414436119441e-11
1.861100097656250000e+03 2.875181593765689233e-11
1.862400024414062500e+03 2.863522615707747642e-11
1.863700073242187500e+03 2.851913546454949849e-11
1.865000000000000000e+03 2.840388478641794989e-11
1.866300048828125000e+03 2.828914198309931301e-11
1.867599975585937500e+03 2.817523567947251724e-11
1.868900024414062500e+03 2.806181264772651577e-11
1.870200073242187500e+03 2.794921908626318869e-11
1.871500000000000000e+03 2.783711406873753175e-11
1.872800048828125000e+03 2.772588421265418619e-11
1.874099975585937500e+03 2.761504624613235449e-11
1.875400024414062500e+03 2.750514494838311807e-11
1.876699951171875000e+03 2.739582006218624401e-11
1.878000000000000000e+03 2.728684664644812268e-11
1.879299926757812500e+03 2.717878705390278299e-11
1.880599975585937500e+03 2.707138646846760911e-11
1.881900024414062500e+03 2.696433559613890354e-11
1.883199951171875000e+03 2.685809837792222544e-11
1.884500000000000000e+03 2.675247096095148796e-11
1.885799926757812500e+03 2.664731275704320164e-11
1.887099975585937500e+03 2.654284167788178030e-11
1.888399902343750000e+03 2.643903312053512267e-11
1.889699951171875000e+03 2.633560766598851162e-11
1.890999877929687500e+03 2.623299235084933983e-11
1.892299926757812500e+03 2.613093411638729850e-11
1.893599975585937500e+03 2.602946283759138736e-11
1.894899902343750000e+03 2.592849416155149596e-11
1.896199951171875000e+03 2.582795427947129458e-11
1.897499877929687500e+03 2.572816654417283676e-11
1.898799926757812500e+03 2.562895522042674129e-11
1.900099853515625000e+03 2.553022365385685191e-11
1.901399902343750000e+03 2.543218624144301039e-11
1.902699829101562500e+03 2.533455653476132966e-11
1.903999877929687500e+03 2.523731520293657781e-11
1.905299926757812500e+03 2.514083480465504004e-11
1.906600097656250000e+03 2.504487106794787159e-11
1.907900024414062500e+03 2.494940114723526205e-11
1.909200073242187500e+03 2.485450763807501809e-11
1.910500000000000000e+03 2.476017120959190458e-11
1.911800048828125000e+03 2.466626708977306284e-11
1.913100097656250000e+03 2.457291829327906392e-11
1.914400024414062500e+03 2.448014239363284237e-11
1.915700073242187500e+03 2.438774432472978186e-11
1.917000000000000000e+03 2.429592969678826335e-11
1.918300048828125000e+03 2.420464930394405518e-11
1.919599975585937500e+03 2.411361845512556763e-11
1.920900024414062500e+03 2.402324309871266413e-11
1.922199951171875000e+03 2.393340549210166565e-11
1.923500000000000000e+03 2.384408981912191879e-11
1.924800048828125000e+03 2.375517657981745041e-11
1.926099975585937500e+03 2.366701021523784652e-11
1.927400024414062500e+03 2.357910569615001873e-11
1.928699951171875000e+03 2.349165281660169137e-11
1.930000000000000000e+03 2.340467090746810281e-11
1.931299926757812500e+03 2.331815645404466807e-11
1.932599975585937500e+03 2.323207079458091366e-11
1.933899902343750000e+03 2.314652991432823099e-11
1.935199951171875000e+03 2.306136335011413407e-11
1.936500000000000000e+03 2.297671696217899791e-11
1.937799926757812500e+03 2.289242731675950001e-11
1.939099975585937500e+03 2.280866839173273072e-11
1.940399902343750000e+03 2.272534177537022996e-11
1.941699951171875000e+03 2.264239474710319081e-11
1.942999877929687500e+03 2.256016471857202285e-11
1.944299926757812500e+03 2.247813854290692883e-11
1.945599853515625000e+03 2.239657279354281221e-11
1.946899902343750000e+03 2.231534445581910197e-11
1.948199951171875000e+03 2.223461169144224150e-11
1.949499877929687500e+03 2.215426378721772494e-11
1.950799926757812500e+03 2.207435522106665333e-11
1.952099853515625000e+03 2.199509160320740439e-11
1.953399902343750000e+03 2.191600899263441574e-11
1.954699829101562500e+03 2.183731651427065331e-11
1.955999877929687500e+03 2.175907743279868541e-11
1.957300048828125000e+03 2.168123199824052872e-11
1.958600097656250000e+03 2.160395418847326709e-11
1.959900024414062500e+03 2.152691186391337325e-11
1.961200073242187500e+03 2.145024034068746727e-11
1.962500000000000000e+03 2.137398355260290171e-11
1.963800048828125000e+03 2.129811513937525858e-11
1.965100097656250000e+03 2.122281786564310519e-11
1.966400024414062500e+03 2.114774377565225764e-11
1.967700073242187500e+03 2.107299479583576418e-11
1.969000000000000000e+03 2.099866582321749024e-11
1.970300048828125000e+03 2.092489217392404942e-11
1.971599975585937500e+03 2.085134873778109730e-11
1.972900024414062500e+03 2.077809702211891457e-11
1.974199951171875000e+03 2.070546213711185532e-11
1.975500000000000000e+03 2.063302407556170006e-11
1.976800048828125000e+03 2.056093221241342168e-11
1.978099975585937500e+03 2.048914612856426227e-11
1.979400024414062500e+03 2.041801905182527836e-11
1.980699951171875000e+03 2.034698335740557164e-11
1.982000000000000000e+03 2.027627804521709488e-11
1.983299926757812500e+03 2.020615617399015688e-11
1.984599975585937500e+03 2.013619070711736819e-11
1.985899902343750000e+03 2.006658374011251511e-11
1.987199951171875000e+03 1.999756548612608309e-11
1.988500000000000000e+03 1.992859468065157893e-11
1.989799926757812500e+03 1.986001752209088920e-11
1.991099975585937500e+03 1.979198514274126797e-11
1.992399902343750000e+03 1.972407753540451512e-11
1.993699951171875000e+03 1.965652315587881233e-11
1.994999877929687500e+03 1.958946610705225019e-11
1.996299926757812500e+03 1.952256370522754326e-11
1.997599853515625000e+03 1.945619553850014990e-11
1.998899902343750000e+03 1.938996093054708251e-11
