5.000000000000000000e+02 2.396060111032012033e-11
5.012999877929687500e+02 2.407799558908727323e-11
5.025999755859375000e+02 2.419601450657127241e-11
5.038999938964843750e+02 2.431465610873077574e-11
5.051999816894531250e+02 2.443393267385516850e-11
5.064999694824218750e+02 2.455384771002711884e-11
5.078000183105468750e+02 2.467440823341199209e-11
5.091000061035156250e+02 2.479561248996844611e-11
5.103999938964843750e+02 2.491746924990317223e-11
5.117000122070312500e+02 2.503998552938153901e-11
5.130000000000000000e+02 2.516316659052755995e-11
5.142999877929687500e+02 2.528701418738257398e-11
5.155999755859375000e+02 2.541153533611193996e-11
5.168999633789062500e+02 2.553673705288101354e-11
5.181999511718750000e+02 2.566262635385515036e-11
5.195000000000000000e+02 2.578921025519971900e-11
5.207999877929687500e+02 2.591648875691470976e-11
5.221000366210937500e+02 2.604447062920682042e-11
5.234000244140625000e+02 2.617315938015873528e-11
5.247000122070312500e+02 2.630256553401848780e-11
5.260000000000000000e+02 2.643268909078607475e-11
5.272999877929687500e+02 2.656353882066820038e-11
5.285999755859375000e+02 2.669511998578888143e-11
5.298999633789062500e+02 2.682744135635480921e-11
5.311999511718750000e+02 2.696050994853134584e-11
5.324999389648437500e+02 2.709432927040116913e-11
5.337999877929687500e+02 2.722890809217097689e-11
5.351000366210937500e+02 2.736424816788211124e-11
5.364000244140625000e+02 2.750035475965858892e-11
5.377000122070312500e+02 2.763724365387246014e-11
5.390000000000000000e+02 2.777491485052373136e-11
5.402999877929687500e+02 2.791337536577775821e-11
5.415999755859375000e+02 2.805262695367587639e-11
5.428999633789062500e+02 2.819268540059014901e-11
5.441999511718750000e+02 2.833355596864458959e-11
5.455000000000000000e+02 2.847525093612857695e-11
5.467999877929687500e+02 2.861776504091808468e-11
5.481000366210937500e+02 2.876110354513714243e-11
5.494000244140625000e+02 2.890528223515779718e-11
5.507000122070312500e+02 2.905031338926942453e-11
5.520000000000000000e+02 2.919618648322400070e-11
5.532999877929687500e+02 2.934293308976561965e-11
5.545999755859375000e+02 2.949053566848089225e-11
5.558999633789062500e+02 2.963901877594856973e-11
5.571999511718750000e+02 2.978838592025134283e-11
5.585000000000000000e+02 2.993864411755455428e-11
5.597999877929687500e+02 3.008980038402356618e-11
5.610999755859375000e+02 3.024186173582374064e-11
5.624000244140625000e+02 3.039483168103774902e-11
5.637000122070312500e+02 3.054872776007899335e-11
5.650000000000000000e+02 3.070355698911283575e-11
5.662999877929687500e+02 3.085931586005657901e-11
5.675999755859375000e+02 3.101602892948898726e-11
5.688999633789062500e+02 3.117369268932738915e-11
5.701999511718750000e+02 3.133232117190248951e-11
5.715000000000000000e+02 3.149192490146232181e-11
5.727999877929687500e+02 3.165250387800689896e-11
5.740999755859375000e+02 3.181407564194960363e-11
5.754000244140625000e+02 3.197664370137312008e-11
5.767000122070312500e+02 3.214021858052548827e-11
5.780000000000000000e+02 3.230481080365474164e-11
5.792999877929687500e+02 3.247042738692623586e-11
5.805999755859375000e+02 3.263707534650532655e-11
5.818999633789062500e+02 3.280476520664006012e-11
5.831999511718750000e+02 3.297351450774382568e-11
5.845000000000000000e+02 3.314333377406465669e-11
5.857999877929687500e+02 3.331421248135451969e-11
5.870999755859375000e+02 3.348617518619217237e-11
5.884000244140625000e+02 3.365923241282564171e-11
5.897000122070312500e+02 3.383338416125492773e-11
5.910000000000000000e+02 3.400865849614147240e-11
5.922999877929687500e+02 3.418504489323722931e-11
5.935999755859375000e+02 3.436257141720363398e-11
5.948999633789062500e+02 3.454123806804068641e-11
5.962000122070312500e+02 3.472106238616177570e-11
5.975000000000000000e+02 3.490204437156690832e-11
5.987999877929687500e+02 3.508420858083483550e-11
6.000999755859375000e+02 3.526754799780020158e-11
6.014000244140625000e+02 3.545209068712442915e-11
6.027000122070312500e+02 3.563783664880753112e-11
6.040000000000000000e+02 3.582479640709752805e-11
6.052999877929687500e+02 3.601299802665586836e-11
6.065999755859375000e+02 3.620243799939986131e-11
6.078999633789062500e+02 3.639313035766022465e-11
6.092000122070312500e+02 3.658509264185036042e-11
6.105000000000000000e+02 3.677833186813561779e-11
6.117999877929687500e+02 3.697285856076403024e-11
6.130999755859375000e+02 3.716867622781828851e-11
6.144000244140625000e+02 3.736582345820786158e-11
6.157000122070312500e+02 3.756428972768469659e-11
6.170000000000000000e+02 3.776409959282755122e-11
6.182999877929687500e+02 3.796525656171912269e-11
6.195999755859375000e+02 3.816778168285546500e-11
6.208999633789062500e+02 3.837167846431925598e-11
6.222000122070312500e+02 3.857698198693729323e-11
6.235000000000000000e+02 3.878368523454422112e-11
6.247999877929687500e+02 3.899180223947075094e-11
6.260999755859375000e+02 3.920135755829562744e-11
6.273999633789062500e+02 3.941234768293618572e-11
6.287000122070312500e+02 3.962480418613653265e-11
6.300000000000000000e+02 3.983873408406202388e-11
6.312999877929687500e+02 4.005415842520872633e-11
6.325999755859375000e+02 4.027108071765932430e-11
6.338999633789062500e+02 4.048952200990989118e-11
6.352000122070312500e+02 4.070951036662186248e-11
6.365000000000000000e+02 4.093103175546451399e-11
6.377999877929687500e+02 4.115411774918196548e-11
6.390999755859375000e+02 4.137878939627028390e-11
6.403999633789062500e+02 4.160505722097750918e-11
6.417000122070312500e+02 4.183292473138631914e-11
6.430000000000000000e+02 4.206243051640618275e-11
6.442999877929687500e+02 4.229357808411977138e-11
6.455999755859375000e+02 4.252638497494049998e-11
6.469000244140625000e+02 4.276087925352976528e-11
6.482000122070312500e+02 4.299705039563957260e-11
6.495000000000000000e+02 4.323494400634471424e-11
6.507999877929687500e+02 4.347456008564520312e-11
6.520999755859375000e+02 4.371592319011979046e-11
6.533999633789062500e+02 4.395904033593383192e-11
6.547000122070312500e+02 4.420395712816215856e-11
6.560000000000000000e+02 4.445066304255673692e-11
6.572999877929687500e+02 4.469919666802702305e-11
6.585999755859375000e+02 4.494955800457302341e-11
6.599000244140625000e+02 4.520178914918688480e-11
6.612000122070312500e+02 4.545588308570325157e-11
6.625000000000000000e+02 4.571187840303157977e-11
6.637999877929687500e+02 4.596979614966796218e-11
6.650999755859375000e+02 4.622962580136435241e-11
6.663999633789062500e+02 4.649142699552629284e-11
6.677000122070312500e+02 4.675519973215377700e-11
6.690000000000000000e+02 4.702097207590824685e-11
6.702999877929687500e+02 4.728876156720308505e-11
6.715999755859375000e+02 4.755859627069973356e-11
6.729000244140625000e+02 4.783048671064622586e-11
6.742000122070312500e+02 4.810446445978666880e-11
6.755000000000000000e+02 4.838054004236910879e-11
6.767999877929687500e+02 4.865874152305496193e-11
6.780999755859375000e+02 4.893909345842299237e-11
6.793999633789062500e+02 4.922161338888659569e-11
6.806999511718750000e+02 4.950635042760326141e-11
6.820000000000000000e+02 4.979328352607692905e-11
6.832999877929687500e+02 5.008247582979581879e-11
6.845999755859375000e+02 5.037393435492529276e-11
6.859000244140625000e+02 5.066769418229213564e-11
6.872000122070312500e+02 5.096376583614436797e-11
6.885000000000000000e+02 5.126218088922612893e-11
6.897999877929687500e+02 5.156296740619882817e-11
6.910999755859375000e+02 5.186613941939318991e-11
6.923999633789062500e+02 5.217174955004938795e-11
6.936999511718750000e+02 5.247979429008476385e-11
6.950000000000000000e+02 5.279032976882216278e-11
6.962999877929687500e+02 5.310336300242695330e-11
6.976000366210937500e+02 5.341893608789126929e-11
6.989000244140625000e+02 5.373706305754583496e-11
7.002000122070312500e+02 5.405778250030011928e-11
7.015000000000000000e+02 5.438110844848484000e-11
7.027999877929687500e+02 5.470709703142284875e-11
7.040999755859375000e+02 5.503575526527951410e-11
7.053999633789062500e+02 5.536712173896430502e-11
7.066999511718750000e+02 5.570123153330399974e-11
7.080000000000000000e+02 5.603810569679467811e-11
7.092999877929687500e+02 5.637778983451116475e-11
7.106000366210937500e+02 5.672030850303221735e-11
7.119000244140625000e+02 5.706570029126730488e-11
7.132000122070312500e+02 5.741398273962980999e-11
7.145000000000000000e+02 5.776520496127724158e-11
7.157999877929687500e+02 5.811939502087104162e-11
7.170999755859375000e+02 5.847658098307262622e-11
7.183999633789062500e+02 5.883681196103950430e-11
7.196999511718750000e+02 5.920010900326776862e-11
7.210000000000000000e+02 5.956652122291489580e-11
7.222999877929687500e+02 5.993608370080768989e-11
7.236000366210937500e+02 6.030885256626900899e-11
7.249000244140625000e+02 6.068480677080278616e-11
7.262000122070312500e+02 6.106403752455865771e-11
7.275000000000000000e+02 6.144655184370200514e-11
7.287999877929687500e+02 6.183242690605175346e-11
7.300999755859375000e+02 6.222166972777324540e-11
7.313999633789062500e+02 6.261433643818935196e-11
7.326999511718750000e+02 6.301045510196152158e-11
7.340000000000000000e+02 6.341008184841261234e-11
7.352999877929687500e+02 6.381327982303081213e-11
7.366000366210937500e+02 6.422004200965081699e-11
7.379000244140625000e+02 6.463043155376078896e-11
7.392000122070312500e+02 6.504450458468363782e-11
7.405000000000000000e+02 6.546231021557685308e-11
7.417999877929687500e+02 6.588386949493648877e-11
7.430999755859375000e+02 6.630925960058152160e-11
7.443999633789062500e+02 6.673850859717333536e-11
7.456999511718750000e+02 6.717167261403482694e-11
7.469999389648437500e+02 6.760877971582740597e-11
7.482999877929687500e+02 6.804994216119682740e-11
7.496000366210937500e+02 6.849513188548164281e-11
7.509000244140625000e+02 6.894443308266611993e-11
7.522000122070312500e+02 6.939790889823852420e-11
7.535000000000000000e+02 6.985559441302562091e-11
7.547999877929687500e+02 7.031755277251562380e-11
7.560999755859375000e+02 7.078384712219677245e-11
7.573999633789062500e+02 7.125451254289584507e-11
7.586999511718750000e+02 7.172962621243179255e-11
7.599999389648437500e+02 7.220922321163138018e-11
7.612999877929687500e+02 7.269340878297498141e-11
7.626000366210937500e+02 7.318218292646260916e-11
7.639000244140625000e+02 7.367564386840924248e-11
7.652000122070312500e+02 7.417381967347636855e-11
7.665000000000000000e+02 7.467680856797894057e-11
7.677999877929687500e+02 7.518465264890913118e-11
7.690999755859375000e+02 7.569741506175516703e-11
7.703999633789062500e+02 7.621520104899739572e-11
7.716999511718750000e+02 7.673801762680119876e-11
7.729999389648437500e+02 7.726597003764693665e-11
7.742999877929687500e+02 7.779914247551889008e-11
7.755999755859375000e+02 7.833754195658240176e-11
7.769000244140625000e+02 7.888129477181396377e-11
7.782000122070312500e+02 7.943046406670175108e-11
7.795000000000000000e+02 7.998510597056864761e-11
7.807999877929687500e+02 8.054529766123360423e-11
7.820999755859375000e+02 8.111113034884621849e-11
7.833999633789062500e+02 8.168268121122549295e-11
7.846999511718750000e+02 8.226002041002495821e-11
7.860000000000000000e+02 8.284325318772500065e-11
7.872999877929687500e+02 8.343242164131775414e-11
7.885999755859375000e+02 8.402762399711824941e-11
7.899000244140625000e+02 8.462895146527612277e-11
7.912000122070312500e+02 8.523648122361031216e-11
7.925000000000000000e+02 8.585030448227047975e-11
7.937999877929687500e+02 8.647052648373698605e-11
7.950999755859375000e+02 8.709721037349804481e-11
7.963999633789062500e+02 8.773046841019938512e-11
7.976999511718750000e+02 8.837039882015602477e-11
7.990000000000000000e+02 8.901711386201367995e-11
8.002999877929687500e+02 8.967066264892986601e-11
8.015999755859375000e+02 9.033115042338493057e-11
8.029000244140625000e+02 9.099871750868603821e-11
8.042000122070312500e+02 9.167342705032142852e-11
8.055000000000000000e+02 9.235541937159824025e-11
8.067999877929687500e+02 9.304477165033539842e-11
8.080999755859375000e+02 9.374161017750935635e-11
8.093999633789062500e+02 9.444604721176585604e-11
8.106999511718750000e+02 9.515819501175060075e-11
8.120000000000000000e+02 9.587818688460539943e-11
8.132999877929687500e+02 9.660610000814919003e-11
8.145999755859375000e+02 9.734207470568909837e-11
8.159000244140625000e+02 9.808622323587089233e-11
8.172000122070312500e+02 9.883868592200171065e-11
8.185000000000000000e+02 9.959957502272726951e-11
8.197999877929687500e+02 1.003690378775201150e-10
8.210999755859375000e+02 1.011471937611912802e-10
8.223999633789062500e+02 1.019341900132133240e-10
8.236999511718750000e+02 1.027301318760665812e-10
8.250000000000000000e+02 1.035352368508771802e-10
8.262999877929687500e+02 1.043495680831333088e-10
8.275999755859375000e+02 1.051732799284728430e-10
8.288999633789062500e+02 1.060065337586990271e-10
8.302000122070312500e+02 1.068494979617804485e-10
8.315000000000000000e+02 1.077022918125281917e-10
8.327999877929687500e+02 1.085650977312415424e-10
8.340999755859375000e+02 1.094380770897237451e-10
8.353999633789062500e+02 1.103213982759433739e-10
8.367000122070312500e+02 1.112152437101997532e-10
8.380000000000000000e+02 1.121197116188078879e-10
8.392999877929687500e+02 1.130350686160513442e-10
8.405999755859375000e+02 1.139614269605759029e-10
8.418999633789062500e+02 1.148989831050115349e-10
8.432000122070312500e+02 1.158479405181536445e-10
8.445000000000000000e+02 1.168084746041361616e-10
8.457999877929687500e+02 1.177807888317544515e-10
8.470999755859375000e+02 1.187650586051425088e-10
8.483999633789062500e+02 1.197615224739224771e-10
8.497000122070312500e+02 1.207703909230550516e-10
8.510000000000000000e+02 1.217918183081781342e-10
8.522999877929687500e+02 1.228260572112446054e-10
8.535999755859375000e+02 1.238733040848845010e-10
8.548999633789062500e+02 1.249338395757121242e-10
8.562000122070312500e+02 1.260078320716960624e-10
8.575000610351562500e+02 1.270955902841120413e-10
8.588000488281250000e+02 1.281972405039365402e-10
8.601000366210937500e+02 1.293130914424452333e-10
8.614000244140625000e+02 1.304434237462525274e-10
8.627000122070312500e+02 1.315884619326498030e-10
8.640000000000000000e+02 1.327484305189285443e-10
8.652999877929687500e+02 1.339236662810258998e-10
8.665999755859375000e+02 1.351144218008947759e-10
8.678999633789062500e+02 1.363209636928187650e-10
8.692000122070312500e+02 1.375435726034121701e-10
8.705000000000000000e+02 1.387825572439507433e-10
8.717999877929687500e+02 1.400382263257102620e-10
8.730999755859375000e+02 1.413108604953049522e-10
8.743999633789062500e+02 1.426008245933335140e-10
8.756999511718750000e+02 1.439083992664101993e-10
8.769999389648437500e+02 1.452338932258107855e-10
8.782999267578125000e+02 1.465776853444645552e-10
8.795999145507812500e+02 1.479401264306394456e-10
8.809000244140625000e+02 1.493216514865876360e-10
8.822000122070312500e+02 1.507224148679469764e-10
8.835000000000000000e+02 1.521429217386232284e-10
8.848000488281250000e+02 1.535834948422228809e-10
8.861000366210937500e+02 1.550446112779902211e-10
8.874000244140625000e+02 1.565266078218625011e-10
8.887000122070312500e+02 1.580298914114303998e-10
8.900000000000000000e+02 1.595548970489461224e-10
8.912999877929687500e+02 1.611020878013233223e-10
8.925999755859375000e+02 1.626718565738219675e-10
8.938999633789062500e+02 1.642646524010250260e-10
8.951999511718750000e+02 1.658809804468382076e-10
8.965000000000000000e+02 1.675212757135137692e-10
8.977999877929687500e+02 1.691860994942802399e-10
8.990999755859375000e+02 1.708758727590591910e-10
9.003999633789062500e+02 1.725911708334098888e-10
9.016999511718750000e+02 1.743324848489074094e-10
9.029999389648437500e+02 1.761003480341189371e-10
9.042999267578125000e+02 1.778953497469345526e-10
9.055999145507812500e+02 1.797180372482521515e-10
9.069000244140625000e+02 1.815691823162610615e-10
9.082000122070312500e+02 1.834490375329142410e-10
9.095000000000000000e+02 1.853583887087317030e-10
9.108000488281250000e+02 1.872979514925799820e-10
9.121000366210937500e+02 1.892682450806955249e-10
9.134000244140625000e+02 1.912700272189369739e-10
9.147000122070312500e+02 1.933039995238401522e-10
9.160000000000000000e+02 1.953707794179565374e-10
9.172999877929687500e+02 1.974712228734597768e-10
9.185999755859375000e+02 1.996060174745549044e-10
9.198999633789062500e+02 2.017759069347699030e-10
9.211999511718750000e+02 2.039817612586091311e-10
9.225000000000000000e+02 2.062243522242619165e-10
9.237999877929687500e+02 2.085045358039019322e-10
9.250999755859375000e+02 2.108231539373721140e-10
9.263999633789062500e+02 2.131811046938382948e-10
9.276999511718750000e+02 2.155793703364505492e-10
9.289999389648437500e+02 2.180188349020439729e-10
9.302999267578125000e+02 2.205004946860993000e-10
9.316000366210937500e+02 2.230255705013889040e-10
9.329000244140625000e+02 2.255946517058027883e-10
9.342000122070312500e+02 2.282090573384282536e-10
9.355000000000000000e+02 2.308698538563996682e-10
9.367999877929687500e+02 2.335781919108356939e-10
9.381000366210937500e+02 2.363352642498471522e-10
9.394000244140625000e+02 2.391422636215449423e-10
9.407000122070312500e+02 2.420004529356934421e-10
9.420000000000000000e+02 2.449110389727341846e-10
9.432999877929687500e+02 2.478754810950616091e-10
9.445999755859375000e+02 2.508950141477786711e-10
9.458999633789062500e+02 2.539711536226026553e-10
9.471999511718750000e+02 2.571053308172666302e-10
9.484999389648437500e+02 2.602991173528106738e-10
9.497999877929687500e+02 2.635540006562906484e-10
9.510999755859375000e+02 2.668716365427310547e-10
9.523999633789062500e+02 2.702536527624948677e-10
9.536999511718750000e+02 2.737018454539137013e-10
9.549999389648437500e+02 2.772180388199805919e-10
9.562999267578125000e+02 2.808039167403813595e-10
9.576000366210937500e+02 2.844618085820149055e-10
9.589000244140625000e+02 2.881931175779527726e-10
9.602000122070312500e+02 2.920001730950937587e-10
9.615000000000000000e+02 2.958851641770293937e-10
9.627999877929687500e+02 2.998501676087057240e-10
9.641000366210937500e+02 3.038975969510058154e-10
9.654000244140625000e+02 3.080296973768440947e-10
9.667000122070312500e+02 3.122491069643952150e-10
9.680000000000000000e+02 3.165581550805578708e-10
9.692999877929687500e+02 3.209596762561367767e-10
9.705999755859375000e+02 3.254563366339677500e-10
9.718999633789062500e+02 3.300511391328240407e-10
9.731999511718750000e+02 3.347467779602029404e-10
9.744999389648437500e+02 3.395465366814920799e-10
9.757999877929687500e+02 3.444536146680944607e-10
9.770999755859375000e+02 3.494712112914133426e-10
9.783999633789062500e+02 3.546029468927733757e-10
9.796999511718750000e+02 3.598523856841762618e-10
9.809999389648437500e+02 3.652232883302538675e-10
9.823000488281250000e+02 3.707199206595437173e-10
9.836000366210937500e+02 3.763455943020947098e-10
9.849000244140625000e+02 3.821049118623815957e-10
9.862000122070312500e+02 3.880023075569104868e-10
9.875000000000000000e+02 3.940424401194790309e-10
9.887999877929687500e+02 4.002300805425304622e-10
9.900999755859375000e+02 4.065702804651224998e-10
9.914000244140625000e+02 4.130683721729270366e-10
9.927000122070312500e+02 4.197296598869546979e-10
9.940000000000000000e+02 4.265600091214444574e-10
9.952999877929687500e+02 4.335654537786041862e-10
9.965999755859375000e+02 4.407520838899643936e-10
9.978999633789062500e+02 4.481265507802843509e-10
9.991999511718750000e+02 4.556957864209375550e-10
1.000499938964843750e+03 4.634668631066047192e-10
1.001799987792968750e+03 4.714475828131637507e-10
1.003099975585937500e+03 4.796454949345397017e-10
1.004399963378906250e+03 4.880691591924689926e-10
1.005699951171875000e+03 4.967271072440268794e-10
1.006999938964843750e+03 5.056286565568084506e-10
1.008300048828125000e+03 5.147841349262205244e-10
1.009600036621093750e+03 5.242021862679838405e-10
1.010900024414062500e+03 5.338940364466711534e-10
1.012200012207031250e+03 5.438711358441460812e-10
1.013500000000000000e+03 5.541450471009185527e-10
1.014799987792968750e+03 5.647283431853096062e-10
1.016099975585937500e+03 5.756342706175150423e-10
1.017400024414062500e+03 5.868763004350218355e-10
1.018700012207031250e+03 5.984695314256799869e-10
1.020000000000000000e+03 6.104291746359852913e-10
1.021299987792968750e+03 6.227716759575364473e-10
1.022599975585937500e+03 6.355143793510979862e-10
1.023899963378906250e+03 6.486755829759232206e-10
1.025199951171875000e+03 6.622746514483997281e-10
1.026500000000000000e+03 6.763326332646008545e-10
1.027799926757812500e+03 6.908710259551831207e-10
1.029099975585937500e+03 7.059136844823630611e-10
1.030399902343750000e+03 7.214850251015859720e-10
1.031699951171875000e+03 7.376117653705344218e-10
1.033000000000000000e+03 7.543233170543884771e-10
1.034300048828125000e+03 7.716473519093192805e-10
1.035599975585937500e+03 7.896172107531071974e-10
1.036900024414062500e+03 8.082674131193130651e-10
1.038200073242187500e+03 8.276351727489942886e-10
1.039500000000000000e+03 8.477595556508637144e-10
1.040800048828125000e+03 8.686835568862339703e-10
1.042099975585937500e+03 8.904526973359464403e-10
1.043400024414062500e+03 9.131162585454746852e-10
1.044699951171875000e+03 9.367273388542465638e-10
1.046000000000000000e+03 9.613435269475192021e-10
1.047299926757812500e+03 9.870269579857018385e-10
1.048599975585937500e+03 1.013844874897583241e-09
1.049900024414062500e+03 1.041870694837468249e-09
1.051199951171875000e+03 1.071184009185175907e-09
1.052500000000000000e+03 1.101871818391142892e-09
1.053799926757812500e+03 1.134029205528299098e-09
1.055099975585937500e+03 1.167760683395814268e-09
1.056399902343750000e+03 1.203180306777745336e-09
1.057699951171875000e+03 1.240415376978344831e-09
1.059000000000000000e+03 1.279608237960392130e-09
1.060300048828125000e+03 1.320908530498638957e-09
1.061599975585937500e+03 1.364491939373645469e-09
1.062900024414062500e+03 1.410552672042516304e-09
1.064199951171875000e+03 1.459308398019312411e-09
1.065500000000000000e+03 1.511005749548692353e-09
1.066800048828125000e+03 1.565925373244969202e-09
1.068099975585937500e+03 1.624387992058979674e-09
1.069400024414062500e+03 1.686764620814845880e-09
1.070699951171875000e+03 1.753485659160278309e-09
1.072000000000000000e+03 1.825058403915309099e-09
1.073299926757812500e+03 1.902084000127796659e-09
1.074599975585937500e+03 1.985285842510795033e-09
1.075900024414062500e+03 2.075546508536995323e-09
1.077199951171875000e+03 2.173955356104515139e-09
1.078500000000000000e+03 2.281886431037031252e-09
1.079799926757812500e+03 2.401094335967228912e-09
1.081099975585937500e+03 2.533862860783742564e-09
1.082399902343750000e+03 2.683198292019092900e-09
1.083700073242187500e+03 2.853088056769440493e-09
1.085000000000000000e+03 3.048664620317341639e-09
1.086300048828125000e+03 3.276189545404059092e-09
1.087599975585937500e+03 3.541751291939145711e-09
1.088900024414062500e+03 3.847059334579704345e-09
1.090199951171875000e+03 4.180709092989219399e-09
1.091500000000000000e+03 4.511568550500587286e-09
1.092800048828125000e+03 4.806250638771379517e-09
1.094099975585937500e+03 5.069806098790064191e-09
1.095400024414062500e+03 5.350828106014429441e-09
1.096699951171875000e+03 5.700759409365346633e-09
1.098000000000000000e+03 6.145234944146048814e-09
1.099299926757812500e+03 6.678411423329243577e-09
1.100599975585937500e+03 7.269602272554068394e-09
1.101899902343750000e+03 7.895685803077790955e-09
1.103199951171875000e+03 8.575281682914977678e-09
1.104500000000000000e+03 9.343187398032952790e-09
1.105799926757812500e+03 1.020850128715045441e-08
1.107099975585937500e+03 1.117162478718459025e-08
1.108399902343750000e+03 1.224791937121640830e-08
1.109700073242187500e+03 1.345328265961892570e-08
1.111000000000000000e+03 1.480194096604761259e-08
1.112300048828125000e+03 1.631157278203127489e-08
1.113599975585937500e+03 1.800141564717055047e-08
1.114900024414062500e+03 1.989273853351912780e-08
1.116199951171875000e+03 2.200791414013545681e-08
1.117500000000000000e+03 2.437080775703155906e-08
1.118800048828125000e+03 2.700793577439689600e-08
1.120099975585937500e+03 2.994833995291515941e-08
1.121400024414062500e+03 3.322315275828804930e-08
1.122699951171875000e+03 3.686417302353825546e-08
1.124000000000000000e+03 4.089987313349837947e-08
1.125299926757812500e+03 4.535056022814551088e-08
1.126599975585937500e+03 5.022441392144179024e-08
1.127899902343750000e+03 5.551284507988547298e-08
1.129199951171875000e+03 6.118246349189206700e-08
1.130500000000000000e+03 6.716757000956814860e-08
1.131799926757812500e+03 7.336490104795320234e-08
1.133099975585937500e+03 7.962626082558324534e-08
1.134400024414062500e+03 8.574899464678013150e-08
1.135700073242187500e+03 9.147213798106850700e-08
1.137000000000000000e+03 9.649718700684251462e-08
1.138300048828125000e+03 1.005246033268172578e-07
1.139599975585937500e+03 1.032982576149061179e-07
1.140900024414062500e+03 1.046432059976108763e-07
1.142199951171875000e+03 1.044930057257688647e-07
1.143500000000000000e+03 1.028971440026924177e-07
1.144800048828125000e+03 1.000054977953238531e-07
1.146099975585937500e+03 9.603675772236591703e-08
1.147400024414062500e+03 9.124461754632761634e-08
1.148699951171875000e+03 8.588945266431153671e-08
1.150000000000000000e+03 8.021650061956149059e-08
1.151299926757812500e+03 7.443693698800077563e-08
1.152599975585937500e+03 6.871561853025732433e-08
1.153899902343750000e+03 6.317195970716942603e-08
1.155199951171875000e+03 5.788813025513131032e-08
1.156500000000000000e+03 5.291621459348280384e-08
1.157799926757812500e+03 4.828249022601527619e-08
1.159099975585937500e+03 4.399342325072248835e-08
1.160400024414062500e+03 4.004451972949878233e-08
1.161700073242187500e+03 3.642372038958576233e-08
1.163000000000000000e+03 3.311538805066849215e-08
1.164300048828125000e+03 3.010109792574138664e-08
1.165599975585937500e+03 2.736105297811349216e-08
1.166900024414062500e+03 2.487563578492705557e-08
1.168199951171875000e+03 2.262586655243201346e-08
1.169500000000000000e+03 2.059317141414124769e-08
1.170800048828125000e+03 1.875980811561518534e-08
1.172099975585937500e+03 1.710963655780603872e-08
1.173400024414062500e+03 1.562829481861429750e-08
1.174699951171875000e+03 1.430305635989139072e-08
1.176000000000000000e+03 1.312261538890903920e-08
1.177299926757812500e+03 1.207696292481437874e-08
1.178599975585937500e+03 1.115728262260673629e-08
1.179899902343750000e+03 1.035589958319516872e-08
1.181199951171875000e+03 9.666182463859396033e-09
1.182500000000000000e+03 9.082471632716533086e-09
1.183799926757812500e+03 8.599996546357843335e-09
1.185099975585937500e+03 8.214760796995508912e-09
1.186400024414062500e+03 7.923590608197585400e-09
1.187700073242187500e+03 7.723919298288208580e-09
1.189000000000000000e+03 7.613887864094174322e-09
1.190300048828125000e+03 7.592284810310812175e-09
1.191599975585937500e+03 7.658532678464512454e-09
1.192900024414062500e+03 7.812676372013566177e-09
1.194199951171875000e+03 8.055396627385649557e-09
1.195500000000000000e+03 8.388017198531154799e-09
1.196799926757812500e+03 8.812550658450644987e-09
1.198099975585937500e+03 9.331703787609845565e-09
1.199400024414062500e+03 9.948920681259605965e-09
1.200699951171875000e+03 1.066845279883083352e-08
1.202000000000000000e+03 1.149543799402107933e-08
1.203299926757812500e+03 1.243585830554374873e-08
1.204599975585937500e+03 1.349661090459219912e-08
1.205899902343750000e+03 1.468559879982548750e-08
1.207199951171875000e+03 1.601181525586995111e-08
1.208499877929687500e+03 1.748549287280074043e-08
1.209800048828125000e+03 1.911857058210801662e-08
1.211099975585937500e+03 2.092436136110563211e-08
1.212400024414062500e+03 2.291814495858053593e-08
1.213700073242187500e+03 2.511643686649181999e-08
1.215000000000000000e+03 2.753688055167083319e-08
1.216300048828125000e+03 3.019822949443784121e-08
1.217599975585937500e+03 3.312067228964007470e-08
1.218900024414062500e+03 3.632568715944684517e-08
1.220199951171875000e+03 3.983497145490392109e-08
1.221500000000000000e+03 4.366796298503592796e-08
1.222799926757812500e+03 4.783872192070264141e-08
1.224099975585937500e+03 5.235335153995486530e-08
1.225400024414062500e+03 5.720715673719378514e-08
1.226699951171875000e+03 6.237958250535252129e-08
1.228000000000000000e+03 6.782530149749473662e-08
1.229299926757812500e+03 7.346523333515657859e-08
1.230599975585937500e+03 7.918196804787778656e-08
1.231899902343750000e+03 8.481843693083630147e-08
1.233199951171875000e+03 9.017536202841736120e-08
1.234499877929687500e+03 9.501140700983337450e-08
1.235800048828125000e+03 9.905373846251376196e-08
1.237099975585937500e+03 1.020214403513957529e-07
1.238400024414062500e+03 1.036672921965173859e-07
1.239700073242187500e+03 1.038219468914217924e-07
1.241000000000000000e+03 1.024282513143973017e-07
1.242300048828125000e+03 9.955433658463834684e-08
1.243599975585937500e+03 9.538623234142574528e-08
1.244900024414062500e+03 9.019819453888870094e-08
1.246199951171875000e+03 8.430484195174425054e-08
1.247500000000000000e+03 7.801465056161529768e-08
1.248799926757812500e+03 7.159744345322866367e-08
1.250099975585937500e+03 6.526837644505048630e-08
1.251400024414062500e+03 5.918461164109607869e-08
1.252699951171875000e+03 5.345043642517499609e-08
1.254000000000000000e+03 4.812961730033583561e-08
1.255299926757812500e+03 4.325561273141970214e-08
1.256599975585937500e+03 3.883549950345311716e-08
1.257899902343750000e+03 3.485491210205992808e-08
1.259199951171875000e+03 3.128624388108337501e-08
1.260500000000000000e+03 2.809629142732543095e-08
1.261800048828125000e+03 2.525193035767466795e-08
1.263099975585937500e+03 2.271967706135333324e-08
1.264400024414062500e+03 2.046744532320566393e-08
1.265699951171875000e+03 1.846560065689852150e-08
1.267000000000000000e+03 1.668717404538288878e-08
1.268300048828125000e+03 1.510698901766467096e-08
1.269599975585937500e+03 1.370130780955340196e-08
1.270900024414062500e+03 1.244846180821661002e-08
1.272199951171875000e+03 1.133093686878283441e-08
1.273500000000000000e+03 1.033229473324123473e-08
1.274799926757812500e+03 9.436824579605277085e-09
1.276099975585937500e+03 8.643366102512744023e-09
1.277400024414062500e+03 7.945517864949800458e-09
1.278699951171875000e+03 7.310383593373128186e-09
1.280000000000000000e+03 6.714332842857565892e-09
1.281299926757812500e+03 6.173848325837659770e-09
1.282599975585937500e+03 5.717745040532739325e-09
1.283899902343750000e+03 5.353595057114263922e-09
1.285199951171875000e+03 5.059329223901821270e-09
1.286500000000000000e+03 4.788088986031370233e-09
1.287800048828125000e+03 4.493735142040678245e-09
1.289099975585937500e+03 4.168754445288648348e-09
1.290400024414062500e+03 3.842273973029729229e-09
1.291699951171875000e+03 3.542993321595449306e-09
1.293000000000000000e+03 3.281762289095150968e-09
1.294300048828125000e+03 3.057095469128597488e-09
1.295599975585937500e+03 2.863280243732124665e-09
1.296900024414062500e+03 2.694395867412892678e-09
1.298199951171875000e+03 2.545528554730216152e-09
1.299500000000000000e+03 2.412878126009005941e-09
1.300799926757812500e+03 2.293556390812042313e-09
1.302099975585937500e+03 2.185361283544780673e-09
1.303399902343750000e+03 2.086593208310940159e-09
1.304699951171875000e+03 1.995917409812848020e-09
1.306000000000000000e+03 1.912269002537154996e-09
1.307299926757812500e+03 1.834784717498233887e-09
1.308599975585937500e+03 1.762752610364895613e-09
1.309899902343750000e+03 1.695579730970419021e-09
1.311200073242187500e+03 1.632759568305292423e-09
1.312500000000000000e+03 1.573874744724709544e-09
1.313800048828125000e+03 1.518551214421113394e-09
1.315099975585937500e+03 1.466469264771478676e-09
1.316400024414062500e+03 1.417348922713366875e-09
1.317699951171875000e+03 1.370943219226182562e-09
1.319000000000000000e+03 1.327034148019927306e-09
1.320300048828125000e+03 1.285427052602913497e-09
1.321599975585937500e+03 1.245948381108849719e-09
1.322900024414062500e+03 1.208441644985595273e-09
1.324199951171875000e+03 1.172766296408701830e-09
1.325500000000000000e+03 1.138795146332563586e-09
1.326799926757812500e+03 1.106412231576145420e-09
1.328099975585937500e+03 1.075513039340277799e-09
1.329399902343750000e+03 1.046001027189636440e-09
1.330699951171875000e+03 1.017788857897847597e-09
1.332000000000000000e+03 9.907959297572803889e-10
1.333299926757812500e+03 9.649481520617562505e-10
1.334599975585937500e+03 9.401776644599341856e-10
1.335899902343750000e+03 9.164214337222395368e-10
1.337200073242187500e+03 8.936200750250836158e-10
1.338500000000000000e+03 8.717230158485672165e-10
1.339800048828125000e+03 8.506790662502396291e-10
1.341099975585937500e+03 8.304415827628020494e-10
1.342400024414062500e+03 8.109678509715561787e-10
1.343699951171875000e+03 7.922177384106550091e-10
1.345000000000000000e+03 7.741538629510720832e-10
1.346300048828125000e+03 7.567415366712783383e-10
1.347599975585937500e+03 7.399480923053678612e-10
1.348900024414062500e+03 7.237431638896718042e-10
1.350199951171875000e+03 7.080980693402073978e-10
1.351500000000000000e+03 6.929862033579378676e-10
1.352799926757812500e+03 6.783823638768977748e-10
1.354099975585937500e+03 6.642630327108076558e-10
1.355399902343750000e+03 6.506058703891685192e-10
1.356699951171875000e+03 6.373901651918437800e-10
1.358000000000000000e+03 6.245960473385399439e-10
1.359299926757812500e+03 6.122051064113584216e-10
1.360599975585937500e+03 6.001998300615657327e-10
1.361900024414062500e+03 5.885628181990748109e-10
1.363200073242187500e+03 5.772802068811383520e-10
1.364500000000000000e+03 5.663362237680320063e-10
1.365800048828125000e+03 5.557170049170087796e-10
1.367099975585937500e+03 5.454091915492272845e-10
1.368400024414062500e+03 5.354002106963663793e-10
1.369699951171875000e+03 5.256782752006248578e-10
1.371000000000000000e+03 5.162319346801386885e-10
1.372300048828125000e+03 5.070505806928870340e-10
1.373599975585937500e+03 4.981239415727858178e-10
1.374900024414062500e+03 4.894423069469799320e-10
1.376199951171875000e+03 4.809964716065198750e-10
1.377500000000000000e+03 4.727775109890704746e-10
1.378799926757812500e+03 4.647773144074781236e-10
1.380099975585937500e+03 4.569877150452663178e-10
1.381399902343750000e+03 4.494011635085100050e-10
1.382699951171875000e+03 4.420103910498984621e-10
1.384000000000000000e+03 4.348084937627195630e-10
1.385299926757812500e+03 4.277888203222141916e-10
1.386599975585937500e+03 4.209450561795602510e-10
1.387900024414062500e+03 4.142706903333056348e-10
1.389200073242187500e+03 4.077609517910070566e-10
1.390500000000000000e+03 4.014098066504568522e-10
1.391800048828125000e+03 3.952119506906443963e-10
1.393099975585937500e+03 3.891623322725120733e-10
1.394400024414062500e+03 3.832561242742937519e-10
1.395699951171875000e+03 3.774885557035460424e-10
1.397000000000000000e+03 3.718553887963928945e-10
1.398299926757812500e+03 3.663521332070052995e-10
1.399599975585937500e+03 3.609747476241370615e-10
1.400900024414062500e+03 3.557194152538335724e-10
1.402199951171875000e+03 3.505822070434944817e-10
1.403500000000000000e+03 3.455595587811179327e-10
1.404799926757812500e+03 3.406479623840250690e-10
1.406099975585937500e+03 3.358441342868284662e-10
1.407399902343750000e+03 3.311447067301562774e-10
1.408699951171875000e+03 3.265467329245583045e-10
1.409999877929687500e+03 3.220470976926156072e-10
1.411299926757812500e+03 3.176429945681851000e-10
1.412599975585937500e+03 3.133312241798634716e-10
1.413900024414062500e+03 3.091099903893193667e-10
1.415200073242187500e+03 3.049762622131180608e-10
1.416500000000000000e+03 3.009275418963920654e-10
1.417800048828125000e+03 2.969614720075813668e-10
1.419099975585937500e+03 2.930757793091099605e-10
1.420400024414062500e+03 2.892681905634017903e-10
1.421699951171875000e+03 2.855366570501724909e-10
1.423000000000000000e+03 2.818789897258304289e-10
1.424299926757812500e+03 2.782933082580596193e-10
1.425599975585937500e+03 2.747775919912370677e-10
1.426900024414062500e+03 2.713300167223696860e-10
1.428199951171875000e+03 2.679487863131260154e-10
1.429500000000000000e+03 2.646321888191585547e-10
1.430799926757812500e+03 2.613784842314586388e-10
1.432099975585937500e+03 2.581860728643247668e-10
1.433399902343750000e+03 2.550534111613781283e-10
1.434699951171875000e+03 2.519789836309014385e-10
1.435999877929687500e+03 2.489612186518545160e-10
1.437299926757812500e+03 2.459988252498116119e-10
1.438599975585937500e+03 2.430901476097481736e-10
1.439900024414062500e+03 2.402342315331756266e-10
1.441200073242187500e+03 2.374296457223609539e-10
1.442500000000000000e+03 2.346751132352089887e-10
1.443800048828125000e+03 2.319694132589475128e-10
1.445099975585937500e+03 2.293114091747885238e-10
1.446400024414062500e+03 2.266998661376290923e-10
1.447699951171875000e+03 2.241337457549961950e-10
1.449000000000000000e+03 2.216119956020862007e-10
1.450299926757812500e+03 2.191335071247725557e-10
1.451599975585937500e+03 2.166972980599051854e-10
1.452900024414062500e+03 2.143024563059875714e-10
1.454199951171875000e+03 2.119479434705467165e-10
1.455500000000000000e+03 2.096328334197554429e-10
1.456799926757812500e+03 2.073562982461015001e-10
1.458099975585937500e+03 2.051174118157576327e-10
1.459399902343750000e+03 2.029153321888809307e-10
1.460699951171875000e+03 2.007492735549513292e-10
1.461999877929687500e+03 1.986184220387872632e-10
1.463300048828125000e+03 1.965218234419001064e-10
1.464599975585937500e+03 1.944590567943684427e-10
1.465900024414062500e+03 1.924292240270263616e-10
1.467200073242187500e+03 1.904316094910074582e-10
1.468500000000000000e+03 1.884655396344373061e-10
1.469800048828125000e+03 1.865303268731108971e-10
1.471099975585937500e+03 1.846253116874845679e-10
1.472400024414062500e+03 1.827498345580146810e-10
1.473699951171875000e+03 1.809033201591418926e-10
1.475000000000000000e+03 1.790851230036533283e-10
1.476299926757812500e+03 1.772946817983203038e-10
1.477599975585937500e+03 1.755314071852527897e-10
1.478900024414062500e+03 1.737947378712221537e-10
1.480199951171875000e+03 1.720841406276611856e-10
1.481500000000000000e+03 1.703990962583334386e-10
1.482799926757812500e+03 1.687390294376795429e-10
1.484099975585937500e+03 1.671035332281087677e-10
1.485399902343750000e+03 1.654920603687231917e-10
1.486699951171875000e+03 1.639041056956170276e-10
1.488000000000000000e+03 1.623391359802231170e-10
1.489300048828125000e+03 1.607969267052500019e-10
1.490599975585937500e+03 1.592768885128076270e-10
1.491900024414062500e+03 1.577786004329744986e-10
1.493199951171875000e+03 1.563016695604905712e-10
1.494500000000000000e+03 1.548456608931037174e-10
1.495800048828125000e+03 1.534101394285617062e-10
1.497099975585937500e+03 1.519947964555888116e-10
1.498400024414062500e+03 1.505991829396021173e-10
1.499699951171875000e+03 1.492229621046644490e-10
1.501000000000000000e+03 1.478657129808543386e-10
1.502299926757812500e+03 1.465271689538882200e-10
1.503599975585937500e+03 1.452069230861752848e-10
1.504899902343750000e+03 1.439046386017784103e-10
1.506199951171875000e+03 1.426200067894217930e-10
1.507500000000000000e+03 1.413527049054990475e-10
1.508799926757812500e+03 1.401023821417422106e-10
1.510099975585937500e+03 1.388687718838677159e-10
1.511399902343750000e+03 1.376515513882691264e-10
1.512699951171875000e+03 1.364504400083321127e-10
1.514000000000000000e+03 1.352650448387966037e-10
1.515300048828125000e+03 1.340952816856783575e-10
1.516599975585937500e+03 1.329407716760480142e-10
1.517900024414062500e+03 1.318012481956219816e-10
1.519199951171875000e+03 1.306764305977859565e-10
1.520500000000000000e+03 1.295661224299099032e-10
1.521800048828125000e+03 1.284700009483873845e-10
1.523099975585937500e+03 1.273878556682576794e-10
1.524400024414062500e+03 1.263194480398985667e-10
1.525699951171875000e+03 1.252645395136879285e-10
1.527000000000000000e+03 1.242228915400035696e-10
1.528299926757812500e+03 1.231942936338847948e-10
1.529599975585937500e+03 1.221785212780400942e-10
1.530899902343750000e+03 1.211753499551780612e-10
1.532199951171875000e+03 1.201845691803379490e-10
1.533500000000000000e+03 1.192059684685590365e-10
1.534799926757812500e+03 1.182393653995419995e-10
1.536099975585937500e+03 1.172845494883261168e-10
1.537399902343750000e+03 1.163413242822813528e-10
1.538700073242187500e+03 1.154094442156201954e-10
1.540000000000000000e+03 1.144888391266890751e-10
1.541300048828125000e+03 1.135792915143618895e-10
1.542599975585937500e+03 1.126805768613471803e-10
1.543900024414062500e+03 1.117925618605031386e-10
1.545199951171875000e+03 1.109150570753651619e-10
1.546500000000000000e+03 1.100478941179645856e-10
1.547800048828125000e+03 1.091909186326635854e-10
1.549099975585937500e+03 1.083439552153282056e-10
1.550400024414062500e+03 1.075068635426512816e-10
1.551699951171875000e+03 1.066794822428295948e-10
1.553000000000000000e+03 1.058616429278945579e-10
1.554299926757812500e+03 1.050532122907043621e-10
1.555599975585937500e+03 1.042540500079518557e-10
1.556899902343750000e+03 1.034640017239991627e-10
1.558199951171875000e+03 1.026829411478698558e-10
1.559500000000000000e+03 1.019106998915953218e-10
1.560799926757812500e+03 1.011471867450259245e-10
1.562099975585937500e+03 1.003922333201930767e-10
1.563399902343750000e+03 9.964574139078177350e-11
1.564700073242187500e+03 9.890750047183128094e-11
1.566000000000000000e+03 9.817751056334158608e-11
1.567300048828125000e+03 9.745558924501337754e-11
1.568599975585937500e+03 9.674162425820095207e-11
1.569900024414062500e+03 9.603548931192786928e-11
1.571199951171875000e+03 9.533707214754838715e-11
1.572500000000000000e+03 9.464626050641680244e-11
1.573800048828125000e+03 9.396294212988736019e-11
1.575099975585937500e+03 9.328701177547971282e-11
1.576400024414062500e+03 9.261835718454814415e-11
1.577699951171875000e+03 9.195685206611618794e-11
1.579000000000000000e+03 9.130242625853028775e-11
1.580299926757812500e+03 9.065497451931005719e-11
1.581599975585937500e+03 9.001438458980978010e-11
1.582899902343750000e+03 8.938056525987980724e-11
1.584199951171875000e+03 8.875341128703977809e-11
1.585500000000000000e+03 8.813283146114001757e-11
1.586799926757812500e+03 8.751874860436161356e-11
1.588099975585937500e+03 8.691105045805882407e-11
1.589400024414062500e+03 8.630963177975131440e-11
1.590700073242187500e+03 8.571444345628153042e-11
1.592000000000000000e+03 8.512540830983057296e-11
1.593300048828125000e+03 8.454242109791805565e-11
1.594599975585937500e+03 8.396538359422896067e-11
1.595900024414062500e+03 8.339423265327511308e-11
1.597199951171875000e+03 8.282887706490681193e-11
1.598500000000000000e+03 8.226924666747050078e-11
1.599799926757812500e+03 8.171525025081651747e-11
1.601099975585937500e+03 8.116683168562201684e-11
1.602400024414062500e+03 8.062389274557195522e-11
1.603699951171875000e+03 8.008639133367423753e-11
1.605000000000000000e+03 7.955422220744846447e-11
1.606299926757812500e+03 7.902733625373712067e-11
1.607599975585937500e+03 7.850564226239058274e-11
1.608899902343750000e+03 7.798908410408595383e-11
1.610199951171875000e+03 7.747759161716969040e-11
1.611500000000000000e+03 7.697109463998819724e-11
1.612799926757812500e+03 7.646955107554932755e-11
1.614099975585937500e+03 7.597286269753808937e-11
1.615400024414062500e+03 7.548095934430086163e-11
1.616700073242187500e+03 7.499381996734161617e-11
1.618000000000000000e+03 7.451136738884140211e-11
1.619300048828125000e+03 7.403354547947734845e-11
1.620599975585937500e+03 7.356027004526514867e-11
1.621900024414062500e+03 7.309152003770876169e-11
1.623199951171875000e+03 7.262721827898923664e-11
1.624500000000000000e+03 7.216728057512227992e-11
1.625799926757812500e+03 7.171169289377718024e-11
1.627099975585937500e+03 7.126038507330035532e-11
1.628400024414062500e+03 7.081331501669964541e-11
1.629699951171875000e+03 7.037039852999076987e-11
1.631000000000000000e+03 6.993162158084301740e-11
1.632299926757812500e+03 6.949689997527209440e-11
1.633599975585937500e+03 6.906620564861656538e-11
1.634899902343750000e+03 6.863946843922284804e-11
1.636199951171875000e+03 6.821666028242950686e-11
1.637499877929687500e+03 6.779772504891368377e-11
1.638799926757812500e+03 6.738260660935252067e-11
1.640099975585937500e+03 6.697124181825780384e-11
1.641400024414062500e+03 6.656363769179487600e-11
1.642700073242187500e+03 6.615971705214479920e-11
1.644000000000000000e+03 6.575944481848079522e-11
1.645300048828125000e+03 6.536275784531465033e-11
1.646599975585937500e+03 6.496964911648098303e-11
1.647900024414062500e+03 6.458003443799552558e-11
1.649199951171875000e+03 6.419388574519682955e-11
1.650500000000000000e+03 6.381116795725811672e-11
1.651799926757812500e+03 6.343184599335258301e-11
1.653099975585937500e+03 6.305586372415738326e-11
1.654400024414062500e+03 6.268319308501106904e-11
1.655699951171875000e+03 6.231377794659078227e-11
1.657000000000000000e+03 6.194761129273118022e-11
1.658299926757812500e+03 6.158462296177866767e-11
1.659599975585937500e+03 6.122479892140253334e-11
1.660899902343750000e+03 6.086809707461064334e-11
1.662199951171875000e+03 6.051446830824548232e-11
1.663499877929687500e+03 6.016388455764560184e-11
1.664799926757812500e+03 5.981632477431494789e-11
1.666099975585937500e+03 5.947170476426922689e-11
1.667400024414062500e+03 5.913005259216987434e-11
1.668700073242187500e+03 5.879131563677667766e-11
1.670000000000000000e+03 5.845544829301485748e-11
1.671300048828125000e+03 5.812242951238830162e-11
1.672599975585937500e+03 5.779222421407023185e-11
1.673900024414062500e+03 5.746479731723386349e-11
1.675199951171875000e+03 5.714011374105241185e-11
1.676500000000000000e+03 5.681815594511246198e-11
1.677799926757812500e+03 5.649887832433921509e-11
1.679099975585937500e+03 5.618225983023657840e-11
1.680400024414062500e+03 5.586826187389508941e-11
1.681699951171875000e+03 5.555687393106672111e-11
1.683000000000000000e+03 5.524804688859395167e-11
1.684299926757812500e+03 5.494176671414606981e-11
1.685599975585937500e+03 5.463798780264825736e-11
1.686899902343750000e+03 5.433670664601783651e-11
1.688199951171875000e+03 5.403787413109729188e-11
1.689499877929687500e+03 5.374148324172126784e-11
1.690800048828125000e+03 5.344747083240154419e-11
1.692099975585937500e+03 5.315585795163420079e-11
1.693400024414062500e+03 5.286659548626173521e-11
1.694699951171875000e+03 5.257966940395342322e-11
1.696000000000000000e+03 5.229504462388247367e-11
1.697300048828125000e+03 5.201268957330478617e-11
1.698599975585937500e+03 5.173259372797231432e-11
1.699900024414062500e+03 5.145472902322363554e-11
1.701199951171875000e+03 5.117905687014927440e-11
1.702500000000000000e+03 5.090558428491459946e-11
1.703799926757812500e+03 5.063426566244476672e-11
1.705099975585937500e+03 5.036508697040907135e-11
1.706400024414062500e+03 5.009801312798072867e-11
1.707699951171875000e+03 4.983303711899437657e-11
1.709000000000000000e+03 4.957013438687125736e-11
1.710299926757812500e+03 4.930927335886727064e-11
1.711599975585937500e+03 4.905044351073437649e-11
1.712899902343750000e+03 4.879362028589381721e-11
1.714199951171875000e+03 4.853877912776684806e-11
1.715500000000000000e+03 4.828588495552667142e-11
1.716800048828125000e+03 4.803495881766936068e-11
1.718099975585937500e+03 4.778595160103741987e-11
1.719400024414062500e+03 4.753885278138281552e-11
1.720699951171875000e+03 4.729364131020945486e-11
1.722000000000000000e+03 4.705028561477324392e-11
1.723300048828125000e+03 4.680878920315685409e-11
1.724599975585937500e+03 4.656910997836814501e-11
1.725900024414062500e+03 4.633125144848979452e-11
1.727199951171875000e+03 4.609518204077768283e-11
1.728500000000000000e+03 4.586088421481842729e-11
1.729799926757812500e+03 4.562834744636398150e-11
1.731099975585937500e+03 4.539754367075292288e-11
1.732399902343750000e+03 4.516845885565452722e-11
1.733699951171875000e+03 4.494108247682076751e-11
1.735000000000000000e+03 4.471539348575556390e-11
1.736299926757812500e+03 4.449137083396284298e-11
1.737599975585937500e+03 4.426900750527724911e-11
1.738899902343750000e+03 4.404827894312003107e-11
1.740199951171875000e+03 4.382917111516046465e-11
1.741499877929687500e+03 4.361166648098516719e-11
1.742799926757812500e+03 4.339575451634609877e-11
1.744099853515625000e+03 4.318141768082985734e-11
1.745399902343750000e+03 4.296863843402304734e-11
1.746699951171875000e+03 4.275739923551229257e-11
1.747999877929687500e+03 4.254770008529757365e-11
1.749299926757812500e+03 4.233950590255210589e-11
1.750599853515625000e+03 4.213281317919321793e-11
1.751899902343750000e+03 4.192761139097286984e-11
1.753199829101562500e+03 4.172387247322962611e-11
1.754500122070312500e+03 4.152156134513670206e-11
1.755800048828125000e+03 4.132072711985159366e-11
1.757100097656250000e+03 4.112132068421680495e-11
1.758400024414062500e+03 4.092332449781894033e-11
1.759700073242187500e+03 4.072673856065800628e-11
1.761000000000000000e+03 4.053154182423791646e-11
1.762300048828125000e+03 4.033771674814527532e-11
1.763600097656250000e+03 4.014526333238009577e-11
1.764900024414062500e+03 3.995415000419826448e-11
1.766200073242187500e+03 3.976437676359976852e-11
1.767500000000000000e+03 3.957592957825390955e-11
1.768800048828125000e+03 3.938879441582996333e-11
1.770099975585937500e+03 3.920295724399721212e-11
1.771400024414062500e+03 3.901841806275566237e-11
1.772699951171875000e+03 3.883514880744387859e-11
1.774000000000000000e+03 3.865314246189650513e-11
1.775300048828125000e+03 3.847239200994817342e-11
1.776599975585937500e+03 3.829288341926818509e-11
1.777900024414062500e+03 3.811460616560849375e-11
1.779199951171875000e+03 3.793754972472105947e-11
1.780500000000000000e+03 3.776169655619250607e-11
1.781799926757812500e+03 3.758704315194012987e-11
1.783099975585937500e+03 3.741357547963322604e-11
1.784399902343750000e+03 3.724127950694107683e-11
1.785699951171875000e+03 3.707015523386368870e-11
1.787000000000000000e+03 3.690018161190498826e-11
1.788299926757812500e+03 3.673135162489961339e-11
1.789599975585937500e+03 3.656366176476487982e-11
1.790899902343750000e+03 3.639708045875668068e-11
1.792199951171875000e+03 3.623162524728841800e-11
1.793499877929687500e+03 3.606727508186401193e-11
1.794799926757812500e+03 3.590401242207006689e-11
1.796099853515625000e+03 3.574183025174123369e-11
1.797399902343750000e+03 3.558073558704285507e-11
1.798699951171875000e+03 3.542069334714815925e-11
1.799999877929687500e+03 3.526171756438785106e-11
1.801299926757812500e+03 3.510378368218317282e-11
1.802599853515625000e+03 3.494688468436877535e-11
1.803899902343750000e+03 3.479101355477930300e-11
1.805200073242187500e+03 3.463613521258796462e-11
1.806500122070312500e+03 3.448229526286957837e-11
1.807800048828125000e+03 3.432946213288005031e-11
1.809100097656250000e+03 3.417761477412328765e-11
1.810400024414062500e+03 3.402675318659930331e-11
1.811700073242187500e+03 3.387687386222541302e-11
1.813000000000000000e+03 3.372795224442287202e-11
1.814300048828125000e+03 3.357999184127434519e-11
1.815599975585937500e+03 3.343298563661448337e-11
1.816900024414062500e+03 3.328692310619525308e-11
1.818200073242187500e+03 3.314179372576861438e-11
1.819500000000000000e+03 3.299758697108652737e-11
1.820800048828125000e+03 3.285429933406631420e-11
1.822099975585937500e+03 3.271193081470798134e-11
1.823400024414062500e+03 3.257045685643276465e-11
1.824699951171875000e+03 3.242988096732335487e-11
1.826000000000000000e+03 3.229019613121438990e-11
1.827299926757812500e+03 3.215139182385782981e-11
1.828599975585937500e+03 3.201345752100564112e-11
1.829900024414062500e+03 3.187639322265781739e-11
1.831199951171875000e+03 3.174018489648365377e-11
1.832500000000000000e+03 3.160482552631778816e-11
1.833799926757812500e+03 3.147031511216022057e-11
1.835099975585937500e+03 3.133663962168022677e-11
1.836399902343750000e+03 3.120379554679514187e-11
1.837699951171875000e+03 3.107177587133959730e-11
1.838999877929687500e+03 3.094057357914824387e-11
1.840299926757812500e+03 3.081018516213840377e-11
1.841599975585937500e+03 3.068059658797934632e-11
1.842899902343750000e+03 3.055180084050572233e-11
1.844199951171875000e+03 3.042379791971753826e-11
1.845499877929687500e+03 3.029658080944942556e-11
1.846799926757812500e+03 3.017014249353603502e-11
1.848099853515625000e+03 3.004447595581200455e-11
1.849399902343750000e+03 2.991957418011197851e-11
1.850699829101562500e+03 2.979542313410523913e-11
1.851999877929687500e+03 2.967202983395714852e-11
1.853299926757812500e+03 2.954938726350233813e-11
1.854599853515625000e+03 2.942748139041010311e-11
1.855900024414062500e+03 2.930629467426704790e-11
1.857200073242187500e+03 2.918585167165191724e-11
1.858500122070312500e+03 2.906613484215132527e-11
1.859800048828125000e+03 2.894713541555857096e-11
1.861100097656250000e+03 2.882884462166695652e-11
1.862400024414062500e+03 2.871125719835246522e-11
1.863700073242187500e+03 2.859437840773911056e-11
1.865000000000000000e+03 2.847818720133082561e-11
1.866300048828125000e+03 2.836269059529296601e-11
1.867599975585937500e+03 2.824787280325347510e-11
1.868900024414062500e+03 2.813373557925369502e-11
1.870200073242187500e+03 2.802027015308692152e-11
1.871500000000000000e+03 2.790747827879450321e-11
1.872800048828125000e+03 2.779533890788036345e-11
1.874099975585937500e+03 2.768386256459253572e-11
1.875400024414062500e+03 2.757304223276566760e-11
1.876699951171875000e+03 2.746286563411038025e-11
1.878000000000000000e+03 2.735332750650265047e-11
1.879299926757812500e+03 2.724443311206650469e-11
1.880599975585937500e+03 2.713616491038854734e-11
1.881900024414062500e+03 2.702852640955145300e-11
1.883199951171875000e+03 2.692151410147254386e-11
1.884500000000000000e+03 2.681511395382110539e-11
1.885799926757812500e+03 2.670933122872115756e-11
1.887099975585937500e+03 2.660415540192465721e-11
1.888399902343750000e+03 2.649958296534893297e-11
1.889699951171875000e+03 2.639561041091130379e-11
1.890999877929687500e+03 2.629223247648774972e-11
1.892299926757812500e+03 2.618944565399558968e-11
1.893599975585937500e+03 2.608724117322813237e-11
1.894899902343750000e+03 2.598562078822671346e-11
1.896199951171875000e+03 2.588457572878463515e-11
1.897499877929687500e+03 2.578410248681922287e-11
1.898799926757812500e+03 2.568419930828913123e-11
1.900099853515625000e+03 2.558485742298766569e-11
1.901399902343750000e+03 2.548607507687348732e-11
1.902699829101562500e+03 2.538785051590525399e-11
1.903999877929687500e+03 2.529017847795895219e-11
1.905299926757812500e+03 2.519305019282788414e-11
1.906600097656250000e+03 2.509645162818132885e-11
1.907900024414062500e+03 2.500040734059804078e-11
1.909200073242187500e+03 2.490489628158194975e-11
1.910500000000000000e+03 2.480991845113305254e-11
1.911800048828125000e+03 2.471547034116867132e-11
1.913100097656250000e+03 2.462154142744076940e-11
1.914400024414062500e+03 2.452813521803202459e-11
1.915700073242187500e+03 2.443524118869440344e-11
1.917000000000000000e+03 2.434285758538656056e-11
1.918300048828125000e+03 2.425098440810850565e-11
1.919599975585937500e+03 2.415962165686022579e-11
1.920900024414062500e+03 2.406875179122833832e-11
1.922199951171875000e+03 2.397838007333685352e-11
1.923500000000000000e+03 2.388850650318577461e-11
1.924800048828125000e+03 2.379911880248572599e-11
1.926099975585937500e+03 2.371021872527804657e-11
1.927400024414062500e+03 2.362180100943871962e-11
1.928699951171875000e+03 2.353386039284371870e-11
1.930000000000000000e+03 2.344640038357573457e-11
1.931299926757812500e+03 2.335941045738672406e-11
1.932599975585937500e+03 2.327289061427668718e-11
1.933899902343750000e+03 2.318683383808026827e-11
1.935199951171875000e+03 2.310124363688014193e-11
1.936500000000000000e+03 2.301610948642827470e-11
1.937799926757812500e+03 2.293143314076600547e-11
1.939099975585937500e+03 2.284720933776931753e-11
1.940399902343750000e+03 2.276343456935552982e-11
1.941699951171875000e+03 2.268010708148330341e-11
1.942999877929687500e+03 2.259721810394594054e-11
1.944299926757812500e+03 2.251477640695014221e-11
1.945599853515625000e+03 2.243276795816518744e-11
1.946899902343750000e+03 2.235119100354973733e-11
1.948199951171875000e+03 2.227004905118647292e-11
1.949499877929687500e+03 2.218933157682736074e-11
1.950799926757812500e+03 2.210904208855507540e-11
1.952099853515625000e+03 2.202917006212157372e-11
1.953399902343750000e+03 2.194971900560954969e-11
1.954699829101562500e+03 2.187068891901899037e-11
1.955999877929687500e+03 2.179206577001918772e-11
1.957300048828125000e+03 2.171384254244477963e-11
1.958600097656250000e+03 2.163604028479184594e-11
1.959900024414062500e+03 2.155863794856430359e-11
1.961200073242187500e+03 2.148164254992751143e-11
1.962500000000000000e+03 2.140504181059210355e-11
1.963800048828125000e+03 2.132884450076476805e-11
1.965100097656250000e+03 2.125303308003211582e-11
1.966400024414062500e+03 2.117761631860083817e-11
1.967700073242187500e+03 2.110258544626424379e-11
1.969000000000000000e+03 2.102794221706366512e-11
1.970300048828125000e+03 2.095368312291643081e-11
1.971599975585937500e+03 2.087979939361583660e-11
1.972900024414062500e+03 2.080629804532724783e-11
1.974199951171875000e+03 2.073316855380262134e-11
1.975500000000000000e+03 2.066041442712464142e-11
1.976800048828125000e+03 2.058803040316928486e-11
1.978099975585937500e+03 2.051601121981253494e-11
1.979400024414062500e+03 2.044436213917841162e-11
1.980699951171875000e+03 2.037307088297753606e-11
1.982000000000000000e+03 2.030214446737527037e-11
1.983299926757812500e+03 2.023157061408223247e-11
1.984599975585937500e+03 2.016135809330512339e-11
1.985899902343750000e+03 2.009149111867188645e-11
1.987199951171875000e+03 2.002198196847190051e-11
1.988500000000000000e+03 1.995281661037444780e-11
1.989799926757812500e+03 1.988399855246220615e-11
1.991099975585937500e+03 1.981552779473517879e-11
1.992399902343750000e+03 1.974739381294532257e-11
1.993699951171875000e+03 1.967960362325800604e-11
1.994999877929687500e+03 1.961214670142517959e-11
1.996299926757812500e+03 1.954502655552953720e-11
1.997599853515625000e+03 1.947823792344704597e-11
1.998899902343750000e+03 1.941178080517771237e-11
