5.125476864069872414e-03
5.151598060841698287e-03
5.165841370010485802e-03
5.175557130221304127e-03
5.183259497605832364e-03
5.189581364061712603e-03
5.194837647694550663e-03
5.199426741782412452e-03
5.203606270511787826e-03
5.207422844361254272e-03
5.210744595143476827e-03
5.213774914055311488e-03
5.216687198822520313e-03
5.219376801581620054e-03
5.221927886707917500e-03
5.224308334950551226e-03
5.226601342735476274e-03
5.228802166399358110e-03
5.230858656583161660e-03
5.232807235688951772e-03
5.234699408586170749e-03
5.236513010830347835e-03
5.238233148314749496e-03
5.239897152439976745e-03
5.241497100674575790e-03
5.243063240398097326e-03
5.244563487890030289e-03
5.246016835635843555e-03
5.247431196089514735e-03
5.248776231837389700e-03
5.250112193804803290e-03
5.251408431255480055e-03
5.252684494082718834e-03
5.253930161556849901e-03
5.255127892793009722e-03
5.256316460158156831e-03
5.257469287251458588e-03
5.258581849892231264e-03
5.259685410950017993e-03
5.260747022193115914e-03
5.261799909527152541e-03
5.262859312898436268e-03
5.263878194224325471e-03
5.264878341098194574e-03
5.265868643502256627e-03
5.266831411621239294e-03
5.267768397610174749e-03
5.268703952949502743e-03
5.269619146924607589e-03
5.270529326982038160e-03
5.271402090837300908e-03
5.272258529989103104e-03
5.273108371988190560e-03
5.273951644225663947e-03
5.274763547835768958e-03
5.275572907872411003e-03
5.276380775610709992e-03
5.277172123817750436e-03
5.277972399742330949e-03
5.278743049486837174e-03
5.279512012768961329e-03
5.280276768276375224e-03
5.281032593060881394e-03
5.281765008882027823e-03
5.282480779660134185e-03
5.283204121589506370e-03
5.283918161094104497e-03
5.284627052506174830e-03
5.285317356543728883e-03
5.286015604830891779e-03
5.286699644974295065e-03
5.287371513243844905e-03
5.288035470989804407e-03
5.288685263587757091e-03
5.289333782410039764e-03
5.289969628076831264e-03
5.290600032095752608e-03
5.291226854780992951e-03
5.291847337141913042e-03
5.292463839417493703e-03
5.293072642313400612e-03
5.293687757641655188e-03
5.294287804678229382e-03
5.294889664859281017e-03
5.295479926452791725e-03
5.296070634817322785e-03
5.296655984440740671e-03
5.297232753465836406e-03
5.297815289493580139e-03
5.298375353585378124e-03
5.298937282132019227e-03
5.299494089575023693e-03
5.300044011400674958e-03
5.300599878951445937e-03
5.301140245763898140e-03
5.301679937867551096e-03
5.302208753516268573e-03
5.302732763068334319e-03
5.303252191249832430e-03
5.303775202056795063e-03
5.304301520536719612e-03
5.304810168854354191e-03
5.305314657675383114e-03
5.305822569589075527e-03
5.306326256744414889e-03
5.306829312863458985e-03
5.307331927160199511e-03
5.307829237899078928e-03
5.308325790458394075e-03
5.308814606505877880e-03
5.309296720744239272e-03
5.309771118972765255e-03
5.310247173301748530e-03
5.310727263188933650e-03
5.311197770780336398e-03
5.311662815053301741e-03
5.312124505869150054e-03
5.312579238077521672e-03
5.313041814497747144e-03
5.313484858902860555e-03
5.313936573882979339e-03
5.314392125013748733e-03
5.314842846071255768e-03
5.315289059420665388e-03
5.315734768431438183e-03
5.316179885495102460e-03
5.316622258660581683e-03
5.317057518865621508e-03
5.317493947867028316e-03
5.317929485579809754e-03
5.318368513721555280e-03
5.318801726644414515e-03
5.319226580244348045e-03
5.319656318808128198e-03
5.320076216864606973e-03
5.320491445968474065e-03
5.320908332923943683e-03
5.321325339059781133e-03
5.321738137166541482e-03
5.322144664211209478e-03
5.322552941994214762e-03
5.322952844638750153e-03
5.323358144018301014e-03
5.323765758376074013e-03
5.324167382614201915e-03
5.324566556391497306e-03
5.324961881988113203e-03
5.325357677190181716e-03
5.325743300578378130e-03
5.326131200399861210e-03
5.326528967769578529e-03
5.326917069468185134e-03
5.327301627912331070e-03
5.327685231931239378e-03
5.328067591089760170e-03
5.328452618319010591e-03
5.328838396597219279e-03
5.329214444333384842e-03
5.329587905165958893e-03
5.329965944119440489e-03
5.330338510888621775e-03
5.330716679735109445e-03
5.331079426653811959e-03
5.331448260144283635e-03
5.331817042017914302e-03
5.332181435836109464e-03
5.332540663248519670e-03
5.332907971287600274e-03
5.333269138012733911e-03
5.333629219839701452e-03
5.333987488682843427e-03
5.334345577342292782e-03
5.334698049120739291e-03
5.335050380683971361e-03
5.335400864115784694e-03
5.335748148245002612e-03
5.336108442876117720e-03
5.336455874725464302e-03
5.336805355929997302e-03
5.337150560270400960e-03
5.337497017998071858e-03
5.337845384753117303e-03
5.338188045765345294e-03
5.338530805910289209e-03
5.338866794300926519e-03
5.339214824105660562e-03
5.339556718783099523e-03
5.339899200090185254e-03
5.340242349791542338e-03
5.340581711578897862e-03
5.340915845890446129e-03
5.341245096176202092e-03
5.341579925633423154e-03
5.341907260176973621e-03
5.342238183395069985e-03
5.342568157071751235e-03
5.342894287438284054e-03
5.343220928107907455e-03
5.343546491843076049e-03
5.343871895586640476e-03
5.344191168252669481e-03
5.344511273288164374e-03
5.344839215260714302e-03
5.345158341686525455e-03
5.345478732500642469e-03
5.345796338730552169e-03
5.346116166473236821e-03
5.346437636451668168e-03
5.346759163989509012e-03
5.347072588544482703e-03
5.347385279132704436e-03
5.347703060441373786e-03
5.348024512975330449e-03
5.348343913116259882e-03
5.348658031584925705e-03
5.348970371276527518e-03
5.349278718137057478e-03
5.349594089753504159e-03
5.349897915000554650e-03
5.350207297977975680e-03
5.350521086143959597e-03
5.350828773176503038e-03
5.351134404778504564e-03
5.351437820869082464e-03
5.351739198221273051e-03
5.352048539930555002e-03
5.352357106258309738e-03
5.352660981731375417e-03
5.352962355061345080e-03
5.353259249196089947e-03
5.353560939795520314e-03
5.353858107777421070e-03
5.354158887198433130e-03
5.354455316479217117e-03
5.354749851068007528e-03
5.355046948681484523e-03
5.355342973688922807e-03
5.355638276091956827e-03
5.355929737773149589e-03
5.356221540975183472e-03
5.356507830251034524e-03
5.356802439106933891e-03
5.357092611557162480e-03
5.357383463966900773e-03
5.357672662792228174e-03
5.357963772902476704e-03
5.358251416998000873e-03
5.358542209781018938e-03
5.358830682521391157e-03
5.359114980807915679e-03
5.359395996585809840e-03
5.359689447915397427e-03
5.359975108183285576e-03
5.360261701111631270e-03
5.360539611394924374e-03
5.360823474033844099e-03
5.361104697873753794e-03
5.361394920187873177e-03
5.361677301735791323e-03
5.361959081641515072e-03
5.362241837083073226e-03
5.362525814836582687e-03
5.362803695775481688e-03
5.363082440008587644e-03
5.363361670381766241e-03
5.363638613144749816e-03
5.363919674503205004e-03
5.364192486220078354e-03
5.364469950347217769e-03
5.364746866433535259e-03
5.365021356115274621e-03
5.365297133966263204e-03
5.365575131104013094e-03
5.365844555240233821e-03
5.366119794850640959e-03
5.366392088501384383e-03
5.366668695097891358e-03
5.366943497513164234e-03
5.367219611070016966e-03
5.367487752365979192e-03
5.367761604739078665e-03
5.368027417351475469e-03
5.368299469815260468e-03
5.368573889109917383e-03
5.368843329848586692e-03
5.369110287561150961e-03
5.369376018586512894e-03
5.369643076385745284e-03
5.369906839333853099e-03
5.370174506855573265e-03
5.370442936505104813e-03
5.370710707322076671e-03
5.370975314113917223e-03
5.371240372222379870e-03
5.371505927870398947e-03
5.371773778223832424e-03
5.372039712202156085e-03
5.372305585686317116e-03
5.372565275152802605e-03
5.372826914024244130e-03
5.373085563750538106e-03
5.373350513191127442e-03
5.373618860355756401e-03
5.373876584670817490e-03
5.374138002660512094e-03
5.374392677413214470e-03
5.374654832111511182e-03
5.374910769836929551e-03
5.375172575446245452e-03
5.375432850082328615e-03
5.375691746010206884e-03
5.375955596924626885e-03
5.376211541151473990e-03
5.376470048253635843e-03
5.376728399122844039e-03
5.376987098770529688e-03
5.377246515614776158e-03
5.377500543982489598e-03
5.377755643018375213e-03
5.378012186129605375e-03
5.378268972144626368e-03
5.378521169935630494e-03
5.378774101230080970e-03
5.379031215186301333e-03
5.379284669421193626e-03
5.379535840389046072e-03
5.379784622733904675e-03
5.380036524121990099e-03
5.380288238680598287e-03
5.380535115322343347e-03
5.380783385130733822e-03
5.381038181350834837e-03
5.381292194689734146e-03
5.381539280631663161e-03
5.381788254488244910e-03
5.382038300891065115e-03
5.382292038291908165e-03
5.382537648354271051e-03
5.382783384548429917e-03
5.383030347368588341e-03
5.383280973123761096e-03
5.383526713326640400e-03
5.383776962752958792e-03
5.384030365947031077e-03
5.384279926621388622e-03
5.384528597289235836e-03
5.384777990467622295e-03
5.385024004453166542e-03
5.385271768450436598e-03
5.385516886277306667e-03
5.385760896511030196e-03
5.386002962218389145e-03
5.386249126026516551e-03
5.386493948411705084e-03
5.386733912542054394e-03
5.386978972397002061e-03
5.387221858805115761e-03
5.387466536560900354e-03
5.387708875069943323e-03
5.387950411716857513e-03
5.388196365045662579e-03
5.388439373457388354e-03
5.388678459683407702e-03
5.388921647350680515e-03
5.389162137381826694e-03
5.389408253697721730e-03
5.389650761061407641e-03
5.389888122136424903e-03
5.390127522501248630e-03
5.390365121812839590e-03
5.390606321995255155e-03
5.390850609146497982e-03
5.391093539141801963e-03
5.391334356637076872e-03
5.391573293911845581e-03
5.391815679376912689e-03
5.392056685400481268e-03
5.392299189850115367e-03
5.392537697045329641e-03
5.392777418985553357e-03
5.393014296852900562e-03
5.393257231340697726e-03
5.393496946085190452e-03
5.393736592004105997e-03
5.393972228904597883e-03
5.394208411953676195e-03
5.394444828000241263e-03
5.394682398230680673e-03
5.394916529651556589e-03
5.395152360455126098e-03
5.395385835399934930e-03
5.395625001765408379e-03
5.395864017067397191e-03
5.396098606160740739e-03
5.396336074715781146e-03
5.396570697787585365e-03
5.396809453150047675e-03
5.397046372106415954e-03
5.397278353721989344e-03
5.397511033774412756e-03
5.397744102475309814e-03
5.397979248738343956e-03
5.398219734767299195e-03
5.398455363683061017e-03
5.398690350015980868e-03
5.398923364699656675e-03
5.399160513662220467e-03
5.399393297694102603e-03
5.399623373365138382e-03
5.399859175126100162e-03
5.400092798765203719e-03
5.400329782843948240e-03
5.400566844002333174e-03
5.400800727640387051e-03
5.401033877930866423e-03
5.401267200704941776e-03
5.401503193999489423e-03
5.401733000368768960e-03
5.401964502497847570e-03
5.402196804628265660e-03
5.402429743560706321e-03
5.402659495871204101e-03
5.402889474647095194e-03
5.403118530788610270e-03
5.403348828014098784e-03
5.403581848464340635e-03
5.403814353831982650e-03
5.404048911284085356e-03
5.404281776581676931e-03
5.404515182528680031e-03
5.404743721942277708e-03
5.404972767782957946e-03
5.405204238781816627e-03
5.405432943669724773e-03
5.405664014683727453e-03
5.405897490920649404e-03
5.406129076114049060e-03
5.406360333185976016e-03
5.406593597112483059e-03
5.406825739174129543e-03
5.407052540928597786e-03
5.407283597350417102e-03
5.407510189012667418e-03
5.407740496836409977e-03
5.407969575806755892e-03
5.408198129277161370e-03
5.408429165256677454e-03
5.408658501806214852e-03
5.408890441856783332e-03
5.409118277550936313e-03
5.409347339427168777e-03
5.409575661989025029e-03
5.409804189765016896e-03
5.410030960859047409e-03
5.410266119407048865e-03
5.410497310490230104e-03
5.410724538011822161e-03
5.410955869780575099e-03
5.411185198584508860e-03
5.411412026846915309e-03
5.411640059348416486e-03
5.411872295646798572e-03
5.412105432038195538e-03
5.412333684158998626e-03
5.412563132539019266e-03
5.412791860826075482e-03
5.413017965093971755e-03
5.413246002035874971e-03
5.413477654416502631e-03
5.413706991342453340e-03
5.413935382790075607e-03
5.414164586056989352e-03
5.414394555963677330e-03
5.414623381642417674e-03
5.414856910199601463e-03
5.415089517826428972e-03
5.415318651239934937e-03
5.415544787146333791e-03
5.415770943075466116e-03
5.415997439043737649e-03
5.416226409106553868e-03
5.416456113074112622e-03
5.416685735743343930e-03
5.416918202314244084e-03
5.417150230541335071e-03
5.417376847088749628e-03
5.417605527873460038e-03
5.417833012773524796e-03
5.418062500482135301e-03
5.418289617940151917e-03
5.418517891649627695e-03
5.418742920422816786e-03
5.418970917651896695e-03
5.419196336495100269e-03
5.419429618108490519e-03
5.419662310047997263e-03
5.419889376752420711e-03
5.420118860892794363e-03
5.420345008348829464e-03
5.420574039859154224e-03
5.420807023022390127e-03
5.421034369985346969e-03
5.421258504000958135e-03
5.421489715744388926e-03
5.421721327896700249e-03
5.421943548910722679e-03
5.422169799836341376e-03
5.422400549540015019e-03
5.422627910044747201e-03
5.422858050376093073e-03
5.423085379257562219e-03
5.423315698991867592e-03
5.423548387045651863e-03
5.423777731939836283e-03
5.424006577546010462e-03
5.424234571588550796e-03
5.424463230135170497e-03
5.424692075929321046e-03
5.424922040244235452e-03
5.425154971655641971e-03
5.425383150488717610e-03
5.425612293573320831e-03
5.425839415467226604e-03
5.426064269243469074e-03
5.426296954848293039e-03
5.426523392704321255e-03
5.426753810676104677e-03
5.426979899718348613e-03
5.427210155179146463e-03
5.427440183454411773e-03
5.427668280309811029e-03
5.427899192887962465e-03
5.428130329487213315e-03
5.428360875643176153e-03
5.428587142279921694e-03
5.428812074711320337e-03
5.429039335865293997e-03
5.429266824061057539e-03
5.429495124486982682e-03
5.429725571067199434e-03
5.429956034825099073e-03
5.430187386722047128e-03
5.430417067729218818e-03
5.430643677690740953e-03
5.430872816054137242e-03
5.431104933702760908e-03
5.431337433874686670e-03
5.431564096018595689e-03
5.431798358937787313e-03
5.432030361490389724e-03
5.432260466114543183e-03
5.432486997821176639e-03
5.432720946693103507e-03
5.432950180450271671e-03
5.433180843028799674e-03
5.433413858470651989e-03
5.433642564079322994e-03
5.433873118471841367e-03
5.434099874662066260e-03
5.434329364318430354e-03
5.434563518406766193e-03
5.434798175784450597e-03
5.435027694581269497e-03
5.435256305501274740e-03
5.435487906740599402e-03
5.435723570077125207e-03
5.435954249781180768e-03
5.436187076030890228e-03
5.436419643225737057e-03
5.436652260480082967e-03
5.436887465022234751e-03
5.437120102990062806e-03
5.437351802841855486e-03
5.437585283876692106e-03
5.437820316956547273e-03
5.438048910895262877e-03
5.438279319516070576e-03
5.438515922640706560e-03
5.438747387394970122e-03
5.438981521672908714e-03
5.439215323468527853e-03
5.439447365850191320e-03
5.439677757974185554e-03
5.439914724502205312e-03
5.440149603208183082e-03
5.440381761511118262e-03
5.440613531761814663e-03
5.440845129082578537e-03
5.441076442068817735e-03
5.441316032478276006e-03
5.441554265924943012e-03
5.441786124107025543e-03
5.442015578596725786e-03
5.442248931991075685e-03
5.442484974496166958e-03
5.442722158952208698e-03
5.442955229016696421e-03
5.443196515854714819e-03
5.443430876478152179e-03
5.443668338150253923e-03
5.443901139426832181e-03
5.444139514994120015e-03
5.444376437090101863e-03
5.444616079657407619e-03
5.444849828334021036e-03
5.445087741784628010e-03
5.445323734787554763e-03
5.445559029427260965e-03
5.445795287849564299e-03
5.446029488025585889e-03
5.446263288718481213e-03
5.446500093112632140e-03
5.446739712776963241e-03
5.446975216984066732e-03
5.447217869249366788e-03
5.447453230560572908e-03
5.447689607368863887e-03
5.447932013633061642e-03
5.448170981584649943e-03
5.448411583821013461e-03
5.448649980711740837e-03
5.448888067060563521e-03
5.449125051233288421e-03
5.449360118224048921e-03
5.449598204869242173e-03
5.449835102014594784e-03
5.450073199324697096e-03
5.450311816057539470e-03
5.450551819912479584e-03
5.450799737368921226e-03
5.451043774831245206e-03
5.451285492271804207e-03
5.451525654751077608e-03
5.451767861683122149e-03
5.452004493955322703e-03
5.452248299802330347e-03
5.452491740222738421e-03
5.452735762769674033e-03
5.452978073857063512e-03
5.453216955701632729e-03
5.453464195610987358e-03
5.453710199260560811e-03
5.453952409646301014e-03
5.454198455922872751e-03
5.454447587060835996e-03
5.454690712398696344e-03
5.454933699705010429e-03
5.455175110094291797e-03
5.455414359416729461e-03
5.455655263586798448e-03
5.455900672346540928e-03
5.456149218279706357e-03
5.456393955186470204e-03
5.456643918178767996e-03
5.456886302951398544e-03
5.457132756529751126e-03
5.457380167742733289e-03
5.457631840248170635e-03
5.457878417892221036e-03
5.458125767969961364e-03
5.458372517034929157e-03
5.458624401253139684e-03
5.458872839467129520e-03
5.459123068583415610e-03
5.459370926111503305e-03
5.459620412287600859e-03
5.459869330298020712e-03
5.460121181156353878e-03
5.460371999565373502e-03
5.460623860144750083e-03
5.460872096477800003e-03
5.461116184154022994e-03
5.461370696158407076e-03
5.461625040401351869e-03
5.461880082533345296e-03
5.462138040426384525e-03
5.462389736505157863e-03
5.462642732736834074e-03
5.462893436941776079e-03
5.463152475306573379e-03
5.463407489870591126e-03
5.463660051224331592e-03
5.463916421433335363e-03
5.464174929733932665e-03
5.464428001942433534e-03
5.464680630223897780e-03
5.464938269865771137e-03
5.465189933748298805e-03
5.465445211695715844e-03
5.465703510245864365e-03
5.465960168305756227e-03
5.466215008108157337e-03
5.466474273409912578e-03
5.466733450811939524e-03
5.466993243501918134e-03
5.467255525976010867e-03
5.467516786258132776e-03
5.467774719064817136e-03
5.468034814297266857e-03
5.468297825808446366e-03
5.468554040626266710e-03
5.468820490450995893e-03
5.469084088265531961e-03
5.469350150084393257e-03
5.469612526109689232e-03
5.469878047604629506e-03
5.470140980181843748e-03
5.470403766496769252e-03
5.470669484384075437e-03
5.470936278048931997e-03
5.471201143753809393e-03
5.471466325639619786e-03
5.471732038370894988e-03
5.471997918408178646e-03
5.472263012813290139e-03
5.472531879449533260e-03
5.472800086292725456e-03
5.473067649898386705e-03
5.473336353290919609e-03
5.473605465062490565e-03
5.473881250493584094e-03
5.474150263214296389e-03
5.474423278763589432e-03
5.474695876327185205e-03
5.474965859893758668e-03
5.475237356439945254e-03
5.475509249914141396e-03
5.475785121048054767e-03
5.476061865820996445e-03
5.476330541674982386e-03
5.476604293156945268e-03
5.476884606565241183e-03
5.477157522841866882e-03
5.477431883711031055e-03
5.477702386517773608e-03
5.477979000893830157e-03
5.478256574902042562e-03
5.478539595967980846e-03
5.478822582095090390e-03
5.479106033839581391e-03
5.479382490023143246e-03
5.479665232456554756e-03
5.479950699952630504e-03
5.480235142843521701e-03
5.480524898018097023e-03
5.480807384792485068e-03
5.481093203867901976e-03
5.481381256973987676e-03
5.481665956000040564e-03
5.481947904643674242e-03
5.482234146204400041e-03
5.482522946919045001e-03
5.482812318253780202e-03
5.483094462224456615e-03
5.483383456226970792e-03
5.483672431967424703e-03
5.483967736976601455e-03
5.484262375839164642e-03
5.484551542391167406e-03
5.484847240510608984e-03
5.485137809756109560e-03
5.485430148470692678e-03
5.485724108972763954e-03
5.486023926027401923e-03
5.486322910223284839e-03
5.486621632938890221e-03
5.486917312576861973e-03
5.487215856503351030e-03
5.487516449240597421e-03
5.487826916512059290e-03
5.488130314229924117e-03
5.488430790580468149e-03
5.488730904396418690e-03
5.489045936968903194e-03
5.489342658357142593e-03
5.489644639967215627e-03
5.489951035402455999e-03
5.490256576933282180e-03
5.490564609144646044e-03
5.490865029219609526e-03
5.491174960927877775e-03
5.491478785140891695e-03
5.491787455867735632e-03
5.492095389108727667e-03
5.492408166797956362e-03
5.492719957332086074e-03
5.493034496140759490e-03
5.493349319373825798e-03
5.493659320884135798e-03
5.493972186868516065e-03
5.494289881706419972e-03
5.494603989269961769e-03
5.494921740595750358e-03
5.495238471707333296e-03
5.495555376706540152e-03
5.495877829702689073e-03
5.496206078107716483e-03
5.496526433263559420e-03
5.496848660518974077e-03
5.497171643539275170e-03
5.497502289014338100e-03
5.497826222387092177e-03
5.498154889176004416e-03
5.498486592250820780e-03
5.498813911528659809e-03
5.499149791486627158e-03
5.499476792122117569e-03
5.499807086174636657e-03
5.500137056703016843e-03
5.500465292917976722e-03
5.500800986691111762e-03
5.501143460049763914e-03
5.501473087653307135e-03
5.501812638312294536e-03
5.502154506562500699e-03
5.502495926618547993e-03
5.502844232533357811e-03
5.503184052739573499e-03
5.503536534760206447e-03
5.503884178899865094e-03
5.504228992491375441e-03
5.504576632941837570e-03
5.504934015308668785e-03
5.505281977359445869e-03
5.505633722707179052e-03
5.505991079891055587e-03
5.506344095349984674e-03
5.506708529895080854e-03
5.507066851265781521e-03
5.507418970500842052e-03
5.507781801462072711e-03
5.508145791297247226e-03
5.508505621375556389e-03
5.508870377093999168e-03
5.509234506503658466e-03
5.509606439166579196e-03
5.509975196004725760e-03
5.510342790277962532e-03
5.510714291640354985e-03
5.511083975059803686e-03
5.511455638863652258e-03
5.511840320807657838e-03
5.512213076879171614e-03
5.512585094412102669e-03
5.512965594446110271e-03
5.513351804488536220e-03
5.513739142549852271e-03
5.514123230287696145e-03
5.514512251258082975e-03
5.514901644817731333e-03
5.515296708048074426e-03
5.515689974734636590e-03
5.516076136723458041e-03
5.516462097837285770e-03
5.516861809435513915e-03
5.517260084453726524e-03
5.517659430224491728e-03
5.518059299855662507e-03
5.518471509562943543e-03
5.518875214942156431e-03
5.519286201434902596e-03
5.519696155336471267e-03
5.520112680719003496e-03
5.520534537059127757e-03
5.520943355192274409e-03
5.521368127432471282e-03
5.521794384368644559e-03
5.522220811453527195e-03
5.522643643858199218e-03
5.523066663653803873e-03
5.523492641793303903e-03
5.523925067568534811e-03
5.524357786641156433e-03
5.524792553248181366e-03
5.525234263491099126e-03
5.525672880297121357e-03
5.526107367376220311e-03
5.526557516153284694e-03
5.527010445335699476e-03
5.527458366403482926e-03
5.527909654317635785e-03
5.528374740874057378e-03
5.528824807084171955e-03
5.529278078208412286e-03
5.529740045676248376e-03
5.530203268892919244e-03
5.530680660865640481e-03
5.531154520137065295e-03
5.531633433374804135e-03
5.532119347091428788e-03
5.532602329727597835e-03
5.533086191587391345e-03
5.533574733442389593e-03
5.534060368315303104e-03
5.534561434977255945e-03
5.535066150882690834e-03
5.535563857410581191e-03
5.536071082415393134e-03
5.536580361871250126e-03
5.537096805651869902e-03
5.537634138080165837e-03
5.538158161173220226e-03
5.538694368228924171e-03
5.539215697272958233e-03
5.539752609389998750e-03
5.540289677316040384e-03
5.540834813381658591e-03
5.541384656400227468e-03
5.541930654164991740e-03
5.542486209196849194e-03
5.543043911931734222e-03
5.543606862635671630e-03
5.544158614663298110e-03
5.544735825326403862e-03
5.545322827182135386e-03
5.545906277679680217e-03
5.546498331470440905e-03
5.547088259313293426e-03
5.547699825834916630e-03
5.548300599953474854e-03
5.548906513789781704e-03
5.549516983858972588e-03
5.550150928210092344e-03
5.550781530373068672e-03
5.551415671087952218e-03
5.552052699360270245e-03
5.552698820635936817e-03
5.553349436831446842e-03
5.554013955710777883e-03
5.554693109104759385e-03
5.555375375495465000e-03
5.556071888202133470e-03
5.556761136775932933e-03
5.557447592681440465e-03
5.558147239972939350e-03
5.558863693485423425e-03
5.559587732281818899e-03
5.560309236591721299e-03
5.561050667276937372e-03
5.561805078603378541e-03
5.562567567643820869e-03
5.563346535361199212e-03
5.564136501550776513e-03
5.564938831842219415e-03
5.565753043692917013e-03
5.566577060029704802e-03
5.567399700592485720e-03
5.568263785176066037e-03
5.569112499763912739e-03
5.569979489378278428e-03
5.570861748000086218e-03
5.571763508713961123e-03
5.572661848496455843e-03
5.573601863170084963e-03
5.574541599937267097e-03
5.575516564603225263e-03
5.576487246460308522e-03
5.577491846228086261e-03
5.578504625119305033e-03
5.579547914128714370e-03
5.580603183333275596e-03
5.581680590843989508e-03
5.582769206891713409e-03
5.583906955048437495e-03
5.585060067332934565e-03
5.586227311937388279e-03
5.587436994613795282e-03
5.588681187189347213e-03
5.589935157232012002e-03
5.591239952766751363e-03
5.592604209712425528e-03
5.593988392837436451e-03
5.595403971280636310e-03
5.596836830041093148e-03
5.598335261986514370e-03
5.599888420521420551e-03
5.601479523645602927e-03
5.603144495393154456e-03
5.604871680967273007e-03
5.606672046191801297e-03
5.608561019830866738e-03
5.610505323609706746e-03
5.612553092057288168e-03
5.614728462290392852e-03
5.617008165083676487e-03
5.619387524786886683e-03
5.621953474239032439e-03
5.624644382214762268e-03
5.627555741497792217e-03
5.630705253121919864e-03
5.634092306410248135e-03
5.637862339823680041e-03
5.641984329045911239e-03
5.646662508587041614e-03
5.652031008796447147e-03
5.658326095805663730e-03
5.665917283064997138e-03
5.675844421408184591e-03
5.690131533621861290e-03
5.716224389186883893e-03
