4.829625833167076714e-03
4.882393300252810958e-03
4.910722134959230600e-03
4.930171253643065438e-03
4.945570676407390863e-03
4.958130554313823837e-03
4.968728896080062095e-03
4.978125077181155475e-03
4.986444146955899305e-03
4.993847369846962994e-03
5.000670465239462001e-03
5.006956757583839318e-03
5.012742438885589916e-03
5.018129955072767913e-03
5.023189252123761057e-03
5.028023274987105523e-03
5.032508919819982107e-03
5.036807880341999735e-03
5.040917324635174439e-03
5.044892283118243732e-03
5.048676745216706258e-03
5.052255091324764878e-03
5.055692365052030790e-03
5.059017931139772779e-03
5.062171133613565382e-03
5.065277276976042770e-03
5.068371706638648104e-03
5.071289121084869220e-03
5.074116927178975132e-03
5.076900191372341227e-03
5.079497331292129672e-03
5.082087276582885824e-03
5.084590996288261902e-03
5.087032307528334407e-03
5.089461807181248042e-03
5.091791442764473548e-03
5.094100693827825765e-03
5.096353033740489216e-03
5.098551153371154096e-03
5.100759786452842802e-03
5.102856942155097227e-03
5.104905945595160192e-03
5.106940851054706659e-03
5.108920284665890987e-03
5.110883110379113060e-03
5.112828773176461040e-03
5.114718668510620861e-03
5.116575850933159815e-03
5.118369671493335112e-03
5.120171491253924442e-03
5.121943278887960797e-03
5.123674028527131115e-03
5.125364707122628122e-03
5.127033783865414876e-03
5.128675212000853578e-03
5.130307466987372132e-03
5.131921703465601968e-03
5.133531337578849628e-03
5.135085694538396583e-03
5.136627770241992096e-03
5.138147200544374536e-03
5.139683965185650079e-03
5.141204766029353578e-03
5.142665101134390182e-03
5.144114061672291384e-03
5.145551525612425924e-03
5.146951989338505520e-03
5.148371099079934905e-03
5.149758959818896177e-03
5.151133358725071797e-03
5.152513482928052641e-03
5.153863944755842849e-03
5.155192040267306264e-03
5.156508631694244407e-03
5.157814882692459205e-03
5.159110285443180982e-03
5.160378609415858242e-03
5.161625463653268103e-03
5.162877313618401826e-03
5.164134679496134618e-03
5.165350220136141930e-03
5.166551383081815531e-03
5.167748705113466533e-03
5.168931980773432827e-03
5.170088078231238962e-03
5.171263296697688715e-03
5.172404744957668707e-03
5.173540373688645042e-03
5.174661260163112945e-03
5.175790411795454932e-03
5.176922498922516616e-03
5.178043256909892027e-03
5.179158740562955256e-03
5.180252100329655815e-03
5.181348657183397662e-03
5.182437543969437878e-03
5.183494279263759982e-03
5.184572895806493359e-03
5.185614387561056013e-03
5.186643764275635296e-03
5.187694273929694538e-03
5.188731641245229904e-03
5.189760764614730765e-03
5.190781750369099536e-03
5.191791958495406596e-03
5.192801071899865763e-03
5.193810817921430331e-03
5.194791844057059307e-03
5.195772867567832222e-03
5.196759444101077541e-03
5.197731114277953125e-03
5.198703104248802130e-03
5.199645217039902678e-03
5.200613520934248626e-03
5.201567788027119076e-03
5.202504529683165541e-03
5.203426851723843075e-03
5.204357886551860303e-03
5.205284475554118780e-03
5.206197267673138944e-03
5.207107963759110593e-03
5.207996915199730563e-03
5.208902727650053556e-03
5.209786025353762597e-03
5.210665447318465864e-03
5.211543026497822938e-03
5.212408139076719731e-03
5.213297500711045092e-03
5.214184085307945783e-03
5.215049990916350957e-03
5.215913770890720155e-03
5.216767912077998823e-03
5.217620047367162346e-03
5.218486482356659434e-03
5.219333654699779244e-03
5.220170699772748966e-03
5.220993994872426790e-03
5.221818790996281962e-03
5.222646024528053259e-03
5.223460023121943678e-03
5.224263750442745095e-03
5.225066332245287271e-03
5.225869622255069694e-03
5.226679015579117557e-03
5.227482478830653388e-03
5.228294649780022840e-03
5.229094176928589938e-03
5.229893304324785205e-03
5.230677200889101777e-03
5.231469655020690342e-03
5.232239449595979877e-03
5.233018595185345324e-03
5.233793298769479248e-03
5.234557015355866677e-03
5.235325308061392242e-03
5.236091897937558519e-03
5.236845157671594919e-03
5.237602618915627138e-03
5.238371162757518747e-03
5.239129982477294320e-03
5.239888160457333889e-03
5.240627358053429226e-03
5.241362547706290322e-03
5.242106000451465971e-03
5.242842975578509632e-03
5.243566734169786449e-03
5.244299803142347775e-03
5.245019096340962188e-03
5.245749397645618761e-03
5.246477744215155906e-03
5.247204524959664385e-03
5.247924226913397092e-03
5.248650683163094341e-03
5.249373386790326217e-03
5.250086175596529667e-03
5.250797197719527139e-03
5.251513925671421647e-03
5.252212391900453956e-03
5.252898344070070814e-03
5.253594577956498951e-03
5.254288132812949194e-03
5.254985204668299881e-03
5.255677689061794000e-03
5.256359713127089009e-03
5.257051617253029503e-03
5.257733005508358204e-03
5.258415438421567070e-03
5.259082044225486113e-03
5.259750436061489537e-03
5.260415601209948201e-03
5.261064948345651332e-03
5.261733882385265758e-03
5.262391497999403811e-03
5.263070598839625358e-03
5.263740073760472815e-03
5.264414927478088500e-03
5.265067267029856571e-03
5.265723975634213107e-03
5.266376686340195311e-03
5.267021853738305080e-03
5.267668434471403822e-03
5.268305718296352989e-03
5.268963270511261600e-03
5.269605171522654709e-03
5.270248925960847007e-03
5.270888633151136170e-03
5.271528115435895369e-03
5.272160263408815287e-03
5.272799949828124895e-03
5.273442489560611381e-03
5.274079136818445555e-03
5.274705662143811327e-03
5.275318690551571849e-03
5.275959141060532383e-03
5.276582664724588020e-03
5.277203964343174167e-03
5.277818196550142574e-03
5.278432686487857448e-03
5.279058826011377888e-03
5.279682581231125681e-03
5.280298351478171330e-03
5.280906939956375896e-03
5.281518877020608717e-03
5.282128517168303491e-03
5.282740089673300214e-03
5.283355962402588174e-03
5.283969584511917505e-03
5.284583048112544146e-03
5.285174405435780556e-03
5.285784592787410273e-03
5.286387795410748582e-03
5.286991440101308261e-03
5.287596764778124819e-03
5.288192000889597143e-03
5.288784279982148076e-03
5.289376853527983681e-03
5.289974861471900131e-03
5.290567033292648512e-03
5.291156268683618741e-03
5.291756480874083499e-03
5.292349962956514886e-03
5.292927477151042857e-03
5.293510152772917116e-03
5.294080533273213401e-03
5.294666517520436183e-03
5.295247505454910020e-03
5.295822260954404295e-03
5.296396919575140083e-03
5.296972767187372276e-03
5.297545408275084605e-03
5.298115251077068801e-03
5.298693369008414256e-03
5.299261916086813601e-03
5.299829067117726132e-03
5.300402966381023880e-03
5.300977230399277901e-03
5.301534766257568788e-03
5.302099971415463048e-03
5.302656630962165538e-03
5.303221380234649646e-03
5.303777765095238003e-03
5.304336993646146040e-03
5.304894931849012986e-03
5.305461367031593517e-03
5.306011983889641001e-03
5.306563787798090036e-03
5.307113564353723063e-03
5.307664838950809996e-03
5.308215033061157787e-03
5.308767254557526794e-03
5.309317925555336395e-03
5.309872124266212974e-03
5.310422482146831547e-03
5.310982035826275656e-03
5.311527626159852182e-03
5.312064924398932422e-03
5.312611706543530349e-03
5.313149243518919089e-03
5.313699590516205232e-03
5.314229732370299997e-03
5.314772792693414107e-03
5.315313598540278434e-03
5.315864658656999607e-03
5.316405217474008162e-03
5.316932401517654970e-03
5.317461792749512625e-03
5.317982038270135936e-03
5.318527338035345352e-03
5.319064323491816751e-03
5.319596285640704886e-03
5.320129378093642163e-03
5.320662244938672951e-03
5.321201889401837998e-03
5.321723240764891956e-03
5.322242816571729103e-03
5.322770796886294904e-03
5.323299901360357099e-03
5.323834736308704491e-03
5.324357360521106940e-03
5.324875527078384158e-03
5.325396893256990546e-03
5.325927000498424484e-03
5.326456777415596554e-03
5.326973425345134586e-03
5.327484434443144172e-03
5.327994436850311960e-03
5.328507111170963616e-03
5.329026767363696619e-03
5.329535657264900320e-03
5.330050628478855135e-03
5.330569082885191178e-03
5.331087621040244383e-03
5.331597135809081414e-03
5.332113476264594906e-03
5.332639733670912346e-03
5.333153645459558397e-03
5.333668066643980875e-03
5.334174913034280680e-03
5.334681666351372489e-03
5.335195775242753714e-03
5.335698911428554854e-03
5.336211452678886122e-03
5.336719916218994088e-03
5.337223969810063300e-03
5.337724832619462380e-03
5.338235912288419489e-03
5.338740001436318751e-03
5.339246195901008706e-03
5.339750852432645183e-03
5.340267448516304062e-03
5.340769565059797115e-03
5.341271770901903811e-03
5.341772914805266101e-03
5.342268806680489611e-03
5.342768777584966378e-03
5.343277650683620275e-03
5.343781914940900525e-03
5.344275264543806893e-03
5.344772386768758751e-03
5.345268918936716893e-03
5.345765228740136793e-03
5.346264406393048431e-03
5.346762100764344480e-03
5.347257851230710277e-03
5.347755514232502977e-03
5.348252764077223755e-03
5.348746957979574716e-03
5.349236847294487444e-03
5.349727031025544415e-03
5.350225292843895954e-03
5.350712065546864467e-03
5.351199101980489217e-03
5.351697517133715068e-03
5.352184085108510798e-03
5.352670994709532101e-03
5.353157589460671127e-03
5.353640160722611223e-03
5.354129650588338417e-03
5.354620974751846986e-03
5.355107924665384635e-03
5.355593685580855613e-03
5.356077283224708330e-03
5.356560562946673446e-03
5.357060543656325113e-03
5.357534623931754086e-03
5.358029062091207440e-03
5.358522443814766299e-03
5.359007527623511555e-03
5.359491761966516006e-03
5.359978194317664875e-03
5.360457922188120033e-03
5.360937465558122950e-03
5.361415035614435463e-03
5.361898369507565529e-03
5.362379176099892931e-03
5.362861848495751108e-03
5.363347201466128582e-03
5.363829608728441431e-03
5.364306615320350337e-03
5.364785843205672339e-03
5.365258862526647680e-03
5.365739000161328862e-03
5.366207099176448746e-03
5.366677794638244348e-03
5.367153610298301854e-03
5.367625253393846704e-03
5.368098249718150639e-03
5.368568395221086538e-03
5.369040164798644620e-03
5.369504495877001557e-03
5.369972864303149650e-03
5.370453673527704821e-03
5.370927930463518900e-03
5.371405381545500159e-03
5.371885616351507881e-03
5.372347880137414745e-03
5.372819969062144797e-03
5.373283067834301076e-03
5.373754772961190397e-03
5.374231564469392382e-03
5.374695238784103248e-03
5.375166831931921588e-03
5.375636730342323553e-03
5.376110490950170191e-03
5.376583034312355791e-03
5.377051794606848949e-03
5.377519930040360573e-03
5.377982543467425477e-03
5.378455254645664665e-03
5.378931722321363303e-03
5.379404365697579814e-03
5.379868323116808806e-03
5.380338080068640220e-03
5.380812670736129406e-03
5.381281067384498934e-03
5.381750495620982871e-03
5.382217632430615593e-03
5.382679464171083970e-03
5.383154170593075494e-03
5.383624100439843990e-03
5.384088487784770456e-03
5.384560578766471421e-03
5.385013817775800328e-03
5.385487215610869870e-03
5.385952042587347117e-03
5.386422758932047500e-03
5.386878983208200945e-03
5.387355271628764541e-03
5.387816302866383147e-03
5.388285164078353805e-03
5.388745519918353502e-03
5.389217246365953645e-03
5.389682857504240164e-03
5.390144314258662854e-03
5.390605820271921270e-03
5.391067204001748041e-03
5.391527076231390249e-03
5.391980198539575615e-03
5.392438678176619295e-03
5.392895377661008349e-03
5.393365472782747638e-03
5.393824726461325311e-03
5.394288247777779752e-03
5.394743657205068599e-03
5.395201744819303966e-03
5.395660297753276935e-03
5.396114318947438371e-03
5.396574218335616416e-03
5.397033601379080947e-03
5.397500413359650716e-03
5.397955203319374645e-03
5.398417861813133850e-03
5.398873498094977803e-03
5.399334532215999995e-03
5.399792627525070582e-03
5.400256966722740901e-03
5.400716256202515650e-03
5.401170162906544434e-03
5.401628304187335375e-03
5.402095096186334926e-03
5.402549944940934941e-03
5.403009248317837930e-03
5.403466212498676639e-03
5.403921349088984180e-03
5.404377879548784638e-03
5.404843825846663945e-03
5.405303417500262851e-03
5.405761569599047862e-03
5.406213347117412062e-03
5.406674012514855673e-03
5.407128837238045146e-03
5.407585000068136812e-03
5.408042493635262064e-03
5.408503544898164185e-03
5.408956115828721968e-03
5.409422817662170278e-03
5.409881552150060113e-03
5.410335200298123197e-03
5.410795654377803174e-03
5.411246280404423403e-03
5.411701817650426197e-03
5.412160650437519878e-03
5.412605183790923473e-03
5.413070181983849725e-03
5.413531665139326501e-03
5.413988519701280061e-03
5.414448852177245960e-03
5.414906491052502192e-03
5.415360084917246984e-03
5.415824564565889336e-03
5.416280262615603622e-03
5.416741360342455618e-03
5.417190967791691084e-03
5.417646074801048955e-03
5.418099253062724427e-03
5.418551786950192260e-03
5.419002003838668119e-03
5.419450436227246301e-03
5.419910110172717309e-03
5.420364471729363469e-03
5.420824526067243888e-03
5.421285374499365192e-03
5.421733531649842834e-03
5.422191605658102480e-03
5.422646853826301044e-03
5.423100836919362081e-03
5.423569431424565823e-03
5.424028433991979516e-03
5.424487806015099688e-03
5.424938619917663886e-03
5.425398144745058500e-03
5.425846058084659272e-03
5.426301562288561760e-03
5.426769919310726192e-03
5.427236350714633763e-03
5.427694193772180861e-03
5.428152379663379185e-03
5.428614485822771778e-03
5.429069797204749172e-03
5.429524454971477836e-03
5.429981972488489433e-03
5.430441456259006532e-03
5.430896792373986898e-03
5.431354200275449219e-03
5.431819594917123434e-03
5.432276187857068214e-03
5.432735735286607810e-03
5.433185633172452067e-03
5.433640517998316981e-03
5.434096335663774792e-03
5.434557204900852811e-03
5.435016379257585385e-03
5.435478824134125191e-03
5.435933639422327150e-03
5.436395455506619519e-03
5.436850616273625897e-03
5.437311088756020122e-03
5.437769533841172939e-03
5.438227096062712811e-03
5.438683866309384184e-03
5.439138932168851269e-03
5.439600852769036973e-03
5.440066208104863549e-03
5.440533379261033170e-03
5.440987159801562167e-03
5.441453343572753322e-03
5.441905510168768695e-03
5.442361183105740366e-03
5.442823442280468604e-03
5.443283378268739398e-03
5.443744183357381722e-03
5.444202086660694662e-03
5.444661795949623864e-03
5.445121016410113535e-03
5.445578703572850551e-03
5.446043646024742620e-03
5.446500585010291898e-03
5.446959186171355591e-03
5.447414961689579782e-03
5.447882653939384659e-03
5.448340319107649460e-03
5.448809205615210392e-03
5.449276479410704137e-03
5.449740463184195652e-03
5.450200120246235375e-03
5.450662049995322334e-03
5.451124717201024164e-03
5.451587786854928362e-03
5.452050941041291718e-03
5.452518041618431739e-03
5.452979635257692095e-03
5.453441836857700169e-03
5.453904230957331255e-03
5.454368086125953828e-03
5.454835559819896061e-03
5.455314134854365692e-03
5.455775909124655279e-03
5.456237158593937528e-03
5.456706791458232689e-03
5.457168408581434399e-03
5.457643069606857474e-03
5.458114632225057050e-03
5.458584940865583192e-03
5.459056284268439842e-03
5.459528677210940054e-03
5.460002342155192458e-03
5.460462933704181808e-03
5.460929867650441728e-03
5.461397244316715943e-03
5.461862988636579340e-03
5.462330876195777007e-03
5.462797262807040158e-03
5.463260322976732329e-03
5.463729634139650147e-03
5.464197156804510846e-03
5.464669521155423627e-03
5.465137391986138113e-03
5.465616700133916518e-03
5.466091202848783956e-03
5.466563740201688809e-03
5.467026452435185500e-03
5.467495170449374400e-03
5.467965633542929901e-03
5.468437488181196460e-03
5.468916310749734853e-03
5.469375963196488992e-03
5.469845462138013710e-03
5.470315709445420713e-03
5.470789419174886849e-03
5.471272895805122036e-03
5.471748956021436731e-03
5.472221513789294299e-03
5.472696592696358990e-03
5.473170017849022032e-03
5.473651966162995479e-03
5.474130153667444883e-03
5.474612823466610233e-03
5.475084521559273054e-03
5.475562371428550033e-03
5.476033384485251738e-03
5.476517377700180350e-03
5.476991365315094645e-03
5.477471617943227220e-03
5.477951552504470127e-03
5.478435248451835743e-03
5.478905517356076442e-03
5.479383275505999955e-03
5.479866806097495949e-03
5.480357660881927245e-03
5.480844480219389768e-03
5.481332258549627238e-03
5.481812797059389814e-03
5.482290002986086978e-03
5.482778456023916329e-03
5.483270483314968066e-03
5.483753487685262031e-03
5.484241089760446414e-03
5.484724109585654636e-03
5.485210659786559501e-03
5.485691314692402350e-03
5.486188083930603268e-03
5.486683850719447156e-03
5.487170547374867202e-03
5.487661091281789000e-03
5.488155388756723631e-03
5.488648882087032374e-03
5.489141848483028094e-03
5.489624709619710455e-03
5.490118581053852163e-03
5.490601404082038131e-03
5.491095686393546692e-03
5.491594046042999090e-03
5.492095663632260046e-03
5.492591596378948622e-03
5.493086655336211835e-03
5.493581973898553801e-03
5.494077782489193221e-03
5.494580118025910870e-03
5.495074650235803534e-03
5.495568680551613482e-03
5.496068751539151011e-03
5.496564341237885828e-03
5.497066568058412914e-03
5.497551175958868830e-03
5.498048207697126162e-03
5.498548223610574305e-03
5.499054430151513982e-03
5.499541744815604309e-03
5.500035459530827793e-03
5.500534455380881940e-03
5.501030639574642882e-03
5.501534931024577510e-03
5.502031301436310917e-03
5.502528542655728966e-03
5.503027816308331439e-03
5.503534029967662930e-03
5.504043078259224751e-03
5.504560654756478558e-03
5.505071588452014816e-03
5.505583214505049665e-03
5.506090638310201513e-03
5.506603336552996081e-03
5.507115281903368631e-03
5.507623575842494033e-03
5.508130781107145081e-03
5.508637906140674903e-03
5.509156577133153196e-03
5.509668701690952422e-03
5.510189158214518282e-03
5.510700347048862191e-03
5.511223109973026335e-03
5.511744373824697604e-03
5.512266240421290556e-03
5.512792951155904772e-03
5.513306623115868735e-03
5.513825629717691162e-03
5.514350228359419376e-03
5.514866525920484458e-03
5.515386872208908123e-03
5.515906609523813474e-03
5.516425659344416886e-03
5.516946920205860298e-03
5.517488105632617316e-03
5.518009788626970086e-03
5.518539499905269347e-03
5.519060832585302029e-03
5.519582846802780114e-03
5.520099294317674932e-03
5.520616023796352800e-03
5.521150176731720247e-03
5.521674376594507168e-03
5.522208971252613730e-03
5.522736928716229232e-03
5.523285870821498418e-03
5.523828131793737974e-03
5.524366915912536959e-03
5.524901725754503834e-03
5.525436955029848496e-03
5.525983384269960406e-03
5.526526203447931600e-03
5.527062068608352627e-03
5.527594505880800181e-03
5.528136678202167503e-03
5.528686612864734326e-03
5.529232072907234313e-03
5.529786292214484457e-03
5.530333656945632566e-03
5.530891182386058098e-03
5.531439107830208278e-03
5.531998652280900076e-03
5.532554376363444174e-03
5.533110908620975273e-03
5.533659034486901850e-03
5.534213759813175551e-03
5.534760785296286879e-03
5.535314528036180265e-03
5.535867090579415367e-03
5.536427042348876157e-03
5.536984620323967543e-03
5.537539986375803261e-03
5.538102267436396421e-03
5.538654202041709378e-03
5.539221653686570573e-03
5.539775494387584945e-03
5.540343860332807256e-03
5.540904778020831929e-03
5.541465701124794266e-03
5.542033056014789190e-03
5.542600446342991170e-03
5.543170490321047694e-03
5.543740703991858858e-03
5.544315153437559714e-03
5.544899382357356549e-03
5.545491416042986135e-03
5.546076394064767406e-03
5.546665962704956654e-03
5.547246831103282150e-03
5.547821117859451888e-03
5.548389161605296778e-03
5.548968074750142317e-03
5.549552882320477228e-03
5.550146614929842882e-03
5.550736662250233509e-03
5.551320488062068403e-03
5.551913833097404764e-03
5.552512568964955778e-03
5.553115428590491183e-03
5.553726094603543030e-03
5.554316979943183137e-03
5.554911291672213342e-03
5.555516825449434426e-03
5.556117347716750532e-03
5.556720053847331343e-03
5.557330874620303347e-03
5.557936128867690256e-03
5.558534794555091384e-03
5.559152802751419521e-03
5.559750461817281053e-03
5.560366172138723161e-03
5.560984063858615163e-03
5.561596216496394844e-03
5.562206047354218731e-03
5.562837468899963292e-03
5.563446122617699517e-03
5.564076289933969459e-03
5.564720193447024454e-03
5.565350737818409825e-03
5.565982072196305926e-03
5.566607654817120124e-03
5.567226118016173862e-03
5.567862755182237736e-03
5.568499494365183530e-03
5.569117763936553937e-03
5.569754309823892781e-03
5.570388465655887883e-03
5.571029256818199431e-03
5.571670369844241091e-03
5.572311842087018102e-03
5.572960275289656588e-03
5.573591384409711663e-03
5.574239904518046330e-03
5.574889179596680816e-03
5.575555496267558565e-03
5.576217971710532850e-03
5.576884920727496683e-03
5.577548143426395641e-03
5.578206932236192371e-03
5.578862546866934953e-03
5.579524586097844505e-03
5.580185128597827358e-03
5.580850831490973343e-03
5.581521141196582950e-03
5.582203220997871904e-03
5.582874067268414620e-03
5.583548720259074415e-03
5.584223626773501294e-03
5.584923823086783076e-03
5.585608107190146235e-03
5.586298534977223069e-03
5.586972673360455013e-03
5.587665845542676146e-03
5.588355664072491152e-03
5.589054100439575477e-03
5.589750388817244994e-03
5.590459934787175497e-03
5.591165100914985073e-03
5.591865278949299974e-03
5.592574936709077821e-03
5.593288544439456271e-03
5.594013410189164863e-03
5.594744260189024425e-03
5.595474659011195895e-03
5.596200719400836604e-03
5.596928028216407655e-03
5.597658483673729687e-03
5.598396966616873624e-03
5.599139492611258581e-03
5.599890285982150884e-03
5.600636203658532729e-03
5.601400867814016263e-03
5.602141357648218918e-03
5.602893541637013301e-03
5.603660069283734890e-03
5.604412630242093345e-03
5.605184619520325699e-03
5.605947653107457018e-03
5.606724600569669079e-03
5.607496222195269137e-03
5.608262165785510463e-03
5.609033445338891012e-03
5.609806410414686778e-03
5.610596248310758920e-03
5.611383874405724212e-03
5.612166519285588517e-03
5.612959008545788907e-03
5.613755637573170261e-03
5.614558683861204172e-03
5.615361677480707088e-03
5.616174881067867788e-03
5.616989625992760415e-03
5.617804007397046197e-03
5.618643250762601210e-03
5.619466448618365591e-03
5.620307793293219910e-03
5.621143475090850661e-03
5.621988310843515496e-03
5.622841774012019359e-03
5.623685253858300495e-03
5.624536975656710229e-03
5.625399874629372077e-03
5.626255624113402597e-03
5.627123583243841612e-03
5.627978214524089091e-03
5.628848673900008377e-03
5.629719473684556032e-03
5.630623142367409059e-03
5.631505416763108590e-03
5.632382499132461071e-03
5.633292084794150681e-03
5.634187978864921113e-03
5.635087542531018803e-03
5.636007306369953014e-03
5.636934010436174189e-03
5.637870051417574746e-03
5.638788665595893118e-03
5.639738912028580305e-03
5.640687722257634040e-03
5.641644486011057266e-03
5.642599258509895660e-03
5.643557815643513234e-03
5.644520917590717911e-03
5.645494008856854519e-03
5.646456491569394782e-03
5.647439780917045196e-03
5.648412941905611891e-03
5.649405502829774051e-03
5.650417070491423922e-03
5.651434985352466606e-03
5.652447181306773094e-03
5.653483346034638389e-03
5.654541256797089577e-03
5.655581232342441964e-03
5.656637364915154467e-03
5.657710531317924375e-03
5.658772766492942315e-03
5.659847625752951160e-03
5.660949609965651094e-03
5.662045143231734731e-03
5.663153882743784950e-03
5.664281646221771584e-03
5.665410927023837966e-03
5.666537904644063789e-03
5.667667083501609637e-03
5.668825242506073114e-03
5.669991282605443481e-03
5.671146413592858052e-03
5.672304288707158415e-03
5.673518542024126761e-03
5.674736657135833265e-03
5.675946175312631889e-03
5.677186647062449493e-03
5.678388858668255781e-03
5.679635382501683691e-03
5.680901429014245489e-03
5.682189380731433176e-03
5.683463388154969681e-03
5.684758354584372106e-03
5.686055447727780821e-03
5.687385261511748551e-03
5.688749867189017533e-03
5.690099817914984551e-03
5.691438689050224917e-03
5.692813710754834021e-03
5.694202968218567591e-03
5.695623890272470680e-03
5.697082370306359375e-03
5.698542314438445784e-03
5.700010789017391499e-03
5.701483717868706565e-03
5.702995334986380414e-03
5.704517527898101195e-03
5.706050694250495471e-03
5.707570637439686456e-03
5.709187974662564315e-03
5.710803247506850491e-03
5.712466263904300567e-03
5.714112798957636519e-03
5.715813230226106552e-03
5.717521574807068845e-03
5.719247803556573063e-03
5.721039690226290865e-03
5.722836529598274331e-03
5.724655586511038022e-03
5.726464993751338717e-03
5.728357307605020342e-03
5.730319337626361975e-03
5.732294780417823872e-03
5.734284701880410645e-03
5.736309070984714834e-03
5.738380033687995492e-03
5.740495018929390146e-03
5.742682851775346257e-03
5.744882231538089683e-03
5.747123747334098934e-03
5.749449741246661499e-03
5.751811179091027501e-03
5.754250371075278828e-03
5.756714868425079693e-03
5.759250809222194942e-03
5.761835476818187238e-03
5.764498680929110684e-03
5.767248186348622289e-03
5.770092271309267690e-03
5.773001460844051115e-03
5.776031387290716905e-03
5.779109811214769125e-03
5.782294819218146767e-03
5.785635103847907613e-03
5.789177460444870117e-03
5.792733650056692066e-03
5.796428010927857748e-03
5.800375653564865397e-03
5.804460719195534725e-03
5.808798392584587668e-03
5.813426428117797300e-03
5.818153294122298085e-03
5.823147932879467990e-03
5.828528906291412931e-03
5.834319440404356349e-03
5.840544100615715876e-03
5.847539674073028854e-03
5.855046760285463961e-03
5.863354097135081537e-03
5.872666153556450018e-03
5.883229704133867768e-03
5.895902527962930059e-03
5.911356851127663563e-03
5.931302958356626971e-03
5.959702494428150213e-03
6.012395571186551421e-03
