5.000000000000000000e+02 2.374883356992847967e-11
5.012999877929687500e+02 2.386442595795315379e-11
5.025999755859375000e+02 2.398061995117770004e-11
5.038999938964843750e+02 2.409742782725925987e-11
5.051999816894531250e+02 2.421484607829579100e-11
5.064999694824218750e+02 2.433288347404239910e-11
5.078000183105468750e+02 2.445155053820520122e-11
5.091000061035156250e+02 2.457083850102909819e-11
5.103999938964843750e+02 2.469076314807326724e-11
5.117000122070312500e+02 2.481132447933770837e-11
5.130000000000000000e+02 2.493253126457753046e-11
5.142999877929687500e+02 2.505438701169475959e-11
5.155999755859375000e+02 2.517689698254246886e-11
5.168999633789062500e+02 2.530006819292473307e-11
5.181999511718750000e+02 2.542390239679256690e-11
5.195000000000000000e+02 2.554840836390108245e-11
5.207999877929687500e+02 2.567359486400536920e-11
5.221000366210937500e+02 2.579945838920339135e-11
5.234000244140625000e+02 2.592600770925024810e-11
5.247000122070312500e+02 2.605325159390104507e-11
5.260000000000000000e+02 2.618118828920475468e-11
5.272999877929687500e+02 2.630983708862259641e-11
5.285999755859375000e+02 2.643919097635050191e-11
5.298999633789062500e+02 2.656926047609457855e-11
5.311999511718750000e+02 2.670005260365891086e-11
5.324999389648437500e+02 2.683157437484758010e-11
5.337999877929687500e+02 2.696383280546466434e-11
5.351000366210937500e+02 2.709682438760813100e-11
5.364000244140625000e+02 2.723056315288612973e-11
5.377000122070312500e+02 2.736505436315172391e-11
5.390000000000000000e+02 2.750029977235593790e-11
5.402999877929687500e+02 2.763631165815590991e-11
5.415999755859375000e+02 2.777309879030673588e-11
5.428999633789062500e+02 2.791065766090638324e-11
5.441999511718750000e+02 2.804900230156300487e-11
5.455000000000000000e+02 2.818814323598272431e-11
5.467999877929687500e+02 2.832807871021452042e-11
5.481000366210937500e+02 2.846881398611145983e-11
5.494000244140625000e+02 2.861035607947761411e-11
5.507000122070312500e+02 2.875272603772522713e-11
5.520000000000000000e+02 2.889591333714817855e-11
5.532999877929687500e+02 2.903993200935462773e-11
5.545999755859375000e+02 2.918478731619763481e-11
5.558999633789062500e+02 2.933049328928536236e-11
5.571999511718750000e+02 2.947704817466679248e-11
5.585000000000000000e+02 2.962447126580314141e-11
5.597999877929687500e+02 2.977275730084134256e-11
5.610999755859375000e+02 2.992191680348752914e-11
5.624000244140625000e+02 3.007195678954577275e-11
5.637000122070312500e+02 3.022288778272220015e-11
5.650000000000000000e+02 3.037471329091884714e-11
5.662999877929687500e+02 3.052744734574386982e-11
5.675999755859375000e+02 3.068109696300135916e-11
5.688999633789062500e+02 3.083566565059334450e-11
5.701999511718750000e+02 3.099116393222595260e-11
5.715000000000000000e+02 3.114760233160529731e-11
5.727999877929687500e+02 3.130498786453546960e-11
5.740999755859375000e+02 3.146332053101645656e-11
5.754000244140625000e+02 3.162261436265643365e-11
5.767000122070312500e+02 3.178288339106355053e-11
5.780000000000000000e+02 3.194412761623780720e-11
5.792999877929687500e+02 3.210635756188532396e-11
5.805999755859375000e+02 3.226959076751630562e-11
5.818999633789062500e+02 3.243382372522870994e-11
5.831999511718750000e+02 3.259907748243477753e-11
5.845000000000000000e+02 3.276535554703654417e-11
5.857999877929687500e+02 3.293266142693605860e-11
5.870999755859375000e+02 3.310100564583942818e-11
5.884000244140625000e+02 3.327040223535482841e-11
5.897000122070312500e+02 3.344085821128633088e-11
5.910000000000000000e+02 3.361238409734006235e-11
5.922999877929687500e+02 3.378499041722213668e-11
5.935999755859375000e+02 3.395868769463866769e-11
5.948999633789062500e+02 3.413347592958966832e-11
5.962000122070312500e+02 3.430939020109552882e-11
5.975000000000000000e+02 3.448640946174402150e-11
5.987999877929687500e+02 3.466456177475145857e-11
6.000999755859375000e+02 3.484384363221579775e-11
6.014000244140625000e+02 3.502429011315744870e-11
6.027000122070312500e+02 3.520588367806620013e-11
6.040000000000000000e+02 3.538865589806041297e-11
6.052999877929687500e+02 3.557260326523806433e-11
6.065999755859375000e+02 3.575774682701137545e-11
6.078999633789062500e+02 3.594409710708647310e-11
6.092000122070312500e+02 3.613166462916948404e-11
6.105000000000000000e+02 3.632044588535835956e-11
6.117999877929687500e+02 3.651047595467350284e-11
6.130999755859375000e+02 3.670174782131082289e-11
6.144000244140625000e+02 3.689427551687850813e-11
6.157000122070312500e+02 3.708808359669080912e-11
6.170000000000000000e+02 3.728316855284570944e-11
6.182999877929687500e+02 3.747954792485339454e-11
6.195999755859375000e+02 3.767723925222406277e-11
6.208999633789062500e+02 3.787625305866384736e-11
6.222000122070312500e+02 3.807660688368294020e-11
6.235000000000000000e+02 3.827829721937930551e-11
6.247999877929687500e+02 3.848134160526313517e-11
6.260999755859375000e+02 3.868576810455076723e-11
6.273999633789062500e+02 3.889156619353606201e-11
6.287000122070312500e+02 3.909876744333739334e-11
6.300000000000000000e+02 3.930737536185678409e-11
6.312999877929687500e+02 3.951741099650650074e-11
6.325999755859375000e+02 3.972888837889467998e-11
6.338999633789062500e+02 3.994180750902133475e-11
6.352000122070312500e+02 4.015621048171094627e-11
6.365000000000000000e+02 4.037207975745330326e-11
6.377999877929687500e+02 4.058943989156270152e-11
6.390999755859375000e+02 4.080831543935341098e-11
6.403999633789062500e+02 4.102870990872747391e-11
6.417000122070312500e+02 4.125064785499916670e-11
6.430000000000000000e+02 4.147413278607054456e-11
6.442999877929687500e+02 4.169918925725587094e-11
6.455999755859375000e+02 4.192583130016331489e-11
6.469000244140625000e+02 4.215407996220511054e-11
6.482000122070312500e+02 4.238393524338126437e-11
6.495000000000000000e+02 4.261541819110401699e-11
6.507999877929687500e+02 4.284854985278560900e-11
6.520999755859375000e+02 4.308335127583827456e-11
6.533999633789062500e+02 4.331982947606609819e-11
6.547000122070312500e+02 4.355800550088132695e-11
6.560000000000000000e+02 4.379789338189209756e-11
6.572999877929687500e+02 4.403951416651068295e-11
6.585999755859375000e+02 4.428288890214929787e-11
6.599000244140625000e+02 4.452803863622019587e-11
6.612000122070312500e+02 4.477495284501725665e-11
6.625000000000000000e+02 4.502367713126699721e-11
6.637999877929687500e+02 4.527422201867553140e-11
6.650999755859375000e+02 4.552660855465511277e-11
6.663999633789062500e+02 4.578084375500981290e-11
6.677000122070312500e+02 4.603696971456411947e-11
6.690000000000000000e+02 4.629498994122006829e-11
6.702999877929687500e+02 4.655491846658582191e-11
6.715999755859375000e+02 4.681678686177973479e-11
6.729000244140625000e+02 4.708061266631200529e-11
6.742000122070312500e+02 4.734641341969284469e-11
6.755000000000000000e+02 4.761420666143245781e-11
6.767999877929687500e+02 4.788402396264917971e-11
6.780999755859375000e+02 4.815586883124508498e-11
6.793999633789062500e+02 4.842977985414258672e-11
6.806999511718750000e+02 4.870577457085189622e-11
6.820000000000000000e+02 4.898387753668729634e-11
6.832999877929687500e+02 4.926409576745285868e-11
6.845999755859375000e+02 4.954646434216898641e-11
6.859000244140625000e+02 4.983102184775813143e-11
6.872000122070312500e+02 5.011775425261212471e-11
6.885000000000000000e+02 5.040670715945748327e-11
6.897999877929687500e+02 5.069789810780441839e-11
6.910999755859375000e+02 5.099135165296720001e-11
6.923999633789062500e+02 5.128709936606418906e-11
6.936999511718750000e+02 5.158516580240967487e-11
6.950000000000000000e+02 5.188555446990569323e-11
6.962999877929687500e+02 5.218832500288692372e-11
6.976000366210937500e+02 5.249349494086357117e-11
6.989000244140625000e+02 5.280106428383562264e-11
7.002000122070312500e+02 5.311107512662757229e-11
7.015000000000000000e+02 5.342355202455370945e-11
7.027999877929687500e+02 5.373853005663441145e-11
7.040999755859375000e+02 5.405604079398805213e-11
7.053999633789062500e+02 5.437609476032075179e-11
7.066999511718750000e+02 5.469873054255494295e-11
7.080000000000000000e+02 5.502397620390696366e-11
7.092999877929687500e+02 5.535184928388699288e-11
7.106000366210937500e+02 5.568240941682972958e-11
7.119000244140625000e+02 5.601565660273516084e-11
7.132000122070312500e+02 5.635162592062369630e-11
7.145000000000000000e+02 5.669035244951573267e-11
7.157999877929687500e+02 5.703187126843167313e-11
7.170999755859375000e+02 5.737620693268579408e-11
7.183999633789062500e+02 5.772339802920054095e-11
7.196999511718750000e+02 5.807347262119223887e-11
7.210000000000000000e+02 5.842647280348535615e-11
7.222999877929687500e+02 5.878241611559009114e-11
7.236000366210937500e+02 5.914134816023299316e-11
7.249000244140625000e+02 5.950330752433645596e-11
7.262000122070312500e+02 5.986831174741073605e-11
7.275000000000000000e+02 6.023640292428026296e-11
7.287999877929687500e+02 6.060762314976954376e-11
7.300999755859375000e+02 6.098200048709490358e-11
7.313999633789062500e+02 6.135959106268897975e-11
7.326999511718750000e+02 6.174040189235583092e-11
7.340000000000000000e+02 6.212449611833221772e-11
7.352999877929687500e+02 6.251191583544258259e-11
7.366000366210937500e+02 6.290267507529510748e-11
7.379000244140625000e+02 6.329682294851834521e-11
7.392000122070312500e+02 6.369440154993677701e-11
7.405000000000000000e+02 6.409545999017896860e-11
7.417999877929687500e+02 6.450002633246125805e-11
7.430999755859375000e+02 6.490814267160808780e-11
7.443999633789062500e+02 6.531987916566027713e-11
7.456999511718750000e+02 6.573524984622599506e-11
7.469999389648437500e+02 6.615430382393379441e-11
7.482999877929687500e+02 6.657711125682448153e-11
7.496000366210937500e+02 6.700367916070211509e-11
7.509000244140625000e+02 6.743407067780345569e-11
7.522000122070312500e+02 6.786832790295295871e-11
7.535000000000000000e+02 6.830650696258326149e-11
7.547999877929687500e+02 6.874864995151885816e-11
7.560999755859375000e+02 6.919482001199647057e-11
7.573999633789062500e+02 6.964503117562424189e-11
7.586999511718750000e+02 7.009937464785523202e-11
7.599999389648437500e+02 7.055788550770983766e-11
7.612999877929687500e+02 7.102063391322885225e-11
7.626000366210937500e+02 7.148763389602045773e-11
7.639000244140625000e+02 7.195896262992949327e-11
7.652000122070312500e+02 7.243466922558457630e-11
7.665000000000000000e+02 7.291480980941829246e-11
7.677999877929687500e+02 7.339944050786333076e-11
7.690999755859375000e+02 7.388863147896045879e-11
7.703999633789062500e+02 7.438242481753417070e-11
7.716999511718750000e+02 7.488089769742934442e-11
7.729999389648437500e+02 7.538408519766638959e-11
7.742999877929687500e+02 7.589208553950242477e-11
7.755999755859375000e+02 7.640492678615377509e-11
7.769000244140625000e+02 7.692266506405306493e-11
7.782000122070312500e+02 7.744539859445742578e-11
7.795000000000000000e+02 7.797315544058319570e-11
7.807999877929687500e+02 7.850604083949153896e-11
7.820999755859375000e+02 7.904410390181104717e-11
7.833999633789062500e+02 7.958740776977842922e-11
7.846999511718750000e+02 8.013602260143449148e-11
7.860000000000000000e+02 8.069005363384043701e-11
7.872999877929687500e+02 8.124952893021257801e-11
7.885999755859375000e+02 8.181451864859174668e-11
7.899000244140625000e+02 8.238511399443093828e-11
7.912000122070312500e+02 8.296140617318322564e-11
7.925000000000000000e+02 8.354345832708531766e-11
7.937999877929687500e+02 8.413133359837393618e-11
7.950999755859375000e+02 8.472513722411031012e-11
7.963999633789062500e+02 8.532494637813927864e-11
7.976999511718750000e+02 8.593082420269757651e-11
7.990000000000000000e+02 8.654288996645458874e-11
8.002999877929687500e+02 8.716117874843069911e-11
8.015999755859375000e+02 8.778580981729526680e-11
8.029000244140625000e+02 8.841687437850133877e-11
8.042000122070312500e+02 8.905444960589379296e-11
8.055000000000000000e+02 8.969863372072976085e-11
8.067999877929687500e+02 9.034949688105003585e-11
8.080999755859375000e+02 9.100718641874031519e-11
8.093999633789062500e+02 9.167174442862506717e-11
8.106999511718750000e+02 9.234331824258996316e-11
8.120000000000000000e+02 9.302198503447989401e-11
8.132999877929687500e+02 9.370780794653159450e-11
8.145999755859375000e+02 9.440094132643483342e-11
8.159000244140625000e+02 9.510148339544669055e-11
8.172000122070312500e+02 9.580951834321618005e-11
8.185000000000000000e+02 9.652517947002079133e-11
8.197999877929687500e+02 9.724855798131357135e-11
8.210999755859375000e+02 9.797977314576390513e-11
8.223999633789062500e+02 9.871897229525743819e-11
8.236999511718750000e+02 9.946622558783500272e-11
8.250000000000000000e+02 1.002217224502067384e-10
8.262999877929687500e+02 1.009854839297849117e-10
8.275999755859375000e+02 1.017576924374755907e-10
8.288999633789062500e+02 1.025384812735563035e-10
8.302000122070312500e+02 1.033279486592841559e-10
8.315000000000000000e+02 1.041262840213693520e-10
8.327999877929687500e+02 1.049335434862444905e-10
8.340999755859375000e+02 1.057499094648156782e-10
8.353999633789062500e+02 1.065755222731645278e-10
8.367000122070312500e+02 1.074105432747848538e-10
8.380000000000000000e+02 1.082550777067378723e-10
8.392999877929687500e+02 1.091092799167133391e-10
8.405999755859375000e+02 1.099732902207928927e-10
8.418999633789062500e+02 1.108472769982744064e-10
8.432000122070312500e+02 1.117314226600639871e-10
8.445000000000000000e+02 1.126258464748310196e-10
8.457999877929687500e+02 1.135307378692856309e-10
8.470999755859375000e+02 1.144462441753135310e-10
8.483999633789062500e+02 1.153725337722126189e-10
8.497000122070312500e+02 1.163098381815175544e-10
8.510000000000000000e+02 1.172582486086813844e-10
8.522999877929687500e+02 1.182179825436306125e-10
8.535999755859375000e+02 1.191892223972712550e-10
8.548999633789062500e+02 1.201721646121176267e-10
8.562000122070312500e+02 1.211669635358594574e-10
8.575000610351562500e+02 1.221738857690518037e-10
8.588000488281250000e+02 1.231930716277762524e-10
8.601000366210937500e+02 1.242247315861552354e-10
8.614000244140625000e+02 1.252690901499193020e-10
8.627000122070312500e+02 1.263263156983663773e-10
8.640000000000000000e+02 1.273966888636596606e-10
8.652999877929687500e+02 1.284804060883134150e-10
8.665999755859375000e+02 1.295776918780581639e-10
8.678999633789062500e+02 1.306887567070163652e-10
8.692000122070312500e+02 1.318138391125267371e-10
8.705000000000000000e+02 1.329532056951442845e-10
8.717999877929687500e+02 1.341071090238159203e-10
8.730999755859375000e+02 1.352757736042722200e-10
8.743999633789062500e+02 1.364594660370682138e-10
8.756999511718750000e+02 1.376584669543670757e-10
8.769999389648437500e+02 1.388730008618994582e-10
8.782999267578125000e+02 1.401033764550447955e-10
8.795999145507812500e+02 1.413498603343581958e-10
8.809000244140625000e+02 1.426128594164763024e-10
8.822000122070312500e+02 1.438924438594398568e-10
8.835000000000000000e+02 1.451890205798855799e-10
8.848000488281250000e+02 1.465028982731929835e-10
8.861000366210937500e+02 1.478343856347415534e-10
8.874000244140625000e+02 1.491838334547353344e-10
8.887000122070312500e+02 1.505515083337293828e-10
8.900000000000000000e+02 1.519378031567521470e-10
8.912999877929687500e+02 1.533430827456158148e-10
8.925999755859375000e+02 1.547675996692672737e-10
8.938999633789062500e+02 1.562118169707758428e-10
8.951999511718750000e+02 1.576760293139128651e-10
8.965000000000000000e+02 1.591606576469231009e-10
8.977999877929687500e+02 1.606660667916187899e-10
8.990999755859375000e+02 1.621926776962446927e-10
9.003999633789062500e+02 1.637408832458293610e-10
9.016999511718750000e+02 1.653110903570093604e-10
9.029999389648437500e+02 1.669037340096377241e-10
9.042999267578125000e+02 1.685192491835674073e-10
9.055999145507812500e+02 1.701580989218676778e-10
9.069000244140625000e+02 1.718208444888649863e-10
9.082000122070312500e+02 1.735077103902898563e-10
9.095000000000000000e+02 1.752192999852931940e-10
9.108000488281250000e+02 1.769561043801606309e-10
9.121000366210937500e+02 1.787186567760022282e-10
9.134000244140625000e+02 1.805074342474954740e-10
9.147000122070312500e+02 1.823230401537912231e-10
9.160000000000000000e+02 1.841658954431343392e-10
9.172999877929687500e+02 1.860367297591490947e-10
9.185999755859375000e+02 1.879359500184721587e-10
9.198999633789062500e+02 1.898642858647278811e-10
9.211999511718750000e+02 1.918222704990263747e-10
9.225000000000000000e+02 1.938105213121266370e-10
9.237999877929687500e+02 1.958296837580040813e-10
9.250999755859375000e+02 1.978804173222422383e-10
9.263999633789062500e+02 1.999634235852491198e-10
9.276999511718750000e+02 2.020793760642163995e-10
9.289999389648437500e+02 2.042289903711603100e-10
9.302999267578125000e+02 2.064129821180969803e-10
9.316000366210937500e+02 2.086323054543812839e-10
9.329000244140625000e+02 2.108873532650417725e-10
9.342000122070312500e+02 2.131791077626496574e-10
9.355000000000000000e+02 2.155083827804782510e-10
9.367999877929687500e+02 2.178759921518007622e-10
9.381000366210937500e+02 2.202828619627558555e-10
9.394000244140625000e+02 2.227298200782249864e-10
9.407000122070312500e+02 2.252178066159548592e-10
9.420000000000000000e+02 2.277477897569085680e-10
9.432999877929687500e+02 2.303207096188328428e-10
9.445999755859375000e+02 2.329375063194744398e-10
9.458999633789062500e+02 2.355993444823105865e-10
9.471999511718750000e+02 2.383071642250881167e-10
9.484999389648437500e+02 2.410620740448516853e-10
9.497999877929687500e+02 2.438652245334703769e-10
9.510999755859375000e+02 2.467177943460297175e-10
9.523999633789062500e+02 2.496209060111825054e-10
9.536999511718750000e+02 2.525759065633121398e-10
9.549999389648437500e+02 2.555839465942877570e-10
9.562999267578125000e+02 2.586463170120601317e-10
9.576000366210937500e+02 2.617647296728247995e-10
9.589000244140625000e+02 2.649400545362877227e-10
9.602000122070312500e+02 2.681739473322117609e-10
9.615000000000000000e+02 2.714678673478456135e-10
9.627999877929687500e+02 2.748234141865195674e-10
9.641000366210937500e+02 2.782421313251313362e-10
9.654000244140625000e+02 2.817256183670110516e-10
9.667000122070312500e+02 2.852756432947869251e-10
9.680000000000000000e+02 2.888938899014383606e-10
9.692999877929687500e+02 2.925822103592423771e-10
9.705999755859375000e+02 2.963425129669088247e-10
9.718999633789062500e+02 3.001765937702821495e-10
9.731999511718750000e+02 3.040865855738027507e-10
9.744999389648437500e+02 3.080744247393968683e-10
9.757999877929687500e+02 3.121424405140190094e-10
9.770999755859375000e+02 3.162927095756768455e-10
9.783999633789062500e+02 3.205275892345414805e-10
9.796999511718750000e+02 3.248494087375673180e-10
9.809999389648437500e+02 3.292607218374397249e-10
9.823000488281250000e+02 3.337643909822233210e-10
9.836000366210937500e+02 3.383624086602767639e-10
9.849000244140625000e+02 3.430578337621792465e-10
9.862000122070312500e+02 3.478535287359952854e-10
9.875000000000000000e+02 3.527525244090875807e-10
9.887999877929687500e+02 3.577577954823860528e-10
9.900999755859375000e+02 3.628727656682818758e-10
9.914000244140625000e+02 3.681004938573540361e-10
9.927000122070312500e+02 3.734446843941567264e-10
9.940000000000000000e+02 3.789087609910812244e-10
9.952999877929687500e+02 3.844965963719796477e-10
9.965999755859375000e+02 3.902120071342716447e-10
9.978999633789062500e+02 3.960590905075400892e-10
9.991999511718750000e+02 4.020421962903146390e-10
1.000499938964843750e+03 4.081655900914759892e-10
1.001799987792968750e+03 4.144338742785007368e-10
1.003099975585937500e+03 4.208518757245959762e-10
1.004399963378906250e+03 4.274247019351322339e-10
1.005699951171875000e+03 4.341575446051286371e-10
1.006999938964843750e+03 4.410558199353352241e-10
1.008300048828125000e+03 4.481258140862077376e-10
1.009600036621093750e+03 4.553724381206022341e-10
1.010900024414062500e+03 4.628024833368683861e-10
1.012200012207031250e+03 4.704224604011925370e-10
1.013500000000000000e+03 4.782393009280059459e-10
1.014799987792968750e+03 4.862599926581723928e-10
1.016099975585937500e+03 4.944924494186943483e-10
1.017400024414062500e+03 5.029443044044109023e-10
1.018700012207031250e+03 5.116238643273531546e-10
1.020000000000000000e+03 5.205399971638782422e-10
1.021299987792968750e+03 5.297017392696414338e-10
1.022599975585937500e+03 5.391189688967876226e-10
1.023899963378906250e+03 5.488015642974618052e-10
1.025199951171875000e+03 5.587605262524614663e-10
1.026500000000000000e+03 5.690069677954497529e-10
1.027799926757812500e+03 5.795530122358769479e-10
1.029099975585937500e+03 5.904108951360589965e-10
1.030399902343750000e+03 6.015944797248584170e-10
1.031699951171875000e+03 6.131176853575699900e-10
1.033000000000000000e+03 6.249962274353333044e-10
1.034300048828125000e+03 6.372443620720394041e-10
1.035599975585937500e+03 6.498797690939700940e-10
1.036900024414062500e+03 6.629204089595707660e-10
1.038200073242187500e+03 6.763853646559393001e-10
1.039500000000000000e+03 6.902949539516918301e-10
1.040800048828125000e+03 7.046708977762607721e-10
1.042099975585937500e+03 7.195366008520571706e-10
1.043400024414062500e+03 7.349165904301454890e-10
1.044699951171875000e+03 7.508375265660302278e-10
1.046000000000000000e+03 7.673284266253869398e-10
1.047299926757812500e+03 7.844198233875725019e-10
1.048599975585937500e+03 8.021448314478452373e-10
1.049900024414062500e+03 8.205395962288261172e-10
1.051199951171875000e+03 8.396430133483355877e-10
1.052500000000000000e+03 8.594972898837197099e-10
1.053799926757812500e+03 8.801484495097444518e-10
1.055099975585937500e+03 9.016468376364890494e-10
1.056399902343750000e+03 9.240476265472397814e-10
1.057699951171875000e+03 9.474110399042207770e-10
1.059000000000000000e+03 9.718061693460133025e-10
1.060300048828125000e+03 9.973031729134189530e-10
1.061599975585937500e+03 1.023986577013995823e-09
1.062900024414062500e+03 1.051949214767332074e-09
1.064199951171875000e+03 1.081294358809487831e-09
1.065500000000000000e+03 1.112140548166201398e-09
1.066800048828125000e+03 1.144622037264350669e-09
1.068099975585937500e+03 1.178893959563756226e-09
1.069400024414062500e+03 1.215135582890273865e-09
1.070699951171875000e+03 1.253557605872039385e-09
1.072000000000000000e+03 1.294408893111383727e-09
1.073299926757812500e+03 1.337989496517207207e-09
1.074599975585937500e+03 1.384662105097237793e-09
1.075900024414062500e+03 1.434875281301144119e-09
1.077199951171875000e+03 1.489191411983991643e-09
1.078500000000000000e+03 1.548327568449205405e-09
1.079799926757812500e+03 1.613213316674189610e-09
1.081099975585937500e+03 1.685076141740808740e-09
1.082399902343750000e+03 1.765554598723591438e-09
1.083700073242187500e+03 1.856860069068603975e-09
1.085000000000000000e+03 1.961898779458010130e-09
1.086300048828125000e+03 2.084347123482677433e-09
1.087599975585937500e+03 2.228103979912464166e-09
1.088900024414062500e+03 2.395222004641926401e-09
1.090199951171875000e+03 2.580880835130101430e-09
1.091500000000000000e+03 2.767246409658095922e-09
1.092800048828125000e+03 2.928486874361365202e-09
1.094099975585937500e+03 3.056293047645967371e-09
1.095400024414062500e+03 3.175004942796841145e-09
1.096699951171875000e+03 3.319841222779184625e-09
1.098000000000000000e+03 3.511821910134340755e-09
1.099299926757812500e+03 3.750620124518607414e-09
1.100599975585937500e+03 4.017368404335298734e-09
1.101899902343750000e+03 4.291570723418209524e-09
1.103199951171875000e+03 4.574987655706433475e-09
1.104500000000000000e+03 4.884146864072703574e-09
1.105799926757812500e+03 5.223485030764449003e-09
1.107099975585937500e+03 5.589130329952343782e-09
1.108399902343750000e+03 5.983700947466237236e-09
1.109700073242187500e+03 6.410364210152941680e-09
1.111000000000000000e+03 6.870477479659453031e-09
1.112300048828125000e+03 7.366149313807238429e-09
1.113599975585937500e+03 7.899135347409316072e-09
1.114900024414062500e+03 8.470980179891972713e-09
1.116199951171875000e+03 9.083245922128480950e-09
1.117500000000000000e+03 9.737824708416042884e-09
1.118800048828125000e+03 1.043718789783671732e-08
1.120099975585937500e+03 1.118426843325460677e-08
1.121400024414062500e+03 1.198186365607255264e-08
1.122699951171875000e+03 1.283246557989982367e-08
1.124000000000000000e+03 1.373833273238590654e-08
1.125299926757812500e+03 1.470113633418912754e-08
1.126599975585937500e+03 1.572189204923455975e-08
1.127899902343750000e+03 1.680145748941296956e-08
1.129199951171875000e+03 1.794094261105625808e-08
1.130500000000000000e+03 1.914175192201485508e-08
1.131799926757812500e+03 2.040564195512468671e-08
1.133099975585937500e+03 2.173438540763430302e-08
1.134400024414062500e+03 2.312908325564639351e-08
1.135700073242187500e+03 2.458897038363119402e-08
1.137000000000000000e+03 2.611248961984149836e-08
1.138300048828125000e+03 2.769789341167059865e-08
1.139599975585937500e+03 2.934414544066619865e-08
1.140900024414062500e+03 3.105066558402052214e-08
1.142199951171875000e+03 3.281602778133302150e-08
1.143500000000000000e+03 3.463777504188839308e-08
1.144800048828125000e+03 3.651371259766462061e-08
1.146099975585937500e+03 3.844182528522417193e-08
1.147400024414062500e+03 4.041863236772035667e-08
1.148699951171875000e+03 4.243893249638743793e-08
1.150000000000000000e+03 4.449597972303340533e-08
1.151299926757812500e+03 4.658289878416542890e-08
1.152599975585937500e+03 4.869440571290895195e-08
1.153899902343750000e+03 5.082717782445158088e-08
1.155199951171875000e+03 5.297811514366569485e-08
1.156500000000000000e+03 5.514292512098287930e-08
1.157799926757812500e+03 5.731586400179235961e-08
1.159099975585937500e+03 5.948976556317451144e-08
1.160400024414062500e+03 6.165556695779787772e-08
1.161700073242187500e+03 6.380478725718461661e-08
1.163000000000000000e+03 6.592935862340117059e-08
1.164300048828125000e+03 6.802070314149410632e-08
1.165599975585937500e+03 7.006902158533571289e-08
1.166900024414062500e+03 7.206545585682079666e-08
1.168199951171875000e+03 7.400302292970590869e-08
1.169500000000000000e+03 7.587493375069873008e-08
1.170800048828125000e+03 7.767225837986030798e-08
1.172099975585937500e+03 7.938496769719484899e-08
1.173400024414062500e+03 8.100418205204703833e-08
1.174699951171875000e+03 8.252311957530796612e-08
1.176000000000000000e+03 8.393581739477384247e-08
1.177299926757812500e+03 8.523591750815506271e-08
1.178599975585937500e+03 8.641700443969497510e-08
1.179899902343750000e+03 8.747335957942465053e-08
1.181199951171875000e+03 8.839912781789093134e-08
1.182500000000000000e+03 8.918767096965249230e-08
1.183799926757812500e+03 8.983332789820739846e-08
1.185099975585937500e+03 9.033347637662265030e-08
1.186400024414062500e+03 9.068809485234811343e-08
1.187700073242187500e+03 9.089858424114250983e-08
1.189000000000000000e+03 9.096595032867877315e-08
1.190300048828125000e+03 9.088950343335261625e-08
1.191599975585937500e+03 9.066736848330234738e-08
1.192900024414062500e+03 9.029733993423090295e-08
1.194199951171875000e+03 8.977836889536506724e-08
1.195500000000000000e+03 8.911225141254939023e-08
1.196799926757812500e+03 8.830365720497959854e-08
1.198099975585937500e+03 8.735880059127776515e-08
1.199400024414062500e+03 8.628439878290234381e-08
1.200699951171875000e+03 8.508667328265880325e-08
1.202000000000000000e+03 8.377152948928388630e-08
1.203299926757812500e+03 8.234638866420717837e-08
1.204599975585937500e+03 8.081941203974617691e-08
1.205899902343750000e+03 7.919728809062585848e-08
1.207199951171875000e+03 7.748521098142858402e-08
1.208499877929687500e+03 7.568896397977372550e-08
1.209800048828125000e+03 7.381633474044310001e-08
1.211099975585937500e+03 7.187624601919227786e-08
1.212400024414062500e+03 6.987606878816720640e-08
1.213700073242187500e+03 6.782252025882635264e-08
1.215000000000000000e+03 6.572356769053604424e-08
1.216300048828125000e+03 6.358848586403735779e-08
1.217599975585937500e+03 6.142570182643278593e-08
1.218900024414062500e+03 5.924298886413742699e-08
1.220199951171875000e+03 5.704938827193257717e-08
1.221500000000000000e+03 5.485439035606069666e-08
1.222799926757812500e+03 5.266650837382480242e-08
1.224099975585937500e+03 5.049304145553702299e-08
1.225400024414062500e+03 4.834032245884515723e-08
1.226699951171875000e+03 4.621425678248595458e-08
1.228000000000000000e+03 4.412123834966593239e-08
1.229299926757812500e+03 4.206791253000981166e-08
1.230599975585937500e+03 4.005928310724042191e-08
1.231899902343750000e+03 3.809811958405001871e-08
1.233199951171875000e+03 3.618628625602519351e-08
1.234499877929687500e+03 3.432601381210486866e-08
1.235800048828125000e+03 3.252016155727350872e-08
1.237099975585937500e+03 3.077242575387912809e-08
1.238400024414062500e+03 2.908558308879737481e-08
1.239700073242187500e+03 2.746110991171242466e-08
1.241000000000000000e+03 2.589874040783929899e-08
1.242300048828125000e+03 2.439722812136189790e-08
1.243599975585937500e+03 2.295582948930058832e-08
1.244900024414062500e+03 2.157504022030846446e-08
1.246199951171875000e+03 2.025618759226462028e-08
1.247500000000000000e+03 1.900065276442349559e-08
1.248799926757812500e+03 1.780875004480787804e-08
1.250099975585937500e+03 1.667914497135529446e-08
1.251400024414062500e+03 1.560943084263407927e-08
1.252699951171875000e+03 1.459741109457639209e-08
1.254000000000000000e+03 1.364195781039187048e-08
1.255299926757812500e+03 1.274224840108372636e-08
1.256599975585937500e+03 1.189648502476159228e-08
1.257899902343750000e+03 1.110197361265868632e-08
1.259199951171875000e+03 1.035619790454684352e-08
1.260500000000000000e+03 9.657112204209146017e-09
1.261800048828125000e+03 9.003073129697861629e-09
1.263099975585937500e+03 8.392512732990726890e-09
1.264400024414062500e+03 7.824098348071102690e-09
1.265699951171875000e+03 7.296137201730532494e-09
1.267000000000000000e+03 6.806273779843925696e-09
1.268300048828125000e+03 6.351734089604421724e-09
1.269599975585937500e+03 5.929851451944368884e-09
1.270900024414062500e+03 5.538428853784457923e-09
1.272199951171875000e+03 5.176403934007654875e-09
1.273500000000000000e+03 4.841293659233910922e-09
1.274799926757812500e+03 4.530579075166285221e-09
1.276099975585937500e+03 4.247354768794887359e-09
1.277400024414062500e+03 3.988054242083960747e-09
1.278699951171875000e+03 3.738323047632637740e-09
1.280000000000000000e+03 3.495852817519250011e-09
1.281299926757812500e+03 3.277802524730881721e-09
1.282599975585937500e+03 3.100559516058667421e-09
1.283899902343750000e+03 2.964842883357606217e-09
1.285199951171875000e+03 2.853156221527573270e-09
1.286500000000000000e+03 2.735544628962198931e-09
1.287800048828125000e+03 2.590555909588801874e-09
1.289099975585937500e+03 2.424328050081030035e-09
1.290400024414062500e+03 2.258640351360997978e-09
1.291699951171875000e+03 2.108921071738864965e-09
1.293000000000000000e+03 1.979472639035180012e-09
1.294300048828125000e+03 1.868603963834460870e-09
1.295599975585937500e+03 1.772975972406014716e-09
1.296900024414062500e+03 1.689423807466065740e-09
1.298199951171875000e+03 1.615418860971260461e-09
1.299500000000000000e+03 1.549049354372971931e-09
1.300799926757812500e+03 1.488889451776381579e-09
1.302099975585937500e+03 1.433869158869616865e-09
1.303399902343750000e+03 1.383175989413762519e-09
1.304699951171875000e+03 1.336181102857505942e-09
1.306000000000000000e+03 1.292390586593603921e-09
1.307299926757812500e+03 1.251408637019070681e-09
1.308599975585937500e+03 1.212914210939198280e-09
1.309899902343750000e+03 1.176641718074727811e-09
1.311200073242187500e+03 1.142366764947959605e-09
1.312500000000000000e+03 1.109906267135618167e-09
1.313800048828125000e+03 1.079096896718717168e-09
1.315099975585937500e+03 1.049799796902902375e-09
1.316400024414062500e+03 1.021893173329342131e-09
1.317699951171875000e+03 9.952710592932097186e-10
1.319000000000000000e+03 9.698386011233414653e-10
1.320300048828125000e+03 9.455121704351016801e-10
1.321599975585937500e+03 9.222167261880493593e-10
1.322900024414062500e+03 8.998843553986882973e-10
1.324199951171875000e+03 8.784541047611701960e-10
1.325500000000000000e+03 8.578701846014496498e-10
1.326799926757812500e+03 8.380821372565821738e-10
1.328099975585937500e+03 8.190438267989366548e-10
1.329399902343750000e+03 8.007127093925708714e-10
1.330699951171875000e+03 7.830497210403666598e-10
1.332000000000000000e+03 7.660188846990011801e-10
1.333299926757812500e+03 7.495870296467829161e-10
1.334599975585937500e+03 7.337232302193270856e-10
1.335899902343750000e+03 7.183990303152841729e-10
1.337200073242187500e+03 7.035863667183336020e-10
1.338500000000000000e+03 6.892627888554190982e-10
1.339800048828125000e+03 6.754041062340721516e-10
1.341099975585937500e+03 6.619884856719953041e-10
1.342400024414062500e+03 6.489957777798702434e-10
1.343699951171875000e+03 6.364067311913011646e-10
1.345000000000000000e+03 6.242036660800060561e-10
1.346300048828125000e+03 6.123696322633271788e-10
1.347599975585937500e+03 6.008888582136923713e-10
1.348900024414062500e+03 5.897463581735865239e-10
1.350199951171875000e+03 5.789281566612818697e-10
1.351500000000000000e+03 5.684208955858097684e-10
1.352799926757812500e+03 5.582120026262584251e-10
1.354099975585937500e+03 5.482896351053409374e-10
1.355399902343750000e+03 5.386422871043654256e-10
1.356699951171875000e+03 5.292595752332936353e-10
1.358000000000000000e+03 5.201312844813845132e-10
1.359299926757812500e+03 5.112477049757914013e-10
1.360599975585937500e+03 5.025997442344262514e-10
1.361900024414062500e+03 4.941780852694706211e-10
1.363200073242187500e+03 4.859757122768444439e-10
1.364500000000000000e+03 4.779840940387861224e-10
1.365800048828125000e+03 4.701957657397544915e-10
1.367099975585937500e+03 4.626034309435061561e-10
1.368400024414062500e+03 4.552004386677730824e-10
1.369699951171875000e+03 4.479801659935036265e-10
1.371000000000000000e+03 4.409363828866746185e-10
1.372300048828125000e+03 4.340631399454261143e-10
1.373599975585937500e+03 4.273547964632775261e-10
1.374900024414062500e+03 4.208057959233975389e-10
1.376199951171875000e+03 4.144110869468483538e-10
1.377500000000000000e+03 4.081656181546922756e-10
1.378799926757812500e+03 4.020645065472895336e-10
1.380099975585937500e+03 3.961032620100288316e-10
1.381399902343750000e+03 3.902773944282987699e-10
1.382699951171875000e+03 3.845828065725166297e-10
1.384000000000000000e+03 3.790154012130995891e-10
1.385299926757812500e+03 3.735713056261954268e-10
1.386599975585937500e+03 3.682467032143844946e-10
1.387900024414062500e+03 3.630376931905982333e-10
1.389200073242187500e+03 3.579415534228535063e-10
1.390500000000000000e+03 3.529546637562450317e-10
1.391800048828125000e+03 3.480737407944632738e-10
1.393099975585937500e+03 3.432956975837129083e-10
1.394400024414062500e+03 3.386176716759292118e-10
1.395699951171875000e+03 3.340367444966149916e-10
1.397000000000000000e+03 3.295501939137870078e-10
1.398299926757812500e+03 3.251553258586785137e-10
1.399599975585937500e+03 3.208496427050370254e-10
1.400900024414062500e+03 3.166306468266098524e-10
1.402199951171875000e+03 3.124959809132263045e-10
1.403500000000000000e+03 3.084433437811478507e-10
1.404799926757812500e+03 3.044705464995016740e-10
1.406099975585937500e+03 3.005754282006309335e-10
1.407399902343750000e+03 2.967559402697442959e-10
1.408699951171875000e+03 2.930100621552666622e-10
1.409999877929687500e+03 2.893359136217046240e-10
1.411299926757812500e+03 2.857316144335645657e-10
1.412599975585937500e+03 2.821950598496225295e-10
1.413900024414062500e+03 2.787250992780093274e-10
1.415200073242187500e+03 2.753197402303662503e-10
1.416500000000000000e+03 2.719773831033629599e-10
1.417800048828125000e+03 2.686964282936692214e-10
1.419099975585937500e+03 2.654753884508199970e-10
1.420400024414062500e+03 2.623126920347013898e-10
1.421699951171875000e+03 2.592069920109300006e-10
1.423000000000000000e+03 2.561568571554734160e-10
1.424299926757812500e+03 2.531610246235972510e-10
1.425599975585937500e+03 2.502180070648365194e-10
1.426900024414062500e+03 2.473267380769710475e-10
1.428199951171875000e+03 2.444858986888337223e-10
1.429500000000000000e+03 2.416942821821228349e-10
1.430799926757812500e+03 2.389508221546181080e-10
1.432099975585937500e+03 2.362542838248014430e-10
1.433399902343750000e+03 2.336036709484935370e-10
1.434699951171875000e+03 2.309978469654333193e-10
1.435999877929687500e+03 2.284359278843067359e-10
1.437299926757812500e+03 2.259167771448527937e-10
1.438599975585937500e+03 2.234392722184186686e-10
1.439900024414062500e+03 2.210029219987187290e-10
1.441200073242187500e+03 2.186065618622756956e-10
1.442500000000000000e+03 2.162493218493836575e-10
1.443800048828125000e+03 2.139303881267692506e-10
1.445099975585937500e+03 2.116488065450776016e-10
1.446400024414062500e+03 2.094038474606843607e-10
1.447699951171875000e+03 2.071947391351407484e-10
1.449000000000000000e+03 2.050206537035652318e-10
1.450299926757812500e+03 2.028808895855499024e-10
1.451599975585937500e+03 2.007746890742540464e-10
1.452900024414062500e+03 1.987013505892696003e-10
1.454199951171875000e+03 1.966601865817967989e-10
1.455500000000000000e+03 1.946505375662520340e-10
1.456799926757812500e+03 1.926716879306191766e-10
1.458099975585937500e+03 1.907230904421799447e-10
1.459399902343750000e+03 1.888040435205263267e-10
1.460699951171875000e+03 1.869140420277645994e-10
1.461999877929687500e+03 1.850523843834866736e-10
1.463300048828125000e+03 1.832184251337172393e-10
1.464599975585937500e+03 1.814118976779012144e-10
1.465900024414062500e+03 1.796320583408060799e-10
1.467200073242187500e+03 1.778783879529299438e-10
1.468500000000000000e+03 1.761504234712035126e-10
1.469800048828125000e+03 1.744476316945166735e-10
1.471099975585937500e+03 1.727694934533675088e-10
1.472400024414062500e+03 1.711155316730785816e-10
1.473699951171875000e+03 1.694853394370132229e-10
1.475000000000000000e+03 1.678783695124532027e-10
1.476299926757812500e+03 1.662942570775862814e-10
1.477599975585937500e+03 1.647325110261269308e-10
1.478900024414062500e+03 1.631927384730466509e-10
1.480199951171875000e+03 1.616745044384924604e-10
1.481500000000000000e+03 1.601774020058276643e-10
1.482799926757812500e+03 1.587010523216320092e-10
1.484099975585937500e+03 1.572450905640932556e-10
1.485399902343750000e+03 1.558090817533584996e-10
1.486699951171875000e+03 1.543927312256563469e-10
1.488000000000000000e+03 1.529954636850521776e-10
1.489300048828125000e+03 1.516172650999379003e-10
1.490599975585937500e+03 1.502576443640279092e-10
1.491900024414062500e+03 1.489161945606854836e-10
1.493199951171875000e+03 1.475926771525719827e-10
1.494500000000000000e+03 1.462867132862669979e-10
1.495800048828125000e+03 1.449980503928236936e-10
1.497099975585937500e+03 1.437263517136462199e-10
1.498400024414062500e+03 1.424712804901387011e-10
1.499699951171875000e+03 1.412325981849624449e-10
1.501000000000000000e+03 1.400099961027379136e-10
1.502299926757812500e+03 1.388031936113018818e-10
1.503599975585937500e+03 1.376119381417074880e-10
1.504899902343750000e+03 1.364359350301833378e-10
1.506199951171875000e+03 1.352749176761744264e-10
1.507500000000000000e+03 1.341286756055583219e-10
1.508799926757812500e+03 1.329969141545636558e-10
1.510099975585937500e+03 1.318793807542435665e-10
1.511399902343750000e+03 1.307758789620837651e-10
1.512699951171875000e+03 1.296861562091374161e-10
1.514000000000000000e+03 1.286098617052004748e-10
1.515300048828125000e+03 1.275469814186647980e-10
1.516599975585937500e+03 1.264971926225426791e-10
1.517900024414062500e+03 1.254602988743199067e-10
1.519199951171875000e+03 1.244360616366577368e-10
1.520500000000000000e+03 1.234242984986501012e-10
1.521800048828125000e+03 1.224247989861745422e-10
1.523099975585937500e+03 1.214373245618924189e-10
1.524400024414062500e+03 1.204617349097220411e-10
1.525699951171875000e+03 1.194978335871492233e-10
1.527000000000000000e+03 1.185454241516597027e-10
1.528299926757812500e+03 1.176042961291310731e-10
1.529599975585937500e+03 1.166742951718735786e-10
1.530899902343750000e+03 1.157552529005892814e-10
1.532199951171875000e+03 1.148469798885680289e-10
1.533500000000000000e+03 1.139493217881200652e-10
1.534799926757812500e+03 1.130621172357515241e-10
1.536099975585937500e+03 1.121851627731440969e-10
1.537399902343750000e+03 1.113183601790406520e-10
1.538700073242187500e+03 1.104614358370820746e-10
1.540000000000000000e+03 1.096143897472683516e-10
1.541300048828125000e+03 1.087770184512811873e-10
1.542599975585937500e+03 1.079491465540185205e-10
1.543900024414062500e+03 1.071306547868110568e-10
1.545199951171875000e+03 1.063213747703608194e-10
1.546500000000000000e+03 1.055212012676066313e-10
1.547800048828125000e+03 1.047299658992505675e-10
1.549099975585937500e+03 1.039475704440355094e-10
1.550400024414062500e+03 1.031738535384675908e-10
1.551699951171875000e+03 1.024086818822693093e-10
1.553000000000000000e+03 1.016519432225753775e-10
1.554299926757812500e+03 1.009035112749123386e-10
1.555599975585937500e+03 1.001632737864149440e-10
1.556899902343750000e+03 9.943110447260972393e-11
1.558199951171875000e+03 9.870687704902323488e-11
1.559500000000000000e+03 9.799049329439838409e-11
1.560799926757812500e+03 9.728181289265352011e-11
1.562099975585937500e+03 9.658076568574787534e-11
1.563399902343750000e+03 9.588719732599168098e-11
1.564700073242187500e+03 9.520096749730333726e-11
1.566000000000000000e+03 9.452209023129098735e-11
1.567300048828125000e+03 9.385039714865673220e-11
1.568599975585937500e+03 9.318577599653525838e-11
1.569900024414062500e+03 9.252815661688577247e-11
1.571199951171875000e+03 9.187741272523486955e-11
1.572500000000000000e+03 9.123345311612946390e-11
1.573800048828125000e+03 9.059618658411653439e-11
1.575099975585937500e+03 8.996553595535120309e-11
1.576400024414062500e+03 8.934138196116407206e-11
1.577699951171875000e+03 8.872364742771030214e-11
1.579000000000000000e+03 8.811225518114497660e-11
1.580299926757812500e+03 8.750709998440693116e-11
1.581599975585937500e+03 8.690810466365124911e-11
1.582899902343750000e+03 8.631518502922899384e-11
1.584199951171875000e+03 8.572826390729527448e-11
1.585500000000000000e+03 8.514727815561335629e-11
1.586799926757812500e+03 8.457209447390573691e-11
1.588099975585937500e+03 8.400268479895609122e-11
1.589400024414062500e+03 8.343890179887873492e-11
1.590700073242187500e+03 8.288076652108589572e-11
1.592000000000000000e+03 8.232817372851638346e-11
1.593300048828125000e+03 8.178101818410898215e-11
1.594599975585937500e+03 8.123926480884332095e-11
1.595900024414062500e+03 8.070280836565815799e-11
1.597199951171875000e+03 8.017160675972905084e-11
1.598500000000000000e+03 7.964558281721109570e-11
1.599799926757812500e+03 7.912466638006349915e-11
1.601099975585937500e+03 7.860878729024542898e-11
1.602400024414062500e+03 7.809786837391205896e-11
1.603699951171875000e+03 7.759190261525927873e-11
1.605000000000000000e+03 7.709074969820547557e-11
1.606299926757812500e+03 7.659440962275066242e-11
1.607599975585937500e+03 7.610279118344179231e-11
1.608899902343750000e+03 7.561584526965032536e-11
1.610199951171875000e+03 7.513350172333541643e-11
1.611500000000000000e+03 7.465570441806446697e-11
1.612799926757812500e+03 7.418239021160072931e-11
1.614099975585937500e+03 7.371353104072789122e-11
1.615400024414062500e+03 7.324900763677659356e-11
1.616700073242187500e+03 7.278885507876723303e-11
1.618000000000000000e+03 7.233296812963860657e-11
1.619300048828125000e+03 7.188130469456623295e-11
1.620599975585937500e+03 7.143380864711748777e-11
1.621900024414062500e+03 7.099043789246786396e-11
1.623199951171875000e+03 7.055111525677248358e-11
1.624500000000000000e+03 7.011583372422727503e-11
1.625799926757812500e+03 6.968450208937920428e-11
1.627099975585937500e+03 6.925707825740377719e-11
1.628400024414062500e+03 6.883355521249692215e-11
1.629699951171875000e+03 6.841383473340150769e-11
1.631000000000000000e+03 6.799790278850937772e-11
1.632299926757812500e+03 6.758570325138789491e-11
1.633599975585937500e+03 6.717719402721257803e-11
1.634899902343750000e+03 6.677232600535484841e-11
1.636199951171875000e+03 6.637106410679433520e-11
1.637499877929687500e+03 6.597336623670653131e-11
1.638799926757812500e+03 6.557917626865881236e-11
1.640099975585937500e+03 6.518843106041444357e-11
1.641400024414062500e+03 6.480115165938567847e-11
1.642700073242187500e+03 6.441727492333579524e-11
1.644000000000000000e+03 6.403675174163621521e-11
1.645300048828125000e+03 6.365954001946247008e-11
1.646599975585937500e+03 6.328561169359824764e-11
1.647900024414062500e+03 6.291491063761089765e-11
1.649199951171875000e+03 6.254742983569633560e-11
1.650500000000000000e+03 6.218310614561785256e-11
1.651799926757812500e+03 6.182189747255094146e-11
1.653099975585937500e+03 6.146380381649564109e-11
1.654400024414062500e+03 6.110876203521519082e-11
1.655699951171875000e+03 6.075673704968920686e-11
1.657000000000000000e+03 6.040770079670138995e-11
1.658299926757812500e+03 6.006162521303537617e-11
1.659599975585937500e+03 5.971846820386672309e-11
1.660899902343750000e+03 5.937820170597910556e-11
1.662199951171875000e+03 5.904079765615617263e-11
1.663499877929687500e+03 5.870620694376938439e-11
1.664799926757812500e+03 5.837440852140650025e-11
1.666099975585937500e+03 5.804536731004712347e-11
1.667400024414062500e+03 5.771906226227900053e-11
1.668700073242187500e+03 5.739546882278786794e-11
1.670000000000000000e+03 5.707454489674922510e-11
1.671300048828125000e+03 5.675625891304473046e-11
1.672599975585937500e+03 5.644059333216417274e-11
1.673900024414062500e+03 5.612751307508714878e-11
1.675199951171875000e+03 5.581698657069530411e-11
1.676500000000000000e+03 5.550898575577232007e-11
1.677799926757812500e+03 5.520348607500390733e-11
1.679099975585937500e+03 5.490046998887986753e-11
1.680400024414062500e+03 5.459989189467368366e-11
1.681699951171875000e+03 5.430174126867924186e-11
1.683000000000000000e+03 5.400599004768021056e-11
1.684299926757812500e+03 5.371259262895007272e-11
1.685599975585937500e+03 5.342155252039085768e-11
1.686899902343750000e+03 5.313283113508013941e-11
1.688199951171875000e+03 5.284640040980159922e-11
1.689499877929687500e+03 5.256224631294706811e-11
1.690800048828125000e+03 5.228031622598594453e-11
1.692099975585937500e+03 5.200063119633046910e-11
1.693400024414062500e+03 5.172314211335208901e-11
1.694699951171875000e+03 5.144783143754059297e-11
1.696000000000000000e+03 5.117468162938578909e-11
1.697300048828125000e+03 5.090365760986727419e-11
1.698599975585937500e+03 5.063474183947483700e-11
1.699900024414062500e+03 5.036791327079624982e-11
1.701199951171875000e+03 5.010315436432131430e-11
1.702500000000000000e+03 4.984044056473574757e-11
1.703799926757812500e+03 4.957975784043137414e-11
1.705099975585937500e+03 4.932106409658373863e-11
1.706400024414062500e+03 4.906436634899689971e-11
1.707699951171875000e+03 4.880962250284638908e-11
1.709000000000000000e+03 4.855682203442607997e-11
1.710299926757812500e+03 4.830594389632373176e-11
1.711599975585937500e+03 4.805697756483322415e-11
1.712899902343750000e+03 4.780988445303212463e-11
1.714199951171875000e+03 4.756466105301837802e-11
1.715500000000000000e+03 4.732126526996752248e-11
1.716800048828125000e+03 4.707972165919382150e-11
1.718099975585937500e+03 4.683998461797077097e-11
1.719400024414062500e+03 4.660203660678815316e-11
1.720699951171875000e+03 4.636587060984189647e-11
1.722000000000000000e+03 4.613145154811159773e-11
1.723300048828125000e+03 4.589877240579317890e-11
1.724599975585937500e+03 4.566782616708256192e-11
1.725900024414062500e+03 4.543857073715525909e-11
1.727199951171875000e+03 4.521100962391331915e-11
1.728500000000000000e+03 4.498512528784653081e-11
1.729799926757812500e+03 4.476088966573857541e-11
1.731099975585937500e+03 4.453829924968743007e-11
1.732399902343750000e+03 4.431732597647675028e-11
1.733699951171875000e+03 4.409796283030247093e-11
1.735000000000000000e+03 4.388019577955642944e-11
1.736299926757812500e+03 4.366400026892434295e-11
1.737599975585937500e+03 4.344936577470008469e-11
1.738899902343750000e+03 4.323628878898162532e-11
1.740199951171875000e+03 4.302472721694448362e-11
1.741499877929687500e+03 4.281469509019680924e-11
1.742799926757812500e+03 4.260616434552228996e-11
1.744099853515625000e+03 4.239912095131276969e-11
1.745399902343750000e+03 4.219354386015600135e-11
1.746699951171875000e+03 4.198943307205198494e-11
1.747999877929687500e+03 4.178677455539255790e-11
1.749299926757812500e+03 4.158554375486344383e-11
1.750599853515625000e+03 4.138572663885648015e-11
1.751899902343750000e+03 4.118732320737167334e-11
1.753199829101562500e+03 4.099031942880084790e-11
1.754500122070312500e+03 4.079465216090730785e-11
1.755800048828125000e+03 4.060038805382978496e-11
1.757100097656250000e+03 4.040748150484178161e-11
1.758400024414062500e+03 4.021591497443308652e-11
1.759700073242187500e+03 4.002567443099553712e-11
1.761000000000000000e+03 3.983675987452913987e-11
1.762300048828125000e+03 3.964913973391552739e-11
1.763600097656250000e+03 3.946281751705675487e-11
1.764900024414062500e+03 3.927778270024668261e-11
1.766200073242187500e+03 3.909401072817104066e-11
1.767500000000000000e+03 3.891149809292778677e-11
1.768800048828125000e+03 3.873023427081080063e-11
1.770099975585937500e+03 3.855020172230989035e-11
1.771400024414062500e+03 3.837140044742503008e-11
1.772699951171875000e+03 3.819380238293993347e-11
1.774000000000000000e+03 3.801742156046273723e-11
1.775300048828125000e+03 3.784221588516896659e-11
1.776599975585937500e+03 3.766820289656882639e-11
1.777900024414062500e+03 3.749535453144598502e-11
1.779199951171875000e+03 3.732367078980045541e-11
1.780500000000000000e+03 3.715313062421999695e-11
1.781799926757812500e+03 3.698373403470459672e-11
1.783099975585937500e+03 3.681546698964609861e-11
1.784399902343750000e+03 3.664831545743635299e-11
1.785699951171875000e+03 3.648227242227126888e-11
1.787000000000000000e+03 3.631733086834676823e-11
1.788299926757812500e+03 3.615348027195673074e-11
1.789599975585937500e+03 3.599071010939504256e-11
1.790899902343750000e+03 3.582900985695557692e-11
1.792199951171875000e+03 3.566836899093221352e-11
1.793499877929687500e+03 3.550878049552087430e-11
1.794799926757812500e+03 3.535024437072155927e-11
1.796099853515625000e+03 3.519272904541590751e-11
1.797399902343750000e+03 3.503624153540799060e-11
1.798699951171875000e+03 3.488077833279578567e-11
1.799999877929687500e+03 3.472631839016703919e-11
1.801299926757812500e+03 3.457285819961972183e-11
1.802599853515625000e+03 3.442038372954566455e-11
1.803899902343750000e+03 3.426889848784690963e-11
1.805200073242187500e+03 3.411835687179692710e-11
1.806500122070312500e+03 3.396881149992633790e-11
1.807800048828125000e+03 3.382021676950860561e-11
1.809100097656250000e+03 3.367256917264169444e-11
1.810400024414062500e+03 3.352586520142356214e-11
1.811700073242187500e+03 3.338009082424605260e-11
1.813000000000000000e+03 3.323524954901120162e-11
1.814300048828125000e+03 3.309131682040473279e-11
1.815599975585937500e+03 3.294829965423072416e-11
1.816900024414062500e+03 3.280618401888101964e-11
1.818200073242187500e+03 3.266495939064949244e-11
1.819500000000000000e+03 3.252462226163410679e-11
1.820800048828125000e+03 3.238516210812873590e-11
1.822099975585937500e+03 3.224657893013338624e-11
1.823400024414062500e+03 3.210885869603989526e-11
1.824699951171875000e+03 3.197199439004419135e-11
1.826000000000000000e+03 3.183598250424421934e-11
1.827299926757812500e+03 3.170081602283590765e-11
1.828599975585937500e+03 3.156648442211313596e-11
1.829900024414062500e+03 3.143298419417386203e-11
1.831199951171875000e+03 3.130030130740992328e-11
1.832500000000000000e+03 3.116843926972336843e-11
1.833799926757812500e+03 3.103739106531010651e-11
1.835099975585937500e+03 3.090714266256198789e-11
1.836399902343750000e+03 3.077768704567492805e-11
1.837699951171875000e+03 3.064902421464892052e-11
1.838999877929687500e+03 3.052114715367989373e-11
1.840299926757812500e+03 3.039404884696376315e-11
1.841599975585937500e+03 3.026771526289236623e-11
1.842899902343750000e+03 3.014215341726978747e-11
1.844199951171875000e+03 3.001734577058582852e-11
1.845499877929687500e+03 2.989329232284048938e-11
1.846799926757812500e+03 2.976998255032764329e-11
1.848099853515625000e+03 2.964741294514525444e-11
1.849399902343750000e+03 2.952558350729332284e-11
1.850699829101562500e+03 2.940447669726164367e-11
1.851999877929687500e+03 2.928409602295226564e-11
1.853299926757812500e+03 2.916443797646314005e-11
1.854599853515625000e+03 2.904548852618611401e-11
1.855900024414062500e+03 2.892722662470894046e-11
1.857200073242187500e+03 2.880968033524794451e-11
1.858500122070312500e+03 2.869283211829292136e-11
1.859800048828125000e+03 2.857667145013775715e-11
1.861100097656250000e+03 2.846120183868448769e-11
1.862400024414062500e+03 2.834640223652087558e-11
1.863700073242187500e+03 2.823227965945099565e-11
1.865000000000000000e+03 2.811883059957281210e-11
1.866300048828125000e+03 2.800604102527815914e-11
1.867599975585937500e+03 2.789390918261602534e-11
1.868900024414062500e+03 2.778243156368436843e-11
1.870200073242187500e+03 2.767160115267910068e-11
1.871500000000000000e+03 2.756141093379615050e-11
1.872800048828125000e+03 2.745186266098653255e-11
1.874099975585937500e+03 2.734294581054412653e-11
1.875400024414062500e+03 2.723465862851792100e-11
1.876699951171875000e+03 2.712699409910382498e-11
1.878000000000000000e+03 2.701995046835082382e-11
1.879299926757812500e+03 2.691351721255279720e-11
1.880599975585937500e+03 2.680769433170974513e-11
1.881900024414062500e+03 2.670247656396860422e-11
1.883199951171875000e+03 2.659785689352529964e-11
1.884500000000000000e+03 2.649383882828186721e-11
1.885799926757812500e+03 2.639040658267912644e-11
1.887099975585937500e+03 2.628756541857013751e-11
1.888399902343750000e+03 2.618530305829776543e-11
1.889699951171875000e+03 2.608361950186200698e-11
1.890999877929687500e+03 2.598251124136081667e-11
1.892299926757812500e+03 2.588197126099012290e-11
1.893599975585937500e+03 2.578199429889685907e-11
1.894899902343750000e+03 2.568257860113001051e-11
1.896199951171875000e+03 2.558372241373855286e-11
1.897499877929687500e+03 2.548541696696738694e-11
1.898799926757812500e+03 2.538766226081651598e-11
1.900099853515625000e+03 2.529044601762879532e-11
1.901399902343750000e+03 2.519377700715932736e-11
1.902699829101562500e+03 2.509764119779995278e-11
1.903999877929687500e+03 2.500204034350168623e-11
1.905299926757812500e+03 2.490696742846045291e-11
1.906600097656250000e+03 2.481240140526401220e-11
1.907900024414062500e+03 2.471837384503072501e-11
1.909200073242187500e+03 2.462486194639732638e-11
1.910500000000000000e+03 2.453186395541280164e-11
1.911800048828125000e+03 2.443937636417510853e-11
1.913100097656250000e+03 2.434739741873322592e-11
1.914400024414062500e+03 2.425591659538103352e-11
1.915700073242187500e+03 2.416493389411853454e-11
1.917000000000000000e+03 2.407444931494572577e-11
1.918300048828125000e+03 2.398445408810750478e-11
1.919599975585937500e+03 2.389494645965285691e-11
1.920900024414062500e+03 2.380592467563076104e-11
1.922199951171875000e+03 2.371738347418815701e-11
1.923500000000000000e+03 2.362932110137401723e-11
1.924800048828125000e+03 2.354173054138427658e-11
1.926099975585937500e+03 2.345461179421891890e-11
1.927400024414062500e+03 2.336795959802489696e-11
1.928699951171875000e+03 2.328177395280220430e-11
1.930000000000000000e+03 2.319604784274676287e-11
1.931299926757812500e+03 2.311077775995653041e-11
1.932599975585937500e+03 2.302596195048048902e-11
1.933899902343750000e+03 2.294160216826965338e-11
1.935199951171875000e+03 2.285768613566689174e-11
1.936500000000000000e+03 2.277421209872118297e-11
1.937799926757812500e+03 2.269118356533455963e-11
1.939099975585937500e+03 2.260859176575192578e-11
1.940399902343750000e+03 2.252643845392430255e-11
1.941699951171875000e+03 2.244471486009659076e-11
1.942999877929687500e+03 2.236342449217082942e-11
1.944299926757812500e+03 2.228255507248987389e-11
1.945599853515625000e+03 2.220211186290679077e-11
1.946899902343750000e+03 2.212209135551953457e-11
1.948199951171875000e+03 2.204248478057300935e-11
1.949499877929687500e+03 2.196329564596925413e-11
1.950799926757812500e+03 2.188451693590418763e-11
1.952099853515625000e+03 2.180615040432882776e-11
1.953399902343750000e+03 2.172818728148808178e-11
1.954699829101562500e+03 2.165062932133296115e-11
1.955999877929687500e+03 2.157346775410836990e-11
1.957300048828125000e+03 2.149669731796124789e-11
1.958600097656250000e+03 2.142033029054873655e-11
1.959900024414062500e+03 2.134435965606675137e-11
1.961200073242187500e+03 2.126877489080917850e-11
1.962500000000000000e+03 2.119358125662907164e-11
1.963800048828125000e+03 2.111876998377133161e-11
1.965100097656250000e+03 2.104434282618698276e-11
1.966400024414062500e+03 2.097029452202296172e-11
1.967700073242187500e+03 2.089662156337722945e-11
1.969000000000000000e+03 2.082332570420080708e-11
1.970300048828125000e+03 2.075040168264063124e-11
1.971599975585937500e+03 2.067784423684364500e-11
1.972900024414062500e+03 2.060565336680984512e-11
1.974199951171875000e+03 2.053382907253923485e-11
1.975500000000000000e+03 2.046236784612977191e-11
1.976800048828125000e+03 2.039126267177737504e-11
1.978099975585937500e+03 2.032051881133510761e-11
1.979400024414062500e+03 2.025012924899889158e-11
1.980699951171875000e+03 2.018008696896464243e-11
1.982000000000000000e+03 2.011040074098745610e-11
1.983299926757812500e+03 2.004106004136122200e-11
1.984599975585937500e+03 1.997206487008593365e-11
1.985899902343750000e+03 1.990341171925955526e-11
1.987199951171875000e+03 1.983510058888208037e-11
1.988500000000000000e+03 1.976713147895351867e-11
1.989799926757812500e+03 1.969949386576774017e-11
1.991099975585937500e+03 1.963219476512882936e-11
1.992399902343750000e+03 1.956522891518372934e-11
1.993699951171875000e+03 1.949858579222631657e-11
1.994999877929687500e+03 1.943227416601168698e-11
1.996299926757812500e+03 1.936629228258882915e-11
1.997599853515625000e+03 1.930063137220263744e-11
1.998899902343750000e+03 1.923529318880412975e-11
