5.000000000000000000e+02 2.358258233822549153e-11
5.012999877929687500e+02 2.369686140266538966e-11
5.025999755859375000e+02 2.381173080234991714e-11
5.038999938964843750e+02 2.392719756507960704e-11
5.051999816894531250e+02 2.404326871865498920e-11
5.064999694824218750e+02 2.415994426307606686e-11
5.078000183105468750e+02 2.427723474004363799e-11
5.091000061035156250e+02 2.439513839260756368e-11
5.103999938964843750e+02 2.451366049161824778e-11
5.117000122070312500e+02 2.463281333572661750e-11
5.130000000000000000e+02 2.475259165408227869e-11
5.142999877929687500e+02 2.487300598838602288e-11
5.155999755859375000e+02 2.499405985253811500e-11
5.168999633789062500e+02 2.511576027433909134e-11
5.181999511718750000e+02 2.523811428158948174e-11
5.195000000000000000e+02 2.536112363123941867e-11
5.207999877929687500e+02 2.548479710803956442e-11
5.221000366210937500e+02 2.560913998284031961e-11
5.234000244140625000e+02 2.573415049869155178e-11
5.247000122070312500e+02 2.585983568339379076e-11
5.260000000000000000e+02 2.598620607864783132e-11
5.272999877929687500e+02 2.611326695530407729e-11
5.285999755859375000e+02 2.624102007031265791e-11
5.298999633789062500e+02 2.636947596537437440e-11
5.311999511718750000e+02 2.649863815438948199e-11
5.324999389648437500e+02 2.662850839430812606e-11
5.337999877929687500e+02 2.675910249768149552e-11
5.351000366210937500e+02 2.689041695060932545e-11
5.364000244140625000e+02 2.702246053784228461e-11
5.377000122070312500e+02 2.715523501633049900e-11
5.390000000000000000e+02 2.728875268472489584e-11
5.402999877929687500e+02 2.742301705692575620e-11
5.415999755859375000e+02 2.755803867463386193e-11
5.428999633789062500e+02 2.769381753784921302e-11
5.441999511718750000e+02 2.783036418827261715e-11
5.455000000000000000e+02 2.796768565370460094e-11
5.467999877929687500e+02 2.810578369109529361e-11
5.481000366210937500e+02 2.824466357129509901e-11
5.494000244140625000e+02 2.838433759295493789e-11
5.507000122070312500e+02 2.852481102692522379e-11
5.520000000000000000e+02 2.866609090100647039e-11
5.532999877929687500e+02 2.880817897214882632e-11
5.545999755859375000e+02 2.895108929595334478e-11
5.558999633789062500e+02 2.909482011546989978e-11
5.571999511718750000e+02 2.923939075714994192e-11
5.585000000000000000e+02 2.938480122099348089e-11
5.597999877929687500e+02 2.953105677785091084e-11
5.610999755859375000e+02 2.967816269857263238e-11
5.624000244140625000e+02 2.982613303875970519e-11
5.637000122070312500e+02 2.997497834011293049e-11
5.650000000000000000e+02 3.012468806093150707e-11
5.662999877929687500e+02 3.027528679851729582e-11
5.675999755859375000e+02 3.042677806677056813e-11
5.688999633789062500e+02 3.057916186569131106e-11
5.701999511718750000e+02 3.073245576478086862e-11
5.715000000000000000e+02 3.088667030574002263e-11
5.727999877929687500e+02 3.104180197466851463e-11
5.740999755859375000e+02 3.119786482716741724e-11
5.754000244140625000e+02 3.135485886323671106e-11
5.767000122070312500e+02 3.151280868017826346e-11
5.780000000000000000e+02 3.167170373629128614e-11
5.792999877929687500e+02 3.183157214277789846e-11
5.805999755859375000e+02 3.199240687183756412e-11
5.818999633789062500e+02 3.215421846517108434e-11
5.831999511718750000e+02 3.231702449227979019e-11
5.845000000000000000e+02 3.248082846706394012e-11
5.857999877929687500e+02 3.264563741732407043e-11
5.870999755859375000e+02 3.281145837086071742e-11
5.884000244140625000e+02 3.297829835547439802e-11
5.897000122070312500e+02 3.314617494066645621e-11
5.910000000000000000e+02 3.331509515423740890e-11
5.922999877929687500e+02 3.348506602398779886e-11
5.935999755859375000e+02 3.365609457771815593e-11
5.948999633789062500e+02 3.382819838492980470e-11
5.962000122070312500e+02 3.400138095952301011e-11
5.975000000000000000e+02 3.417564932929830845e-11
5.987999877929687500e+02 3.435101403595648801e-11
6.000999755859375000e+02 3.452749264899889279e-11
6.014000244140625000e+02 3.470508516842550341e-11
6.027000122070312500e+02 3.488380564983739891e-11
6.040000000000000000e+02 3.506367166273589099e-11
6.052999877929687500e+02 3.524467969322073411e-11
6.065999755859375000e+02 3.542686136639430609e-11
6.078999633789062500e+02 3.561019911275527585e-11
6.092000122070312500e+02 3.579473158520657692e-11
6.105000000000000000e+02 3.598044121424687177e-11
6.117999877929687500e+02 3.616735962497855760e-11
6.130999755859375000e+02 3.635549735910242271e-11
6.144000244140625000e+02 3.654485090271821510e-11
6.157000122070312500e+02 3.673544485312778275e-11
6.170000000000000000e+02 3.692728272423139058e-11
6.182999877929687500e+02 3.712037857163011121e-11
6.195999755859375000e+02 3.731475347872553413e-11
6.208999633789062500e+02 3.751040744551765290e-11
6.222000122070312500e+02 3.770735452760754659e-11
6.235000000000000000e+02 3.790561580839679178e-11
6.247999877929687500e+02 3.810518426008485863e-11
6.260999755859375000e+02 3.830609150777414436e-11
6.273999633789062500e+02 3.850833403756438404e-11
6.287000122070312500e+02 3.871193996065770996e-11
6.300000000000000000e+02 3.891691630485463256e-11
6.312999877929687500e+02 3.912327361185596601e-11
6.325999755859375000e+02 3.933101539556196228e-11
6.338999633789062500e+02 3.954017679497530290e-11
6.352000122070312500e+02 3.975076483789649185e-11
6.365000000000000000e+02 3.996278655212607191e-11
6.377999877929687500e+02 4.017624193766404306e-11
6.390999755859375000e+02 4.039117316131359727e-11
6.403999633789062500e+02 4.060757670917445671e-11
6.417000122070312500e+02 4.082547366464823027e-11
6.430000000000000000e+02 4.104487105553543487e-11
6.442999877929687500e+02 4.126579699303820927e-11
6.455999755859375000e+02 4.148825147715654053e-11
6.469000244140625000e+02 4.171226613299283232e-11
6.482000122070312500e+02 4.193783393274654187e-11
6.495000000000000000e+02 4.216497947371954302e-11
6.507999877929687500e+02 4.239372735321367729e-11
6.520999755859375000e+02 4.262408459902948742e-11
6.533999633789062500e+02 4.285606175286776819e-11
6.547000122070312500e+02 4.308969395373117526e-11
6.560000000000000000e+02 4.332497768771945016e-11
6.572999877929687500e+02 4.356193403823418243e-11
6.585999755859375000e+02 4.380059111647748495e-11
6.599000244140625000e+02 4.404096297805043680e-11
6.612000122070312500e+02 4.428304610905276659e-11
6.625000000000000000e+02 4.452688619018793121e-11
6.637999877929687500e+02 4.477247267975512297e-11
6.650999755859375000e+02 4.501984071675700400e-11
6.663999633789062500e+02 4.526900435679465336e-11
6.677000122070312500e+02 4.551999171107016456e-11
6.690000000000000000e+02 4.577280277958356993e-11
6.702999877929687500e+02 4.602746567353696942e-11
6.715999755859375000e+02 4.628400147633197841e-11
6.729000244140625000e+02 4.654242775746990212e-11
6.742000122070312500e+02 4.680276208645208453e-11
6.755000000000000000e+02 4.706501149107905547e-11
6.767999877929687500e+02 4.732922165205425892e-11
6.780999755859375000e+02 4.759539256937771425e-11
6.793999633789062500e+02 4.786355938205205775e-11
6.806999511718750000e+02 4.813372911787783217e-11
6.820000000000000000e+02 4.840592286025663350e-11
6.832999877929687500e+02 4.868017574819111095e-11
6.845999755859375000e+02 4.895649129558152942e-11
6.859000244140625000e+02 4.923491518313134581e-11
6.872000122070312500e+02 4.951544038304003027e-11
6.885000000000000000e+02 4.979810203431023201e-11
6.897999877929687500e+02 5.008293176204435469e-11
6.910999755859375000e+02 5.036992956624238539e-11
6.923999633789062500e+02 5.065913761370752254e-11
6.936999511718750000e+02 5.095058401564189195e-11
6.950000000000000000e+02 5.124426877204548717e-11
6.962999877929687500e+02 5.154023756362175215e-11
6.976000366210937500e+02 5.183851850157283857e-11
6.989000244140625000e+02 5.213911158589872058e-11
7.002000122070312500e+02 5.244205195560207322e-11
7.015000000000000000e+02 5.274737474968553279e-11
7.027999877929687500e+02 5.305508699594966141e-11
7.040999755859375000e+02 5.336523788899814859e-11
7.053999633789062500e+02 5.367783797053180202e-11
7.066999511718750000e+02 5.399290832395221767e-11
7.080000000000000000e+02 5.431049814386311736e-11
7.092999877929687500e+02 5.463061445806502445e-11
7.106000366210937500e+02 5.495330997506193860e-11
7.119000244140625000e+02 5.527857766705331058e-11
7.132000122070312500e+02 5.560647024254313357e-11
7.145000000000000000e+02 5.593700527103273219e-11
7.157999877929687500e+02 5.627022140542503993e-11
7.170999755859375000e+02 5.660612918742083217e-11
7.183999633789062500e+02 5.694479186722491625e-11
7.196999511718750000e+02 5.728621647263780261e-11
7.210000000000000000e+02 5.763043111486163647e-11
7.222999877929687500e+02 5.797748498850011377e-11
7.236000366210937500e+02 5.832740620475538620e-11
7.249000244140625000e+02 5.868020881922848759e-11
7.262000122070312500e+02 5.903594202652316558e-11
7.275000000000000000e+02 5.939462691004098385e-11
7.287999877929687500e+02 5.975631266438569006e-11
7.300999755859375000e+02 6.012102740075940356e-11
7.313999633789062500e+02 6.048879220256370095e-11
7.326999511718750000e+02 6.085965626440231696e-11
7.340000000000000000e+02 6.123364769747737094e-11
7.352999877929687500e+02 6.161083677979418716e-11
7.366000366210937500e+02 6.199120945575169300e-11
7.379000244140625000e+02 6.237482897555466995e-11
7.392000122070312500e+02 6.276173047820576720e-11
7.405000000000000000e+02 6.315194207490712998e-11
7.417999877929687500e+02 6.354550593246192439e-11
7.430999755859375000e+02 6.394248530107494485e-11
7.443999633789062500e+02 6.434287315294566151e-11
7.456999511718750000e+02 6.474676084948098814e-11
7.469999389648437500e+02 6.515416947408250135e-11
7.482999877929687500e+02 6.556514822135392292e-11
7.496000366210937500e+02 6.597970411909579564e-11
7.509000244140625000e+02 6.639791447311396066e-11
7.522000122070312500e+02 6.681982145021160995e-11
7.535000000000000000e+02 6.724543910598977735e-11
7.547999877929687500e+02 6.767485177405487262e-11
7.560999755859375000e+02 6.810808053780847236e-11
7.573999633789062500e+02 6.854518161965485408e-11
7.586999511718750000e+02 6.898619718639715803e-11
7.599999389648437500e+02 6.943118346043967464e-11
7.612999877929687500e+02 6.988020369198717246e-11
7.626000366210937500e+02 7.033325788103965149e-11
7.639000244140625000e+02 7.079043036120348275e-11
7.652000122070312500e+02 7.125176329928185819e-11
7.665000000000000000e+02 7.171731994547957223e-11
7.677999877929687500e+02 7.218713543879926114e-11
7.690999755859375000e+02 7.266127302944570640e-11
7.703999633789062500e+02 7.313978191202266860e-11
7.716999511718750000e+02 7.362273236453540736e-11
7.729999389648437500e+02 7.411015249818606789e-11
7.742999877929687500e+02 7.460214070218208087e-11
7.755999755859375000e+02 7.509871103212453184e-11
7.769000244140625000e+02 7.559994079381926196e-11
7.782000122070312500e+02 7.610587918186995427e-11
7.795000000000000000e+02 7.661658944648144194e-11
7.807999877929687500e+02 7.713213483785846768e-11
7.820999755859375000e+02 7.765258563400636868e-11
7.833999633789062500e+02 7.817801211293043040e-11
7.846999511718750000e+02 7.870844941363335375e-11
7.860000000000000000e+02 7.924400295312306047e-11
7.872999877929687500e+02 7.978470787040223855e-11
7.885999755859375000e+02 8.033061336007459686e-11
7.899000244140625000e+02 8.088182483914810885e-11
7.912000122070312500e+02 8.143840555782755600e-11
7.925000000000000000e+02 8.200041173851718997e-11
7.937999877929687500e+02 8.256792771482336883e-11
7.950999755859375000e+02 8.314103079255195960e-11
7.963999633789062500e+02 8.371978422190774376e-11
7.976999511718750000e+02 8.430425828089601971e-11
7.990000000000000000e+02 8.489457244212583351e-11
8.002999877929687500e+02 8.549073373339770207e-11
8.015999755859375000e+02 8.609287568292174406e-11
8.029000244140625000e+02 8.670104045750111265e-11
8.042000122070312500e+02 8.731534752974487977e-11
8.055000000000000000e+02 8.793586014985778811e-11
8.067999877929687500e+02 8.856266967924677730e-11
8.080999755859375000e+02 8.919586045151820542e-11
8.093999633789062500e+02 8.983552382807898623e-11
8.106999511718750000e+02 9.048172305913390123e-11
8.120000000000000000e+02 9.113461978409517551e-11
8.132999877929687500e+02 9.179422103076332598e-11
8.145999755859375000e+02 9.246066032734847131e-11
8.159000244140625000e+02 9.313402903525748648e-11
8.172000122070312500e+02 9.381443257149837081e-11
8.185000000000000000e+02 9.450196229747801220e-11
8.197999877929687500e+02 9.519670957460333735e-11
8.210999755859375000e+02 9.589879387548335355e-11
8.223999633789062500e+02 9.660832764492658994e-11
8.236999511718750000e+02 9.732539521653939166e-11
8.250000000000000000e+02 9.805013011853187739e-11
8.262999877929687500e+02 9.878260262890935843e-11
8.275999755859375000e+02 9.952295330368245746e-11
8.288999633789062500e+02 1.002712945876596648e-10
8.302000122070312500e+02 1.010277248700484241e-10
8.315000000000000000e+02 1.017923847068593839e-10
8.327999877929687500e+02 1.025653865429010216e-10
8.340999755859375000e+02 1.033468568785829001e-10
8.353999633789062500e+02 1.041368941031124631e-10
8.367000122070312500e+02 1.049357160783062002e-10
8.380000000000000000e+02 1.057433298319646154e-10
8.392999877929687500e+02 1.065599532259041985e-10
8.405999755859375000e+02 1.073856635659307646e-10
8.418999633789062500e+02 1.082206154636560479e-10
8.432000122070312500e+02 1.090649705584922476e-10
8.445000000000000000e+02 1.099188764342505032e-10
8.457999877929687500e+02 1.107824525635398737e-10
8.470999755859375000e+02 1.116558535579720415e-10
8.483999633789062500e+02 1.125392340291586760e-10
8.497000122070312500e+02 1.134327485887114982e-10
8.510000000000000000e+02 1.143365659038432373e-10
8.522999877929687500e+02 1.152508124749634691e-10
8.535999755859375000e+02 1.161756639970854784e-10
8.548999633789062500e+02 1.171112891374220073e-10
8.562000122070312500e+02 1.180578706187868574e-10
8.575000610351562500e+02 1.190155911639938692e-10
8.588000488281250000e+02 1.199845702456520888e-10
8.601000366210937500e+02 1.209650468089795306e-10
8.614000244140625000e+02 1.219571614099868433e-10
8.627000122070312500e+02 1.229611248826899736e-10
8.640000000000000000e+02 1.239771199499027492e-10
8.652999877929687500e+02 1.250053433900400314e-10
8.665999755859375000e+02 1.260459919815167075e-10
8.678999633789062500e+02 1.270992765583486984e-10
8.692000122070312500e+02 1.281653938989508915e-10
8.705000000000000000e+02 1.292445407817381480e-10
8.717999877929687500e+02 1.303369702075296198e-10
8.730999755859375000e+02 1.314428508435380489e-10
8.743999633789062500e+02 1.325624778573857660e-10
8.756999511718750000e+02 1.336960058606844278e-10
8.769999389648437500e+02 1.348437159654553311e-10
8.782999267578125000e+02 1.360058190057143454e-10
8.795999145507812500e+02 1.371825539266796403e-10
8.809000244140625000e+02 1.383743002295798013e-10
8.822000122070312500e+02 1.395811422480212899e-10
8.835000000000000000e+02 1.408033610940252738e-10
8.848000488281250000e+02 1.420412378796130759e-10
8.861000366210937500e+02 1.432950818280080609e-10
8.874000244140625000e+02 1.445651318844282949e-10
8.887000122070312500e+02 1.458517113276981766e-10
8.900000000000000000e+02 1.471550591030358238e-10
8.912999877929687500e+02 1.484755125448667207e-10
8.925999755859375000e+02 1.498133387096110010e-10
8.938999633789062500e+02 1.511688749316942781e-10
8.951999511718750000e+02 1.525424444899409504e-10
8.965000000000000000e+02 1.539342863295690326e-10
8.977999877929687500e+02 1.553448361742115298e-10
8.990999755859375000e+02 1.567743610802885759e-10
9.003999633789062500e+02 1.582232686602310826e-10
9.016999511718750000e+02 1.596918540816612514e-10
9.029999389648437500e+02 1.611804968458078231e-10
9.042999267578125000e+02 1.626895905095005720e-10
9.055999145507812500e+02 1.642194442959628627e-10
9.069000244140625000e+02 1.657706485404393054e-10
9.082000122070312500e+02 1.673432875765363096e-10
9.095000000000000000e+02 1.689379236282963402e-10
9.108000488281250000e+02 1.705549643081502830e-10
9.121000366210937500e+02 1.721948312841299285e-10
9.134000244140625000e+02 1.738579602798682817e-10
9.147000122070312500e+02 1.755448151302004155e-10
9.160000000000000000e+02 1.772558034475570865e-10
9.172999877929687500e+02 1.789914171779755386e-10
9.185999755859375000e+02 1.807521061006897849e-10
9.198999633789062500e+02 1.825384324397422903e-10
9.211999511718750000e+02 1.843507897519628032e-10
9.225000000000000000e+02 1.861897824281970709e-10
9.237999877929687500e+02 1.880559024144822340e-10
9.250999755859375000e+02 1.899496697680576555e-10
9.263999633789062500e+02 1.918716607685668859e-10
9.276999511718750000e+02 1.938224516956534754e-10
9.289999389648437500e+02 1.958025907177589066e-10
9.302999267578125000e+02 1.978126822257288233e-10
9.316000366210937500e+02 1.998534711664196213e-10
9.329000244140625000e+02 2.019253510966609456e-10
9.342000122070312500e+02 2.040289966853038937e-10
9.355000000000000000e+02 2.061651809904068770e-10
9.367999877929687500e+02 2.083345084028156171e-10
9.381000366210937500e+02 2.105376957581842351e-10
9.394000244140625000e+02 2.127754317809649138e-10
9.407000122070312500e+02 2.150484895292160131e-10
9.420000000000000000e+02 2.173575858385917320e-10
9.432999877929687500e+02 2.197034656559484401e-10
9.445999755859375000e+02 2.220870144841530525e-10
9.458999633789062500e+02 2.245089491588597680e-10
9.471999511718750000e+02 2.269701130161323223e-10
9.484999389648437500e+02 2.294714056144387937e-10
9.497999877929687500e+02 2.320136562342417806e-10
9.510999755859375000e+02 2.345977925452115064e-10
9.523999633789062500e+02 2.372247562726191505e-10
9.536999511718750000e+02 2.398954891417358409e-10
9.549999389648437500e+02 2.426109750446360652e-10
9.562999267578125000e+02 2.453721978733941561e-10
9.576000366210937500e+02 2.481804226321057435e-10
9.589000244140625000e+02 2.510363521008239146e-10
9.602000122070312500e+02 2.539411950612402156e-10
9.615000000000000000e+02 2.568961321838437630e-10
9.627999877929687500e+02 2.599023441391238801e-10
9.641000366210937500e+02 2.629609553751655481e-10
9.654000244140625000e+02 2.660732590072665678e-10
9.667000122070312500e+02 2.692405481507246882e-10
9.680000000000000000e+02 2.724640596984333679e-10
9.692999877929687500e+02 2.757451710992968693e-10
9.705999755859375000e+02 2.790852316910170767e-10
9.718999633789062500e+02 2.824857313673067297e-10
9.731999511718750000e+02 2.859481037994741743e-10
9.744999389648437500e+02 2.894738669924341661e-10
9.757999877929687500e+02 2.930645670623036317e-10
9.770999755859375000e+02 2.967218906812100431e-10
9.783999633789062500e+02 3.004473558540681557e-10
9.796999511718750000e+02 3.042428179202183645e-10
9.809999389648437500e+02 3.081100197741923281e-10
9.823000488281250000e+02 3.120510135337451736e-10
9.836000366210937500e+02 3.160670642029726339e-10
9.849000244140625000e+02 3.201605893452574394e-10
9.862000122070312500e+02 3.243333880775355910e-10
9.875000000000000000e+02 3.285876530735728641e-10
9.887999877929687500e+02 3.329254926735286243e-10
9.900999755859375000e+02 3.373490714399666309e-10
9.914000244140625000e+02 3.418607226026631529e-10
9.927000122070312500e+02 3.464628356137990079e-10
9.940000000000000000e+02 3.511578280367567710e-10
9.952999877929687500e+02 3.559482579909300278e-10
9.965999755859375000e+02 3.608365711509035763e-10
9.978999633789062500e+02 3.658256348592941599e-10
9.991999511718750000e+02 3.709182040139101479e-10
1.000499938964843750e+03 3.761172021797725741e-10
1.001799987792968750e+03 3.814255529219023692e-10
1.003099975585937500e+03 3.868464046949377285e-10
1.004399963378906250e+03 3.923829621759207244e-10
1.005699951171875000e+03 3.980385424867023720e-10
1.006999938964843750e+03 4.038165470827396825e-10
1.008300048828125000e+03 4.097211645331493195e-10
1.009600036621093750e+03 4.157550654021332427e-10
1.010900024414062500e+03 4.219225507036166963e-10
1.012200012207031250e+03 4.282276403395034727e-10
1.013500000000000000e+03 4.346744104341017580e-10
1.014799987792968750e+03 4.412672463349431547e-10
1.016099975585937500e+03 4.480105333895592134e-10
1.017400024414062500e+03 4.549090223911090367e-10
1.018700012207031250e+03 4.619674079103476434e-10
1.020000000000000000e+03 4.691906937412532101e-10
1.021299987792968750e+03 4.765841647898253657e-10
1.022599975585937500e+03 4.841531059620637907e-10
1.023899963378906250e+03 4.919032519432018684e-10
1.025199951171875000e+03 4.998403374184731892e-10
1.026500000000000000e+03 5.079706592971539372e-10
1.027799926757812500e+03 5.163003458213072704e-10
1.029099975585937500e+03 5.248360312346348054e-10
1.030399902343750000e+03 5.335848557824765139e-10
1.031699951171875000e+03 5.425536223757465220e-10
1.033000000000000000e+03 5.517507081526783635e-10
1.034300048828125000e+03 5.611824662449520477e-10
1.035599975585937500e+03 5.708577797924395673e-10
1.036900024414062500e+03 5.807849697109697004e-10
1.038200073242187500e+03 5.909732002524355298e-10
1.039500000000000000e+03 6.014315232239211439e-10
1.040800048828125000e+03 6.121696651013621159e-10
1.042099975585937500e+03 6.231978021399278256e-10
1.043400024414062500e+03 6.345263917068087430e-10
1.044699951171875000e+03 6.461666782828549903e-10
1.046000000000000000e+03 6.581302436833422254e-10
1.047299926757812500e+03 6.704290070579717453e-10
1.048599975585937500e+03 6.830757871149123565e-10
1.049900024414062500e+03 6.960840210087802150e-10
1.051199951171875000e+03 7.094677081182336574e-10
1.052500000000000000e+03 7.232412413787607945e-10
1.053799926757812500e+03 7.374203068411476415e-10
1.055099975585937500e+03 7.520208716682013037e-10
1.056399902343750000e+03 7.670599150260054935e-10
1.057699951171875000e+03 7.825554843063245624e-10
1.059000000000000000e+03 7.985273135730505407e-10
1.060300048828125000e+03 8.149930004387138701e-10
1.061599975585937500e+03 8.319743029737595883e-10
1.062900024414062500e+03 8.494932603606539265e-10
1.064199951171875000e+03 8.675728675627352776e-10
1.065500000000000000e+03 8.862373564362358035e-10
1.066800048828125000e+03 9.055127017319191695e-10
1.068099975585937500e+03 9.254257215366128288e-10
1.069400024414062500e+03 9.460053703885060295e-10
1.070699951171875000e+03 9.672817272738728978e-10
1.072000000000000000e+03 9.892869514079445990e-10
1.073299926757812500e+03 1.012054776233271603e-09
1.074599975585937500e+03 1.035621521422999775e-09
1.075900024414062500e+03 1.060024855987976916e-09
1.077199951171875000e+03 1.085305597393689022e-09
1.078500000000000000e+03 1.111506362222558349e-09
1.079799926757812500e+03 1.138673027956453204e-09
1.081099975585937500e+03 1.166853496083794905e-09
1.082399902343750000e+03 1.196099940995728151e-09
1.083700073242187500e+03 1.226469372210162998e-09
1.085000000000000000e+03 1.258015875679988882e-09
1.086300048828125000e+03 1.290803994725284882e-09
1.087599975585937500e+03 1.324900521562301488e-09
1.088900024414062500e+03 1.360376633754819188e-09
1.090199951171875000e+03 1.397308681327810709e-09
1.091500000000000000e+03 1.435778299212248042e-09
1.092800048828125000e+03 1.475873194358761997e-09
1.094099975585937500e+03 1.517687033292833926e-09
1.095400024414062500e+03 1.561320903897306971e-09
1.096699951171875000e+03 1.606882865633150284e-09
1.098000000000000000e+03 1.654490535770056084e-09
1.099299926757812500e+03 1.704269065379886647e-09
1.100599975585937500e+03 1.756354850015353645e-09
1.101899902343750000e+03 1.810894292817125933e-09
1.103199951171875000e+03 1.868046615634040859e-09
1.104500000000000000e+03 1.927983859023105513e-09
1.105799926757812500e+03 1.990893356035282806e-09
1.107099975585937500e+03 2.056977619770683831e-09
1.108399902343750000e+03 2.126457716722821558e-09
1.109700073242187500e+03 2.199580800580781514e-09
1.111000000000000000e+03 2.276598073046756068e-09
1.112300048828125000e+03 2.357803015070932966e-09
1.113599975585937500e+03 2.443511371675583862e-09
1.114900024414062500e+03 2.534068798202041201e-09
1.116199951171875000e+03 2.629857831888826300e-09
1.117500000000000000e+03 2.731297442092414611e-09
1.118800048828125000e+03 2.838852700540767264e-09
1.120099975585937500e+03 2.953037255119117982e-09
1.121400024414062500e+03 3.074423000123503797e-09
1.122699951171875000e+03 3.203645023832339710e-09
1.124000000000000000e+03 3.341413977435353281e-09
1.125299926757812500e+03 3.488523721280563158e-09
1.126599975585937500e+03 3.645868191595553591e-09
1.127899902343750000e+03 3.814452195189092405e-09
1.129199951171875000e+03 3.995414573081679413e-09
1.130500000000000000e+03 4.190047091233376838e-09
1.131799926757812500e+03 4.399820977518614534e-09
1.133099975585937500e+03 4.626423803623378446e-09
1.134400024414062500e+03 4.871817056787165121e-09
1.135700073242187500e+03 5.138205105035830355e-09
1.137000000000000000e+03 5.428218707109069871e-09
1.138300048828125000e+03 5.744915012460416008e-09
1.139599975585937500e+03 6.091902599884287799e-09
1.140900024414062500e+03 6.473460669013009318e-09
1.142199951171875000e+03 6.894725248919681407e-09
1.143500000000000000e+03 7.361908240605144536e-09
1.144800048828125000e+03 7.882600568201700156e-09
1.146099975585937500e+03 8.466189124323031077e-09
1.147400024414062500e+03 9.124419443885940869e-09
1.148699951171875000e+03 9.872136040729524011e-09
1.150000000000000000e+03 1.072826382590376958e-08
1.151299926757812500e+03 1.171687858224649480e-08
1.152599975585937500e+03 1.286799857583518171e-08
1.153899902343750000e+03 1.421685411451096545e-08
1.155199951171875000e+03 1.580022094756302267e-08
1.156500000000000000e+03 1.765210058596518401e-08
1.157799926757812500e+03 1.980972035735756581e-08
1.159099975585937500e+03 2.233041631937417216e-08
1.160400024414062500e+03 2.529009681377954313e-08
1.161700073242187500e+03 2.876911759940405160e-08
1.163000000000000000e+03 3.284818346376366051e-08
1.164300048828125000e+03 3.760924778152793102e-08
1.165599975585937500e+03 4.313286421439019598e-08
1.166900024414062500e+03 4.949399117037278948e-08
1.168199951171875000e+03 5.675606551263974477e-08
1.169500000000000000e+03 6.496405436988992695e-08
1.170800048828125000e+03 7.413594531324969338e-08
1.172099975585937500e+03 8.425433728371381752e-08
1.173400024414062500e+03 9.525953558134519606e-08
1.174699951171875000e+03 1.070436723511278371e-07
1.176000000000000000e+03 1.194449709981748781e-07
1.177299926757812500e+03 1.322454864968569207e-07
1.178599975585937500e+03 1.451751785915451375e-07
1.179899902343750000e+03 1.579222819066305988e-07
1.181199951171875000e+03 1.701457414427860039e-07
1.182500000000000000e+03 1.814888570798083199e-07
1.183799926757812500e+03 1.915972603530436850e-07
1.185099975585937500e+03 2.001395251370062706e-07
1.186400024414062500e+03 2.068203371813501775e-07
1.187700073242187500e+03 2.113990897835198538e-07
1.189000000000000000e+03 2.137004050245920940e-07
1.190300048828125000e+03 2.136309735037972475e-07
1.191599975585937500e+03 2.111919466559743085e-07
1.192900024414062500e+03 2.064769505264737325e-07
1.194199951171875000e+03 1.996604274934120075e-07
1.195500000000000000e+03 1.909860211687326528e-07
1.196799926757812500e+03 1.807553355155899117e-07
1.198099975585937500e+03 1.693121170122474895e-07
1.199400024414062500e+03 1.570216583613947248e-07
1.200699951171875000e+03 1.442467047161396682e-07
1.202000000000000000e+03 1.313256771686153155e-07
1.203299926757812500e+03 1.185591865694272917e-07
1.204599975585937500e+03 1.062041971923133937e-07
1.205899902343750000e+03 9.447029896385215189e-08
1.207199951171875000e+03 8.351712393154271035e-08
1.208499877929687500e+03 7.345413756624023930e-08
1.209800048828125000e+03 6.434153112415621080e-08
1.211099975585937500e+03 5.619656173494090760e-08
1.212400024414062500e+03 4.899725138610393085e-08
1.213700073242187500e+03 4.269604941702628189e-08
1.215000000000000000e+03 3.722837112793873168e-08
1.216300048828125000e+03 3.251900983268178163e-08
1.217599975585937500e+03 2.848691531328777316e-08
1.218900024414062500e+03 2.504960165647407023e-08
1.220199951171875000e+03 2.212688941687002899e-08
1.221500000000000000e+03 1.964031910489584049e-08
1.222799926757812500e+03 1.751375928828689578e-08
1.224099975585937500e+03 1.568765919646095918e-08
1.225400024414062500e+03 1.412362567400337043e-08
1.226699951171875000e+03 1.278898405868060734e-08
1.228000000000000000e+03 1.164871184065765069e-08
1.229299926757812500e+03 1.066874364030943813e-08
1.230599975585937500e+03 9.819726864824806410e-09
1.231899902343750000e+03 9.077963545922511857e-09
1.233199951171875000e+03 8.424782448040543435e-09
1.234499877929687500e+03 7.845509973448723805e-09
1.235800048828125000e+03 7.328497289765559849e-09
1.237099975585937500e+03 6.864542813421784249e-09
1.238400024414062500e+03 6.446092052403046379e-09
1.239700073242187500e+03 6.066999223255905394e-09
1.241000000000000000e+03 5.722185868649213308e-09
1.242300048828125000e+03 5.407410570406302741e-09
1.243599975585937500e+03 5.119103880526110599e-09
1.244900024414062500e+03 4.854237885205317775e-09
1.246199951171875000e+03 4.610227703186097270e-09
1.247500000000000000e+03 4.384848276597825993e-09
1.248799926757812500e+03 4.176175899656666571e-09
1.250099975585937500e+03 3.982540542066758021e-09
1.251400024414062500e+03 3.802482220434520715e-09
1.252699951171875000e+03 3.634719063943040927e-09
1.254000000000000000e+03 3.478123476052667826e-09
1.255299926757812500e+03 3.331697621532762500e-09
1.256599975585937500e+03 3.194555210402717991e-09
1.257899902343750000e+03 3.065908004554940764e-09
1.259199951171875000e+03 2.945051199929744500e-09
1.260500000000000000e+03 2.831344985566758144e-09
1.261800048828125000e+03 2.724239956131644289e-09
1.263099975585937500e+03 2.623216616609127144e-09
1.264400024414062500e+03 2.527813718394735468e-09
1.265699951171875000e+03 2.437613416580077754e-09
1.267000000000000000e+03 2.352237896608590806e-09
1.268300048828125000e+03 2.271342852476643083e-09
1.269599975585937500e+03 2.194614113389282853e-09
1.270900024414062500e+03 2.121766294422533574e-09
1.272199951171875000e+03 2.052537848951821713e-09
1.273500000000000000e+03 1.986689269535039448e-09
1.274799926757812500e+03 1.924000614126758170e-09
1.276099975585937500e+03 1.864270381630144119e-09
1.277400024414062500e+03 1.807312588331936523e-09
1.278699951171875000e+03 1.752956093233595909e-09
1.280000000000000000e+03 1.701042911379177972e-09
1.281299926757812500e+03 1.651426976962440323e-09
1.282599975585937500e+03 1.603972793989138696e-09
1.283899902343750000e+03 1.558555548721836455e-09
1.285199951171875000e+03 1.515058635894118091e-09
1.286500000000000000e+03 1.473371297369609959e-09
1.287800048828125000e+03 1.433399641733213336e-09
1.289099975585937500e+03 1.395046404225574762e-09
1.290400024414062500e+03 1.358225002344148411e-09
1.291699951171875000e+03 1.322854026047579038e-09
1.293000000000000000e+03 1.288857350200511699e-09
1.294300048828125000e+03 1.256164359463207673e-09
1.295599975585937500e+03 1.224708598953842522e-09
1.296900024414062500e+03 1.194427661803697826e-09
1.298199951171875000e+03 1.165263526491587438e-09
1.299500000000000000e+03 1.137161319950962786e-09
1.300799926757812500e+03 1.110069767349146784e-09
1.302099975585937500e+03 1.083940742308101368e-09
1.303399902343750000e+03 1.058728479790766499e-09
1.304699951171875000e+03 1.034390925438762516e-09
1.306000000000000000e+03 1.010887149341794946e-09
1.307299926757812500e+03 9.881793700442075093e-10
1.308599975585937500e+03 9.662320549865138909e-10
1.309899902343750000e+03 9.450112458365468724e-10
1.311200073242187500e+03 9.244832653741599124e-10
1.312500000000000000e+03 9.046214079573341386e-10
1.313800048828125000e+03 8.853955945997956318e-10
1.315099975585937500e+03 8.667784449906741380e-10
1.316400024414062500e+03 8.487445466032485859e-10
1.317699951171875000e+03 8.312698362484994264e-10
1.319000000000000000e+03 8.143308691838544603e-10
1.320300048828125000e+03 7.979062246732939787e-10
1.321599975585937500e+03 7.819750442048411772e-10
1.322900024414062500e+03 7.665177061594126065e-10
1.324199951171875000e+03 7.515153760315840559e-10
1.325500000000000000e+03 7.369504562088253939e-10
1.326799926757812500e+03 7.228059675250527011e-10
1.328099975585937500e+03 7.090657179278418141e-10
1.329399902343750000e+03 6.957144711456410410e-10
1.330699951171875000e+03 6.827374406861321863e-10
1.332000000000000000e+03 6.701210207274867914e-10
1.333299926757812500e+03 6.578514930030678167e-10
1.334599975585937500e+03 6.459166572511524613e-10
1.335899902343750000e+03 6.343040883204017969e-10
1.337200073242187500e+03 6.230015297266888871e-10
1.338500000000000000e+03 6.119995361060998691e-10
1.339800048828125000e+03 6.012868067553801754e-10
1.341099975585937500e+03 5.908532778641690069e-10
1.342400024414062500e+03 5.806891105117225197e-10
1.343699951171875000e+03 5.707852528909562118e-10
1.345000000000000000e+03 5.611328780844030532e-10
1.346300048828125000e+03 5.517233278418083164e-10
1.347599975585937500e+03 5.425486748041724806e-10
1.348900024414062500e+03 5.336009916124964388e-10
1.350199951171875000e+03 5.248729131318232642e-10
1.351500000000000000e+03 5.163573553392174304e-10
1.352799926757812500e+03 5.080472342117432043e-10
1.354099975585937500e+03 4.999362528401247120e-10
1.355399902343750000e+03 4.920177769806603368e-10
1.356699951171875000e+03 4.842859595033079076e-10
1.358000000000000000e+03 4.767349532780255635e-10
1.359299926757812500e+03 4.693590236195795076e-10
1.360599975585937500e+03 4.621529418443745565e-10
1.361900024414062500e+03 4.551108608223686942e-10
1.363200073242187500e+03 4.482290136524770994e-10
1.364500000000000000e+03 4.415017499830724881e-10
1.365800048828125000e+03 4.349247969114318387e-10
1.367099975585937500e+03 4.284934598668003908e-10
1.368400024414062500e+03 4.222036627248697517e-10
1.369699951171875000e+03 4.160511325829169513e-10
1.371000000000000000e+03 4.100319338726446071e-10
1.372300048828125000e+03 4.041422153593613329e-10
1.373599975585937500e+03 3.983783506979930074e-10
1.374900024414062500e+03 3.927367135434655610e-10
1.376199951171875000e+03 3.872137618843111788e-10
1.377500000000000000e+03 3.818064034882960075e-10
1.378799926757812500e+03 3.765112931223672229e-10
1.380099975585937500e+03 3.713253385542909197e-10
1.381399902343750000e+03 3.662455599966419807e-10
1.382699951171875000e+03 3.612690619956013877e-10
1.384000000000000000e+03 3.563930896533608233e-10
1.385299926757812500e+03 3.516150286281227733e-10
1.386599975585937500e+03 3.469320396884724585e-10
1.387900024414062500e+03 3.423415366038144325e-10
1.389200073242187500e+03 3.378415515899998232e-10
1.390500000000000000e+03 3.334295546388375262e-10
1.391800048828125000e+03 3.291031281869445527e-10
1.393099975585937500e+03 3.248600795605552824e-10
1.394400024414062500e+03 3.206983847531166562e-10
1.395699951171875000e+03 3.166159073132670857e-10
1.397000000000000000e+03 3.126106232344536668e-10
1.398299926757812500e+03 3.086806771773360046e-10
1.399599975585937500e+03 3.048240451353611952e-10
1.400900024414062500e+03 3.010390404364016631e-10
1.402199951171875000e+03 2.973238639635213043e-10
1.403500000000000000e+03 2.936767728221884597e-10
1.404799926757812500e+03 2.900961927850841867e-10
1.406099975585937500e+03 2.865804090688786358e-10
1.407399902343750000e+03 2.831278755574550869e-10
1.408699951171875000e+03 2.797372148019092779e-10
1.409999877929687500e+03 2.764067963525180273e-10
1.411299926757812500e+03 2.731352427603771763e-10
1.412599975585937500e+03 2.699210079093697983e-10
1.413900024414062500e+03 2.667631360186236798e-10
1.415200073242187500e+03 2.636601653056282523e-10
1.416500000000000000e+03 2.606107464326815796e-10
1.417800048828125000e+03 2.576136987292942868e-10
1.419099975585937500e+03 2.546678134137750862e-10
1.420400024414062500e+03 2.517719660380389451e-10
1.421699951171875000e+03 2.489249759315965399e-10
1.423000000000000000e+03 2.461258310911714187e-10
1.424299926757812500e+03 2.433733508462743099e-10
1.425599975585937500e+03 2.406665513048308291e-10
1.426900024414062500e+03 2.380045047971708305e-10
1.428199951171875000e+03 2.353860868752093330e-10
1.429500000000000000e+03 2.328104542028824973e-10
1.430799926757812500e+03 2.302766509993181358e-10
1.432099975585937500e+03 2.277837495948460771e-10
1.433399902343750000e+03 2.253309066534026111e-10
1.434699951171875000e+03 2.229172647833228647e-10
1.435999877929687500e+03 2.205419525373409568e-10
1.437299926757812500e+03 2.182042109129995611e-10
1.438599975585937500e+03 2.159030560182242159e-10
1.439900024414062500e+03 2.136380802405841386e-10
1.441200073242187500e+03 2.114083418548081498e-10
1.442500000000000000e+03 2.092131380808430586e-10
1.443800048828125000e+03 2.070517380274336842e-10
1.445099975585937500e+03 2.049234529701279212e-10
1.446400024414062500e+03 2.028276082400747242e-10
1.447699951171875000e+03 2.007635713352263298e-10
1.449000000000000000e+03 1.987306675867317443e-10
1.450299926757812500e+03 1.967282926037451946e-10
1.451599975585937500e+03 1.947558419954210628e-10
1.452900024414062500e+03 1.928127113709136016e-10
1.454199951171875000e+03 1.908982963393771414e-10
1.455500000000000000e+03 1.890121049547744901e-10
1.456799926757812500e+03 1.871535328262599780e-10
1.458099975585937500e+03 1.853220458409931562e-10
1.459399902343750000e+03 1.835170958305326198e-10
1.460699951171875000e+03 1.817382470712454669e-10
1.461999877929687500e+03 1.799849513946901891e-10
1.463300048828125000e+03 1.782565622432179635e-10
1.464599975585937500e+03 1.765529250052170303e-10
1.465900024414062500e+03 1.748734071786396263e-10
1.467200073242187500e+03 1.732176011510549174e-10
1.468500000000000000e+03 1.715849728096225324e-10
1.469800048828125000e+03 1.699751707643158499e-10
1.471099975585937500e+03 1.683877311802998748e-10
1.472400024414062500e+03 1.668222886119469518e-10
1.473699951171875000e+03 1.652783792244220600e-10
1.475000000000000000e+03 1.637556375720974666e-10
1.476299926757812500e+03 1.622536841537445345e-10
1.477599975585937500e+03 1.607721254125335409e-10
1.478900024414062500e+03 1.593105959028367790e-10
1.480199951171875000e+03 1.578687864014309617e-10
1.481500000000000000e+03 1.564462611846831097e-10
1.482799926757812500e+03 1.550427391405719259e-10
1.484099975585937500e+03 1.536578407678687991e-10
1.485399902343750000e+03 1.522912708989513209e-10
1.486699951171875000e+03 1.509426781437930250e-10
1.488000000000000000e+03 1.496117251679683500e-10
1.489300048828125000e+03 1.482982011374613230e-10
1.490599975585937500e+03 1.470017406066443925e-10
1.491900024414062500e+03 1.457220624634962613e-10
1.493199951171875000e+03 1.444588855959956842e-10
1.494500000000000000e+03 1.432119288921214159e-10
1.495800048828125000e+03 1.419808690730490062e-10
1.497099975585937500e+03 1.407655093603635679e-10
1.498400024414062500e+03 1.395655124196396169e-10
1.499699951171875000e+03 1.383806533612601209e-10
1.501000000000000000e+03 1.372106932400070652e-10
1.502299926757812500e+03 1.360553509438591529e-10
1.503599975585937500e+03 1.349144296944015484e-10
1.504899902343750000e+03 1.337876483796129290e-10
1.506199951171875000e+03 1.326747539986742203e-10
1.507500000000000000e+03 1.315756200511758852e-10
1.508799926757812500e+03 1.304899092026923623e-10
1.510099975585937500e+03 1.294174668416119690e-10
1.511399902343750000e+03 1.283580399671156054e-10
1.512699951171875000e+03 1.273114739675915633e-10
1.514000000000000000e+03 1.262774174530132730e-10
1.515300048828125000e+03 1.252558704233807606e-10
1.516599975585937500e+03 1.242465377110716951e-10
1.517900024414062500e+03 1.232492365932722231e-10
1.519199951171875000e+03 1.222637702915675350e-10
1.520500000000000000e+03 1.212899420275427177e-10
1.521800048828125000e+03 1.203275831339850550e-10
1.523099975585937500e+03 1.193765249436817275e-10
1.524400024414062500e+03 1.184365706782178995e-10
1.525699951171875000e+03 1.175075516703808290e-10
1.527000000000000000e+03 1.165892992529577482e-10
1.528299926757812500e+03 1.156816588143369490e-10
1.529599975585937500e+03 1.147844476317046684e-10
1.530899902343750000e+03 1.138975392046512916e-10
1.532199951171875000e+03 1.130207437825625002e-10
1.533500000000000000e+03 1.121539208094276586e-10
1.534799926757812500e+03 1.112969227014356142e-10
1.536099975585937500e+03 1.104496018747752017e-10
1.537399902343750000e+03 1.096118037178347386e-10
1.538700073242187500e+03 1.087833314521993508e-10
1.540000000000000000e+03 1.079641569666668930e-10
1.541300048828125000e+03 1.071541045662241063e-10
1.542599975585937500e+03 1.063530266670598123e-10
1.543900024414062500e+03 1.055607967687644739e-10
1.545199951171875000e+03 1.047772813431279854e-10
1.546500000000000000e+03 1.040023538897407709e-10
1.547800048828125000e+03 1.032358738525921948e-10
1.549099975585937500e+03 1.024777498702753693e-10
1.550400024414062500e+03 1.017278343589791546e-10
1.551699951171875000e+03 1.009860219016955387e-10
1.553000000000000000e+03 1.002522000536160569e-10
1.554299926757812500e+03 9.952624934213165037e-11
1.555599975585937500e+03 9.880805732243382867e-11
1.556899902343750000e+03 9.809749749411301592e-11
1.558199951171875000e+03 9.739450660696445648e-11
1.559500000000000000e+03 9.669891599377536958e-11
1.560799926757812500e+03 9.601068348774261493e-11
1.562099975585937500e+03 9.532965447725443268e-11
1.563399902343750000e+03 9.465577273990660993e-11
1.564700073242187500e+03 9.398885555288534501e-11
1.566000000000000000e+03 9.332892399959222743e-11
1.567300048828125000e+03 9.267581644061501918e-11
1.568599975585937500e+03 9.202946962574895169e-11
1.569900024414062500e+03 9.138975705458443614e-11
1.571199951171875000e+03 9.075660844911621292e-11
1.572500000000000000e+03 9.012992542013677377e-11
1.573800048828125000e+03 8.950962363403979940e-11
1.575099975585937500e+03 8.889561875721889296e-11
1.576400024414062500e+03 8.828782645606767051e-11
1.577699951171875000e+03 8.768615536917923120e-11
1.579000000000000000e+03 8.709052819074774681e-11
1.580299926757812500e+03 8.650086761496733738e-11
1.581599975585937500e+03 8.591709633603221345e-11
1.582899902343750000e+03 8.533912299253539664e-11
1.584199951171875000e+03 8.476688433427217006e-11
1.585500000000000000e+03 8.420030305543664088e-11
1.586799926757812500e+03 8.363930185022299375e-11
1.588099975585937500e+03 8.308379638502484477e-11
1.589400024414062500e+03 8.253370232623580999e-11
1.590700073242187500e+03 8.198900561825482974e-11
1.592000000000000000e+03 8.144960787187448625e-11
1.593300048828125000e+03 8.091542475348838268e-11
1.594599975585937500e+03 8.038641409629333998e-11
1.595900024414062500e+03 7.986250562228402097e-11
1.597199951171875000e+03 7.934362905345514019e-11
1.598500000000000000e+03 7.882968600059925402e-11
1.599799926757812500e+03 7.832067646371636245e-11
1.601099975585937500e+03 7.781649502579847913e-11
1.602400024414062500e+03 7.731709249224190808e-11
1.603699951171875000e+03 7.682240561284186783e-11
1.605000000000000000e+03 7.633238519299459780e-11
1.606299926757812500e+03 7.584696095469483836e-11
1.607599975585937500e+03 7.536609073113937169e-11
1.608899902343750000e+03 7.488969721652236956e-11
1.610199951171875000e+03 7.441775229964168676e-11
1.611500000000000000e+03 7.395016461909042243e-11
1.612799926757812500e+03 7.348690606366645723e-11
1.614099975585937500e+03 7.302791338316500966e-11
1.615400024414062500e+03 7.257312332738129824e-11
1.616700073242187500e+03 7.212251481291372053e-11
1.618000000000000000e+03 7.167603161735802488e-11
1.619300048828125000e+03 7.123360346270891288e-11
1.620599975585937500e+03 7.079521629336532487e-11
1.621900024414062500e+03 7.036077874792032122e-11
1.623199951171875000e+03 6.993026974297235118e-11
1.624500000000000000e+03 6.950363305611711141e-11
1.625799926757812500e+03 6.908083354835200442e-11
1.627099975585937500e+03 6.866180796947220993e-11
1.628400024414062500e+03 6.824650712487401907e-11
1.629699951171875000e+03 6.783491695895635923e-11
1.631000000000000000e+03 6.742696719371393203e-11
1.632299926757812500e+03 6.702262971794461808e-11
1.633599975585937500e+03 6.662184830924413991e-11
1.634899902343750000e+03 6.622460188421092090e-11
1.636199951171875000e+03 6.583084124824125220e-11
1.637499877929687500e+03 6.544050315113032645e-11
1.638799926757812500e+03 6.505358056507762675e-11
1.640099975585937500e+03 6.466997510087572240e-11
1.641400024414062500e+03 6.428973595312830938e-11
1.642700073242187500e+03 6.391278581602955942e-11
1.644000000000000000e+03 6.353908252277629350e-11
1.645300048828125000e+03 6.316856985096424704e-11
1.646599975585937500e+03 6.280125482839394989e-11
1.647900024414062500e+03 6.243706717706009072e-11
1.649199951171875000e+03 6.207598581356108000e-11
1.650500000000000000e+03 6.171795451549265317e-11
1.651799926757812500e+03 6.136297328285484901e-11
1.653099975585937500e+03 6.101098589324336417e-11
1.654400024414062500e+03 6.066197829105717774e-11
1.655699951171875000e+03 6.031588019829095255e-11
1.657000000000000000e+03 5.997267755934364184e-11
1.658299926757812500e+03 5.963236334641470285e-11
1.659599975585937500e+03 5.929487430929934117e-11
1.660899902343750000e+03 5.896019639239652297e-11
1.662199951171875000e+03 5.862828040110251351e-11
1.663499877929687500e+03 5.829910876591599467e-11
1.664799926757812500e+03 5.797265688953509907e-11
1.666099975585937500e+03 5.764885098005424402e-11
1.667400024414062500e+03 5.732773671817687992e-11
1.668700073242187500e+03 5.700923679809717854e-11
1.670000000000000000e+03 5.669333716421406082e-11
1.671300048828125000e+03 5.638000267752487755e-11
1.672599975585937500e+03 5.606921225462804567e-11
1.673900024414062500e+03 5.576093778432141999e-11
1.675199951171875000e+03 5.545515115540288112e-11
1.676500000000000000e+03 5.515181722886977989e-11
1.677799926757812500e+03 5.485091492132051383e-11
1.679099975585937500e+03 5.455243017715402327e-11
1.680400024414062500e+03 5.425632082956712271e-11
1.681699951171875000e+03 5.396257282295875247e-11
1.683000000000000000e+03 5.367115101832624396e-11
1.684299926757812500e+03 5.338204487396881535e-11
1.685599975585937500e+03 5.309520870918299682e-11
1.686899902343750000e+03 5.281063901006853638e-11
1.688199951171875000e+03 5.252830766542330175e-11
1.689499877929687500e+03 5.224819359184570340e-11
1.690800048828125000e+03 5.197023353913095339e-11
1.692099975585937500e+03 5.169446616018197230e-11
1.693400024414062500e+03 5.142084928819558109e-11
1.694699951171875000e+03 5.114935129806939548e-11
1.696000000000000000e+03 5.087995462030206502e-11
1.697300048828125000e+03 5.061263465759174173e-11
1.698599975585937500e+03 5.034737735433736594e-11
1.699900024414062500e+03 5.008415108543653397e-11
1.701199951171875000e+03 4.982294179528820553e-11
1.702500000000000000e+03 4.956373191439103018e-11
1.703799926757812500e+03 4.930649333154290147e-11
1.705099975585937500e+03 4.905121199114274035e-11
1.706400024414062500e+03 4.879786329588869882e-11
1.707699951171875000e+03 4.854642967627943291e-11
1.709000000000000000e+03 4.829689707671390232e-11
1.710299926757812500e+03 4.804924089989022677e-11
1.711599975585937500e+03 4.780344357630709457e-11
1.712899902343750000e+03 4.755949456426369805e-11
1.714199951171875000e+03 4.731735872475738799e-11
1.715500000000000000e+03 4.707700794658602567e-11
1.716800048828125000e+03 4.683846331315121997e-11
1.718099975585937500e+03 4.660169671325083862e-11
1.719400024414062500e+03 4.636667300788222596e-11
1.720699951171875000e+03 4.613338516924485214e-11
1.722000000000000000e+03 4.590181914173765102e-11
1.723300048828125000e+03 4.567194681415850325e-11
1.724599975585937500e+03 4.544377170040767374e-11
1.725900024414062500e+03 4.521724811978169914e-11
1.727199951171875000e+03 4.499237958618085084e-11
1.728500000000000000e+03 4.476915555790433407e-11
1.729799926757812500e+03 4.454754440984975810e-11
1.731099975585937500e+03 4.432753560031632817e-11
1.732399902343750000e+03 4.410911858760324305e-11
1.733699951171875000e+03 4.389228283000969505e-11
1.735000000000000000e+03 4.367699318853305437e-11
1.736299926757812500e+03 4.346326371877435483e-11
1.737599975585937500e+03 4.325105225393043032e-11
1.738899902343750000e+03 4.304035528010100300e-11
1.740199951171875000e+03 4.283115171388448334e-11
1.741499877929687500e+03 4.262344155528087135e-11
1.742799926757812500e+03 4.241721777648963072e-11
1.744099853515625000e+03 4.221243469680731748e-11
1.745399902343750000e+03 4.200909934403445503e-11
1.746699951171875000e+03 4.180719766256998368e-11
1.747999877929687500e+03 4.160671559681284375e-11
1.749299926757812500e+03 4.140763909116196263e-11
1.750599853515625000e+03 4.120995409001628711e-11
1.751899902343750000e+03 4.101364302387448612e-11
1.753199829101562500e+03 4.081869886493602983e-11
1.754500122070312500e+03 4.062507944639772626e-11
1.755800048828125000e+03 4.043283044896303231e-11
1.757100097656250000e+03 4.024191321972902093e-11
1.758400024414062500e+03 4.005230667529410260e-11
1.759700073242187500e+03 3.986400730175801240e-11
1.761000000000000000e+03 3.967701158522049187e-11
1.762300048828125000e+03 3.949128438667886596e-11
1.763600097656250000e+03 3.930682570613314113e-11
1.764900024414062500e+03 3.912362851578280048e-11
1.766200073242187500e+03 3.894167876002675846e-11
1.767500000000000000e+03 3.876096941106450463e-11
1.768800048828125000e+03 3.858147235769390670e-11
1.770099975585937500e+03 3.840319814161574651e-11
1.771400024414062500e+03 3.822611865162792408e-11
1.772699951171875000e+03 3.805023388773042003e-11
1.774000000000000000e+03 3.787552276652165130e-11
1.775300048828125000e+03 3.770199231580214126e-11
1.776599975585937500e+03 3.752962145217030040e-11
1.777900024414062500e+03 3.735839963392533396e-11
1.779199951171875000e+03 3.718830929156591087e-11
1.780500000000000000e+03 3.701936096679283236e-11
1.781799926757812500e+03 3.685152654840396613e-11
1.783099975585937500e+03 3.668480252249904082e-11
1.784399902343750000e+03 3.651917483347700966e-11
1.785699951171875000e+03 3.635463996743760127e-11
1.787000000000000000e+03 3.619119089658028582e-11
1.788299926757812500e+03 3.602881005140372577e-11
1.789599975585937500e+03 3.586749040410739775e-11
1.790899902343750000e+03 3.570722141299050053e-11
1.792199951171875000e+03 3.554799605025251075e-11
1.793499877929687500e+03 3.538981080199315701e-11
1.794799926757812500e+03 3.523265512651163809e-11
1.796099853515625000e+03 3.507650442650609956e-11
1.797399902343750000e+03 3.492137978537813093e-11
1.798699951171875000e+03 3.476723552242428825e-11
1.799999877929687500e+03 3.461409623494641949e-11
1.801299926757812500e+03 3.446193381174241821e-11
1.802599853515625000e+03 3.431074825281225857e-11
1.803899902343750000e+03 3.416052198865462889e-11
1.805200073242187500e+03 3.401123744976820457e-11
1.806500122070312500e+03 3.386292977515562189e-11
1.807800048828125000e+03 3.371555679801371473e-11
1.809100097656250000e+03 3.356911851834246370e-11
1.810400024414062500e+03 3.342361493614188819e-11
1.811700073242187500e+03 3.327902496801037930e-11
1.813000000000000000e+03 3.313534510004768503e-11
1.814300048828125000e+03 3.299256479055299123e-11
1.815599975585937500e+03 3.285068052562604590e-11
1.816900024414062500e+03 3.270968879136657767e-11
1.818200073242187500e+03 3.256957904607379823e-11
1.819500000000000000e+03 3.243034074804689344e-11
1.820800048828125000e+03 3.229196686948534639e-11
1.822099975585937500e+03 3.215446092428941552e-11
1.823400024414062500e+03 3.201780182905751133e-11
1.824699951171875000e+03 3.188198255598909751e-11
1.826000000000000000e+03 3.174701364678498174e-11
1.827299926757812500e+03 3.161285996244249543e-11
1.828599975585937500e+03 3.147954258636323458e-11
1.829900024414062500e+03 3.134704043514560965e-11
1.831199951171875000e+03 3.121534999488935573e-11
1.832500000000000000e+03 3.108446423779393006e-11
1.833799926757812500e+03 3.095437613605882217e-11
1.835099975585937500e+03 3.082508217578374777e-11
1.836399902343750000e+03 3.069657181526791210e-11
1.837699951171875000e+03 3.056883802671079177e-11
1.838999877929687500e+03 3.044188081011238678e-11
1.840299926757812500e+03 3.031569313767215438e-11
1.841599975585937500e+03 3.019026095378904780e-11
1.842899902343750000e+03 3.006558425846305412e-11
1.844199951171875000e+03 2.994165602389364351e-11
1.845499877929687500e+03 2.981847273618055749e-11
1.846799926757812500e+03 2.969602033972272994e-11
1.848099853515625000e+03 2.957430586232069069e-11
1.849399902343750000e+03 2.945331524837338006e-11
1.850699829101562500e+03 2.933304147008026175e-11
1.851999877929687500e+03 2.921348277049120653e-11
1.853299926757812500e+03 2.909463212180568455e-11
1.854599853515625000e+03 2.897648425317329199e-11
1.855900024414062500e+03 2.885901632424230685e-11
1.857200073242187500e+03 2.874225468926472250e-11
1.858500122070312500e+03 2.862618177873920465e-11
1.859800048828125000e+03 2.851079056486522668e-11
1.861100097656250000e+03 2.839607401984225230e-11
1.862400024414062500e+03 2.828203038672015874e-11
1.863700073242187500e+03 2.816864736684800585e-11
1.865000000000000000e+03 2.805592847412606502e-11
1.866300048828125000e+03 2.794385965295327010e-11
1.867599975585937500e+03 2.783244793113015416e-11
1.868900024414062500e+03 2.772167222525512769e-11
1.870200073242187500e+03 2.761154307702897898e-11
1.871500000000000000e+03 2.750204994475091651e-11
1.872800048828125000e+03 2.739318580062040719e-11
1.874099975585937500e+03 2.728494537378705043e-11
1.875400024414062500e+03 2.717732690730072022e-11
1.876699951171875000e+03 2.707032513031101595e-11
1.878000000000000000e+03 2.696393125806726887e-11
1.879299926757812500e+03 2.685814880446974388e-11
1.880599975585937500e+03 2.675296898476778192e-11
1.881900024414062500e+03 2.664838301421071746e-11
1.883199951171875000e+03 2.654439264974868296e-11
1.884500000000000000e+03 2.644098910663101289e-11
1.885799926757812500e+03 2.633816887095744556e-11
1.887099975585937500e+03 2.623593194272797774e-11
1.888399902343750000e+03 2.613426953719194713e-11
1.889699951171875000e+03 2.603317814044908557e-11
1.890999877929687500e+03 2.593265423859912492e-11
1.892299926757812500e+03 2.583269431774180671e-11
1.893599975585937500e+03 2.573329310702672712e-11
1.894899902343750000e+03 2.563444533560349197e-11
1.896199951171875000e+03 2.553614573262169745e-11
1.897499877929687500e+03 2.543839605503148246e-11
1.898799926757812500e+03 2.534118927503231070e-11
1.900099853515625000e+03 2.524452012177378480e-11
1.901399902343750000e+03 2.514838332440551061e-11
1.902699829101562500e+03 2.505277888292747842e-11
1.903999877929687500e+03 2.495769801258903242e-11
1.905299926757812500e+03 2.486314774119070242e-11
1.906600097656250000e+03 2.476909995753036262e-11
1.907900024414062500e+03 2.467557574500960576e-11
1.909200073242187500e+03 2.458256807582790200e-11
1.910500000000000000e+03 2.449006816523458905e-11
1.911800048828125000e+03 2.439807074237925983e-11
1.913100097656250000e+03 2.430657580726192403e-11
1.914400024414062500e+03 2.421557633208204858e-11
1.915700073242187500e+03 2.412507407378975948e-11
1.917000000000000000e+03 2.403505673373413597e-11
1.918300048828125000e+03 2.394553133971570467e-11
1.919599975585937500e+03 2.385648207918326696e-11
1.920900024414062500e+03 2.376791773688749484e-11
1.922199951171875000e+03 2.367982777112758709e-11
1.923500000000000000e+03 2.359221042495340802e-11
1.924800048828125000e+03 2.350505867056443102e-11
1.926099975585937500e+03 2.341837953576118917e-11
1.927400024414062500e+03 2.333216072189274553e-11
1.928699951171875000e+03 2.324640047200896767e-11
1.930000000000000000e+03 2.316110054305999772e-11
1.931299926757812500e+03 2.307625039334503124e-11
1.932599975585937500e+03 2.299185002286406823e-11
1.933899902343750000e+03 2.290789240381657885e-11
1.935199951171875000e+03 2.282438105010282801e-11
1.936500000000000000e+03 2.274131596172281895e-11
1.937799926757812500e+03 2.265868308307548553e-11
1.939099975585937500e+03 2.257648592806109266e-11
1.940399902343750000e+03 2.249471746887911374e-11
1.941699951171875000e+03 2.241338121942980722e-11
1.942999877929687500e+03 2.233246839496251727e-11
1.944299926757812500e+03 2.225197899547723742e-11
1.945599853515625000e+03 2.217190950707370599e-11
1.946899902343750000e+03 2.209225465890151913e-11
1.948199951171875000e+03 2.201301269401055408e-11
1.949499877929687500e+03 2.193418712630106283e-11
1.950799926757812500e+03 2.185576390017199217e-11
1.952099853515625000e+03 2.177775004342387516e-11
1.953399902343750000e+03 2.170013677130604304e-11
1.954699829101562500e+03 2.162292408381848935e-11
1.955999877929687500e+03 2.154611022401109456e-11
1.957300048828125000e+03 2.146967410848225946e-11
1.958600097656250000e+03 2.139364384843410662e-11
1.959900024414062500e+03 2.131800714521570561e-11
1.961200073242187500e+03 2.124274994322600320e-11
1.962500000000000000e+03 2.116788454111591368e-11
1.963800048828125000e+03 2.109339161243398971e-11
1.965100097656250000e+03 2.101928521278128771e-11
1.966400024414062500e+03 2.094554952960661233e-11
1.967700073242187500e+03 2.087218983376036093e-11
1.969000000000000000e+03 2.079919909744201015e-11
1.970300048828125000e+03 2.072658259150194767e-11
1.971599975585937500e+03 2.065432626033911703e-11
1.972900024414062500e+03 2.058243713175404809e-11
1.974199951171875000e+03 2.051090642099607854e-11
1.975500000000000000e+03 2.043973939891560253e-11
1.976800048828125000e+03 2.036892376686169284e-11
1.978099975585937500e+03 2.029846479568475007e-11
1.979400024414062500e+03 2.022836072843463855e-11
1.980699951171875000e+03 2.015860629426095765e-11
1.982000000000000000e+03 2.008919270841304832e-11
1.983299926757812500e+03 2.002012875564157284e-11
1.984599975585937500e+03 1.995140916509613384e-11
1.985899902343750000e+03 1.988302515202606256e-11
1.987199951171875000e+03 1.981498023033163038e-11
1.988500000000000000e+03 1.974727791391309899e-11
1.989799926757812500e+03 1.967990063326914055e-11
1.991099975585937500e+03 1.961285893010055306e-11
1.992399902343750000e+03 1.954614929050707483e-11
1.993699951171875000e+03 1.947976292973803063e-11
1.994999877929687500e+03 1.941370336169369831e-11
1.996299926757812500e+03 1.934796707247380326e-11
1.997599853515625000e+03 1.928255230512821948e-11
1.998899902343750000e+03 1.921745730270681450e-11
