5.000000000000000000e+02 2.356213252669633068e-11
5.012999877929687500e+02 2.367629146351624663e-11
5.025999755859375000e+02 2.379100395572389492e-11
5.038999938964843750e+02 2.390629109114357685e-11
5.051999816894531250e+02 2.402216165636875156e-11
5.064999694824218750e+02 2.413869824537790207e-11
5.078000183105468750e+02 2.425582705078599805e-11
5.091000061035156250e+02 2.437356564577995133e-11
5.103999938964843750e+02 2.449191754499714815e-11
5.117000122070312500e+02 2.461085814597590420e-11
5.130000000000000000e+02 2.473051046102461197e-11
5.142999877929687500e+02 2.485069700095545359e-11
5.155999755859375000e+02 2.497156186590111317e-11
5.168999633789062500e+02 2.509314195955410426e-11
5.181999511718750000e+02 2.521531251228735093e-11
5.195000000000000000e+02 2.533811745706812628e-11
5.207999877929687500e+02 2.546158491099550412e-11
5.221000366210937500e+02 2.558573244725638658e-11
5.234000244140625000e+02 2.571061102809282571e-11
5.247000122070312500e+02 2.583609588387773267e-11
5.260000000000000000e+02 2.596223621953447286e-11
5.272999877929687500e+02 2.608914098882190672e-11
5.285999755859375000e+02 2.621671705384938606e-11
5.298999633789062500e+02 2.634490290846272270e-11
5.311999511718750000e+02 2.647394633459738183e-11
5.324999389648437500e+02 2.660359603568051526e-11
5.337999877929687500e+02 2.673392581909715653e-11
5.351000366210937500e+02 2.686505518251830868e-11
5.364000244140625000e+02 2.699686462827297191e-11
5.377000122070312500e+02 2.712948244062560193e-11
5.390000000000000000e+02 2.726280845241079744e-11
5.402999877929687500e+02 2.739681981848557047e-11
5.415999755859375000e+02 2.753164833775177267e-11
5.428999633789062500e+02 2.766721317354959799e-11
5.441999511718750000e+02 2.780347566486784621e-11
5.455000000000000000e+02 2.794065371922422533e-11
5.467999877929687500e+02 2.807848198149635832e-11
5.481000366210937500e+02 2.821710279449824261e-11
5.494000244140625000e+02 2.835657766438406317e-11
5.507000122070312500e+02 2.849685738623047074e-11
5.520000000000000000e+02 2.863791032830102143e-11
5.532999877929687500e+02 2.877977515160691871e-11
5.545999755859375000e+02 2.892239386463136062e-11
5.558999633789062500e+02 2.906587542113319148e-11
5.571999511718750000e+02 2.921019521865074311e-11
5.585000000000000000e+02 2.935536380109616457e-11
5.597999877929687500e+02 2.950142334411803260e-11
5.610999755859375000e+02 2.964821568903415366e-11
5.624000244140625000e+02 2.979599213241736305e-11
5.637000122070312500e+02 2.994453476674994631e-11
5.650000000000000000e+02 3.009403689708794650e-11
5.662999877929687500e+02 3.024433685011176445e-11
5.675999755859375000e+02 3.039562441624005696e-11
5.688999633789062500e+02 3.054769926114202789e-11
5.701999511718750000e+02 3.070075468987370089e-11
5.715000000000000000e+02 3.085461497056596414e-11
5.727999877929687500e+02 3.100948746682437334e-11
5.740999755859375000e+02 3.116532648836295904e-11
5.754000244140625000e+02 3.132201253751071820e-11
5.767000122070312500e+02 3.147971783149939581e-11
5.780000000000000000e+02 3.163832287265798883e-11
5.792999877929687500e+02 3.179784523417340263e-11
5.805999755859375000e+02 3.195840441371664671e-11
5.818999633789062500e+02 3.211988091361670511e-11
5.831999511718750000e+02 3.228242234864365788e-11
5.845000000000000000e+02 3.244596896996199705e-11
5.857999877929687500e+02 3.261041182381286539e-11
5.870999755859375000e+02 3.277594772988967927e-11
5.884000244140625000e+02 3.294250288080741160e-11
5.897000122070312500e+02 3.311007727656605591e-11
5.910000000000000000e+02 3.327863577079178855e-11
5.922999877929687500e+02 3.344832597825468309e-11
5.935999755859375000e+02 3.361900731345943198e-11
5.948999633789062500e+02 3.379078521552750620e-11
5.962000122070312500e+02 3.396365968445891220e-11
5.975000000000000000e+02 3.413762720561626375e-11
5.987999877929687500e+02 3.431256476669117157e-11
6.000999755859375000e+02 3.448870784838828133e-11
6.014000244140625000e+02 3.466600021650944544e-11
6.027000122070312500e+02 3.484437157830702951e-11
6.040000000000000000e+02 3.502383599233055912e-11
6.052999877929687500e+02 3.520451295625103730e-11
6.065999755859375000e+02 3.538628648703485374e-11
6.078999633789062500e+02 3.556930419945205617e-11
6.092000122070312500e+02 3.575349228611762394e-11
6.105000000000000000e+02 3.593878748355866931e-11
6.117999877929687500e+02 3.612534443582001896e-11
6.130999755859375000e+02 3.631308933551664580e-11
6.144000244140625000e+02 3.650211004858310250e-11
6.157000122070312500e+02 3.669224138706241657e-11
6.170000000000000000e+02 3.688375046339566464e-11
6.182999877929687500e+02 3.707638422369130213e-11
6.195999755859375000e+02 3.727039220720348090e-11
6.208999633789062500e+02 3.746559868206308266e-11
6.222000122070312500e+02 3.766213720449064248e-11
6.235000000000000000e+02 3.785998317202446959e-11
6.247999877929687500e+02 3.805913307002719713e-11
6.260999755859375000e+02 3.825960095704835714e-11
6.273999633789062500e+02 3.846142900873652639e-11
6.287000122070312500e+02 3.866456099089359606e-11
6.300000000000000000e+02 3.886912694510269561e-11
6.312999877929687500e+02 3.907501791760500013e-11
6.325999755859375000e+02 3.928234637679673368e-11
6.338999633789062500e+02 3.949103148601809023e-11
6.352000122070312500e+02 3.970119274294009219e-11
6.365000000000000000e+02 3.991267198888052016e-11
6.377999877929687500e+02 4.012572579236828557e-11
6.390999755859375000e+02 4.034013273124830066e-11
6.403999633789062500e+02 4.055612125695043213e-11
6.417000122070312500e+02 4.077345588877004725e-11
6.430000000000000000e+02 4.099240725378559595e-11
6.442999877929687500e+02 4.121276447375412982e-11
6.455999755859375000e+02 4.143479114647933922e-11
6.469000244140625000e+02 4.165823773270705938e-11
6.482000122070312500e+02 4.188334322777930927e-11
6.495000000000000000e+02 4.210989323881575422e-11
6.507999877929687500e+02 4.233816893680698998e-11
6.520999755859375000e+02 4.256796647278482769e-11
6.533999633789062500e+02 4.279938425659598522e-11
6.547000122070312500e+02 4.303245391997690647e-11
6.560000000000000000e+02 4.326723521176308001e-11
6.572999877929687500e+02 4.350362269283305425e-11
6.585999755859375000e+02 4.374171477303351476e-11
6.599000244140625000e+02 4.398141304251776306e-11
6.612000122070312500e+02 4.422293189416613379e-11
6.625000000000000000e+02 4.446620454986835943e-11
6.637999877929687500e+02 4.471115720223939349e-11
6.650999755859375000e+02 4.495792692213717021e-11
6.663999633789062500e+02 4.520654885593550033e-11
6.677000122070312500e+02 4.545688593277648191e-11
6.690000000000000000e+02 4.570906819424325087e-11
6.702999877929687500e+02 4.596309915497320636e-11
6.715999755859375000e+02 4.621891203685607440e-11
6.729000244140625000e+02 4.647669663031049886e-11
6.742000122070312500e+02 4.673635804012716103e-11
6.755000000000000000e+02 4.699804036643874827e-11
6.767999877929687500e+02 4.726145892361726565e-11
6.780999755859375000e+02 4.752702140959909090e-11
6.793999633789062500e+02 4.779454154860295345e-11
6.806999511718750000e+02 4.806397365034287092e-11
6.820000000000000000e+02 4.833546181495154356e-11
6.832999877929687500e+02 4.860887951548318295e-11
6.845999755859375000e+02 4.888455009857698096e-11
6.859000244140625000e+02 4.916227674453952769e-11
6.872000122070312500e+02 4.944203836554651861e-11
6.885000000000000000e+02 4.972387010797178383e-11
6.897999877929687500e+02 5.000798987933303779e-11
6.910999755859375000e+02 5.029412353791443787e-11
6.923999633789062500e+02 5.058263309136639231e-11
6.936999511718750000e+02 5.087317761986279740e-11
6.950000000000000000e+02 5.116609452859236414e-11
6.962999877929687500e+02 5.146129595162053339e-11
6.976000366210937500e+02 5.175873971329872192e-11
6.989000244140625000e+02 5.205839418189047293e-11
7.002000122070312500e+02 5.236059676258451683e-11
7.015000000000000000e+02 5.266505574047811205e-11
7.027999877929687500e+02 5.297176760093385945e-11
7.040999755859375000e+02 5.328104866131619133e-11
7.053999633789062500e+02 5.359284971670175199e-11
7.066999511718750000e+02 5.390697746203451131e-11
7.080000000000000000e+02 5.422370955366767232e-11
7.092999877929687500e+02 5.454278239379755756e-11
7.106000366210937500e+02 5.486448066805214903e-11
7.119000244140625000e+02 5.518892387410244329e-11
7.132000122070312500e+02 5.551580623849617320e-11
7.145000000000000000e+02 5.584536675657533837e-11
7.157999877929687500e+02 5.617752107704277234e-11
7.170999755859375000e+02 5.651238166829469919e-11
7.183999633789062500e+02 5.685011020365072457e-11
7.196999511718750000e+02 5.719050986341741272e-11
7.210000000000000000e+02 5.753364742570505701e-11
7.222999877929687500e+02 5.787951586123887205e-11
7.236000366210937500e+02 5.822834362144871808e-11
7.249000244140625000e+02 5.858019045517011599e-11
7.262000122070312500e+02 5.893475058895077282e-11
7.275000000000000000e+02 5.929234034015511442e-11
7.287999877929687500e+02 5.965273125735328701e-11
7.300999755859375000e+02 6.001637672876761837e-11
7.313999633789062500e+02 6.038289717356080782e-11
7.326999511718750000e+02 6.075267217257016898e-11
7.340000000000000000e+02 6.112537134988173100e-11
7.352999877929687500e+02 6.150134616923375634e-11
7.366000366210937500e+02 6.188047010368048240e-11
7.379000244140625000e+02 6.226276424104618788e-11
7.392000122070312500e+02 6.264841837174952311e-11
7.405000000000000000e+02 6.303732705666903005e-11
7.417999877929687500e+02 6.342956058855235602e-11
7.430999755859375000e+02 6.382526658216955521e-11
7.443999633789062500e+02 6.422432553984962459e-11
7.456999511718750000e+02 6.462677260796638784e-11
7.469999389648437500e+02 6.503277648911421660e-11
7.482999877929687500e+02 6.544244965168934142e-11
7.496000366210937500e+02 6.585551092470116009e-11
7.509000244140625000e+02 6.627210089364496727e-11
7.522000122070312500e+02 6.669258508080857035e-11
7.535000000000000000e+02 6.711675963722373526e-11
7.547999877929687500e+02 6.754465970926433735e-11
7.560999755859375000e+02 6.797630638475464238e-11
7.573999633789062500e+02 6.841184727846471748e-11
7.586999511718750000e+02 6.885124021474599235e-11
7.599999389648437500e+02 6.929461172054419080e-11
7.612999877929687500e+02 6.974191962021078131e-11
7.626000366210937500e+02 7.019345211401108688e-11
7.639000244140625000e+02 7.064889991385545413e-11
7.652000122070312500e+02 7.110848795653638291e-11
7.665000000000000000e+02 7.157234979827438245e-11
7.677999877929687500e+02 7.204039405849750090e-11
7.690999755859375000e+02 7.251276835197584415e-11
7.703999633789062500e+02 7.298936021031312997e-11
7.716999511718750000e+02 7.347051406797286124e-11
7.729999389648437500e+02 7.395594875396444869e-11
7.742999877929687500e+02 7.444614928824666398e-11
7.755999755859375000e+02 7.494078529490553629e-11
7.769000244140625000e+02 7.543994112523827082e-11
7.782000122070312500e+02 7.594396121370833169e-11
7.795000000000000000e+02 7.645248706730272275e-11
7.807999877929687500e+02 7.696614429147552322e-11
7.820999755859375000e+02 7.748450410046605086e-11
7.833999633789062500e+02 7.800768599194533454e-11
7.846999511718750000e+02 7.853602034182730633e-11
7.860000000000000000e+02 7.906936656461667158e-11
7.872999877929687500e+02 7.960772466031344322e-11
7.885999755859375000e+02 8.015136877063345097e-11
7.899000244140625000e+02 8.070040433469815288e-11
7.912000122070312500e+02 8.125464156208889860e-11
7.925000000000000000e+02 8.181429836032341551e-11
7.937999877929687500e+02 8.237933255375312037e-11
7.950999755859375000e+02 8.294985661077421789e-11
7.963999633789062500e+02 8.352622902439975592e-11
7.976999511718750000e+02 8.410798586249521563e-11
7.990000000000000000e+02 8.469578787688853868e-11
8.002999877929687500e+02 8.528945933571058093e-11
8.015999755859375000e+02 8.588892994621368213e-11
8.029000244140625000e+02 8.649434029389314985e-11
8.042000122070312500e+02 8.710588719844241985e-11
8.055000000000000000e+02 8.772358471841099832e-11
8.067999877929687500e+02 8.834745394162320273e-11
8.080999755859375000e+02 8.897771277559670874e-11
8.093999633789062500e+02 8.961447368872778568e-11
8.106999511718750000e+02 9.025765935899401373e-11
8.120000000000000000e+02 9.090762125013365535e-11
8.132999877929687500e+02 9.156415551317850228e-11
8.145999755859375000e+02 9.222738867507431712e-11
8.159000244140625000e+02 9.289739805784353260e-11
8.172000122070312500e+02 9.357459135942251351e-11
8.185000000000000000e+02 9.425884908214025682e-11
8.197999877929687500e+02 9.495030478221728469e-11
8.210999755859375000e+02 9.564888816690596272e-11
8.223999633789062500e+02 9.635473279242681306e-11
8.236999511718750000e+02 9.706833773728815236e-11
8.250000000000000000e+02 9.778950618179655779e-11
8.262999877929687500e+02 9.851816783320439495e-11
8.275999755859375000e+02 9.925492017986665313e-11
8.288999633789062500e+02 9.999934849457224676e-11
8.302000122070312500e+02 1.007520994705994950e-10
8.315000000000000000e+02 1.015125826488681939e-10
8.327999877929687500e+02 1.022814587812061947e-10
8.340999755859375000e+02 1.030588825116583759e-10
8.353999633789062500e+02 1.038449873964452336e-10
8.367000122070312500e+02 1.046394782060266725e-10
8.380000000000000000e+02 1.054426431406680542e-10
8.392999877929687500e+02 1.062547422835356377e-10
8.405999755859375000e+02 1.070760568056200769e-10
8.418999633789062500e+02 1.079064109750522018e-10
8.432000122070312500e+02 1.087462124897683901e-10
8.445000000000000000e+02 1.095952293837014212e-10
8.457999877929687500e+02 1.104538623255128873e-10
8.470999755859375000e+02 1.113225752473372685e-10
8.483999633789062500e+02 1.122006300753242293e-10
8.497000122070312500e+02 1.130893904887781973e-10
8.510000000000000000e+02 1.139877669501106004e-10
8.522999877929687500e+02 1.148968419676352383e-10
8.535999755859375000e+02 1.158161305213933006e-10
8.548999633789062500e+02 1.167464128608837319e-10
8.562000122070312500e+02 1.176874218736654621e-10
8.575000610351562500e+02 1.186392278524861256e-10
8.588000488281250000e+02 1.196022806709306704e-10
8.601000366210937500e+02 1.205767209144944170e-10
8.614000244140625000e+02 1.215627313443212433e-10
8.627000122070312500e+02 1.225606634241494116e-10
8.640000000000000000e+02 1.235703062757359543e-10
8.652999877929687500e+02 1.245921238312153643e-10
8.665999755859375000e+02 1.256262285589838720e-10
8.678999633789062500e+02 1.266727891616358364e-10
8.692000122070312500e+02 1.277318478148198664e-10
8.705000000000000000e+02 1.288042761486067681e-10
8.717999877929687500e+02 1.298894837039163764e-10
8.730999755859375000e+02 1.309880328227297665e-10
8.743999633789062500e+02 1.321001906174881377e-10
8.756999511718750000e+02 1.332260414394885532e-10
8.769999389648437500e+02 1.343663022747571086e-10
8.782999267578125000e+02 1.355203264300153555e-10
8.795999145507812500e+02 1.366893369990724918e-10
8.809000244140625000e+02 1.378727575813977421e-10
8.822000122070312500e+02 1.390708693479816958e-10
8.835000000000000000e+02 1.402848532169848640e-10
8.848000488281250000e+02 1.415139219096335554e-10
8.861000366210937500e+02 1.427587361777557375e-10
8.874000244140625000e+02 1.440194787824952623e-10
8.887000122070312500e+02 1.452968807684276671e-10
8.900000000000000000e+02 1.465907874915081382e-10
8.912999877929687500e+02 1.479013535957815151e-10
8.925999755859375000e+02 1.492295772382643795e-10
8.938999633789062500e+02 1.505746430230840534e-10
8.951999511718750000e+02 1.519377881025990987e-10
8.965000000000000000e+02 1.533190405939086570e-10
8.977999877929687500e+02 1.547189487804443361e-10
8.990999755859375000e+02 1.561372596083145849e-10
9.003999633789062500e+02 1.575750837029323448e-10
9.016999511718750000e+02 1.590319430736135002e-10
9.029999389648437500e+02 1.605083719452402692e-10
9.042999267578125000e+02 1.620054668846759187e-10
9.055999145507812500e+02 1.635231716577223465e-10
9.069000244140625000e+02 1.650614440887309952e-10
9.082000122070312500e+02 1.666213385689165746e-10
9.095000000000000000e+02 1.682023630490455276e-10
9.108000488281250000e+02 1.698061483208633651e-10
9.121000366210937500e+02 1.714318368128487225e-10
9.134000244140625000e+02 1.730806656773602393e-10
9.147000122070312500e+02 1.747530707294333443e-10
9.160000000000000000e+02 1.764489957348699351e-10
9.172999877929687500e+02 1.781694107335875551e-10
9.185999755859375000e+02 1.799144281939824349e-10
9.198999633789062500e+02 1.816851306243683742e-10
9.211999511718750000e+02 1.834811806195566555e-10
9.225000000000000000e+02 1.853034498096181624e-10
9.237999877929687500e+02 1.871522474826425225e-10
9.250999755859375000e+02 1.890281640977100043e-10
9.263999633789062500e+02 1.909325352170259586e-10
9.276999511718750000e+02 1.928644048592223093e-10
9.289999389648437500e+02 1.948255584600893813e-10
9.302999267578125000e+02 1.968162209564196354e-10
9.316000366210937500e+02 1.988371374513381799e-10
9.329000244140625000e+02 2.008883922961421812e-10
9.342000122070312500e+02 2.029716584582256817e-10
9.355000000000000000e+02 2.050861346002654968e-10
9.367999877929687500e+02 2.072335499238537971e-10
9.381000366210937500e+02 2.094142980683774023e-10
9.394000244140625000e+02 2.116286320877278894e-10
9.407000122070312500e+02 2.138779718954077239e-10
9.420000000000000000e+02 2.161625283696598735e-10
9.432999877929687500e+02 2.184838057752840479e-10
9.445999755859375000e+02 2.208417759951811570e-10
9.458999633789062500e+02 2.232370997811791683e-10
9.471999511718750000e+02 2.256712392224291307e-10
9.484999389648437500e+02 2.281442646116786655e-10
9.497999877929687500e+02 2.306582847313573475e-10
9.510999755859375000e+02 2.332133276985641373e-10
9.523999633789062500e+02 2.358096465671906636e-10
9.536999511718750000e+02 2.384492517098196603e-10
9.549999389648437500e+02 2.411335349228545548e-10
9.562999267578125000e+02 2.438615121078282844e-10
9.576000366210937500e+02 2.466361917943402167e-10
9.589000244140625000e+02 2.494579957388762870e-10
9.602000122070312500e+02 2.523266708875449446e-10
9.615000000000000000e+02 2.552451133015493002e-10
9.627999877929687500e+02 2.582136885031772129e-10
9.641000366210937500e+02 2.612337461131835011e-10
9.654000244140625000e+02 2.643062702300352270e-10
9.667000122070312500e+02 2.674323574205957097e-10
9.680000000000000000e+02 2.706134135398180506e-10
9.692999877929687500e+02 2.738514349017354129e-10
9.705999755859375000e+02 2.771467589115364624e-10
9.718999633789062500e+02 2.805011569464620562e-10
9.731999511718750000e+02 2.839160067443661025e-10
9.744999389648437500e+02 2.873930515653902652e-10
9.757999877929687500e+02 2.909335004447941195e-10
9.770999755859375000e+02 2.945385624178372924e-10
9.783999633789062500e+02 2.982102900327510236e-10
9.796999511718750000e+02 3.019508764232621059e-10
9.809999389648437500e+02 3.057615868588281393e-10
9.823000488281250000e+02 3.096433492037181616e-10
9.836000366210937500e+02 3.135993125730268346e-10
9.849000244140625000e+02 3.176305735336174256e-10
9.862000122070312500e+02 3.217382005352542668e-10
9.875000000000000000e+02 3.259263549085982243e-10
9.887999877929687500e+02 3.301956552298286049e-10
9.900999755859375000e+02 3.345478728761861107e-10
9.914000244140625000e+02 3.389866911876475957e-10
9.927000122070312500e+02 3.435133191994726350e-10
9.940000000000000000e+02 3.481293033521095214e-10
9.952999877929687500e+02 3.528388893275162875e-10
9.965999755859375000e+02 3.576435673319430978e-10
9.978999633789062500e+02 3.625462615436921014e-10
9.991999511718750000e+02 3.675500086094618073e-10
1.000499938964843750e+03 3.726561581500070854e-10
1.001799987792968750e+03 3.778689839643850064e-10
1.003099975585937500e+03 3.831903980153316189e-10
1.004399963378906250e+03 3.886241961112200331e-10
1.005699951171875000e+03 3.941736679526401539e-10
1.006999938964843750e+03 3.998424687624698488e-10
1.008300048828125000e+03 4.056321449811572554e-10
1.009600036621093750e+03 4.115489667217928660e-10
1.010900024414062500e+03 4.175926246962869499e-10
1.012200012207031250e+03 4.237711322778714566e-10
1.013500000000000000e+03 4.300862327266882049e-10
1.014799987792968750e+03 4.365425934811811113e-10
1.016099975585937500e+03 4.431438135300297082e-10
1.017400024414062500e+03 4.498948977168667330e-10
1.018700012207031250e+03 4.568009633537210242e-10
1.020000000000000000e+03 4.638653844924797566e-10
1.021299987792968750e+03 4.710943187778370111e-10
1.022599975585937500e+03 4.784924055311376658e-10
1.023899963378906250e+03 4.860636654975471373e-10
1.025199951171875000e+03 4.938161120502976334e-10
1.026500000000000000e+03 5.017528943044837126e-10
1.027799926757812500e+03 5.098824473898233636e-10
1.029099975585937500e+03 5.182090451053736055e-10
1.030399902343750000e+03 5.267394917891070708e-10
1.031699951171875000e+03 5.354830660837132059e-10
1.033000000000000000e+03 5.444446603644285950e-10
1.034300048828125000e+03 5.536298418168670507e-10
1.035599975585937500e+03 5.630490137676804794e-10
1.036900024414062500e+03 5.727079683392754135e-10
1.038200073242187500e+03 5.826171088583038627e-10
1.039500000000000000e+03 5.927850953912763286e-10
1.040800048828125000e+03 6.032173826554102638e-10
1.042099975585937500e+03 6.139291538841979028e-10
1.043400024414062500e+03 6.249241205347152930e-10
1.044699951171875000e+03 6.362176907772470784e-10
1.046000000000000000e+03 6.478179061021244017e-10
1.047299926757812500e+03 6.597371380329332947e-10
1.048599975585937500e+03 6.719846652123638240e-10
1.049900024414062500e+03 6.845760082790968897e-10
1.051199951171875000e+03 6.975224703069541397e-10
1.052500000000000000e+03 7.108401342765982732e-10
1.053799926757812500e+03 7.245373228493506087e-10
1.055099975585937500e+03 7.386356299572892713e-10
1.056399902343750000e+03 7.531446716482923730e-10
1.057699951171875000e+03 7.680839611891077610e-10
1.059000000000000000e+03 7.834739678278505827e-10
1.060300048828125000e+03 7.993264445119279251e-10
1.061599975585937500e+03 8.156624790656347076e-10
1.062900024414062500e+03 8.324999539639728013e-10
1.064199951171875000e+03 8.498659178562376806e-10
1.065500000000000000e+03 8.677775784070538849e-10
1.066800048828125000e+03 8.862578791692543057e-10
1.068099975585937500e+03 9.053337000895397744e-10
1.069400024414062500e+03 9.250261852264034938e-10
1.070699951171875000e+03 9.453689626303207482e-10
1.072000000000000000e+03 9.663898682293608065e-10
1.073299926757812500e+03 9.881125766209317617e-10
1.074599975585937500e+03 1.010576001870132535e-09
1.075900024414062500e+03 1.033809610696777543e-09
1.077199951171875000e+03 1.057850855076814479e-09
1.078500000000000000e+03 1.082739211417323028e-09
1.079799926757812500e+03 1.108512131694250881e-09
1.081099975585937500e+03 1.135213815987319871e-09
1.082399902343750000e+03 1.162889364123421885e-09
1.083700073242187500e+03 1.191587249981336086e-09
1.085000000000000000e+03 1.221351561172387946e-09
1.086300048828125000e+03 1.252246179745641171e-09
1.087599975585937500e+03 1.284319804516667229e-09
1.088900024414062500e+03 1.317641378612360430e-09
1.090199951171875000e+03 1.352272984587445205e-09
1.091500000000000000e+03 1.388281428669286888e-09
1.092800048828125000e+03 1.425743414304120758e-09
1.094099975585937500e+03 1.464735644938181885e-09
1.095400024414062500e+03 1.505347308009687422e-09
1.096699951171875000e+03 1.547664441841760376e-09
1.098000000000000000e+03 1.591789955016959112e-09
1.099299926757812500e+03 1.637820795292842163e-09
1.100599975585937500e+03 1.685872355243950180e-09
1.101899902343750000e+03 1.736062051875956844e-09
1.103199951171875000e+03 1.788518211628970535e-09
1.104500000000000000e+03 1.843385918734139662e-09
1.105799926757812500e+03 1.900811494574971353e-09
1.107099975585937500e+03 1.960952844779784765e-09
1.108399902343750000e+03 2.023981483652844320e-09
1.109700073242187500e+03 2.090100079244172808e-09
1.111000000000000000e+03 2.159493979470771397e-09
1.112300048828125000e+03 2.232388121125118953e-09
1.113599975585937500e+03 2.309032633920449984e-09
1.114900024414062500e+03 2.389680571748302699e-09
1.116199951171875000e+03 2.474613780409651979e-09
1.117500000000000000e+03 2.564139523563021480e-09
1.118800048828125000e+03 2.658604428805621078e-09
1.120099975585937500e+03 2.758369519689377334e-09
1.121400024414062500e+03 2.863836758262447927e-09
1.122699951171875000e+03 2.975444321396579927e-09
1.124000000000000000e+03 3.093696067506923797e-09
1.125299926757812500e+03 3.219106651974668956e-09
1.126599975585937500e+03 3.352287677938562739e-09
1.127899902343750000e+03 3.493864694618486204e-09
1.129199951171875000e+03 3.644587416343768438e-09
1.130500000000000000e+03 3.805226926439023729e-09
1.131799926757812500e+03 3.976688595493974780e-09
1.133099975585937500e+03 4.159961695521940190e-09
1.134400024414062500e+03 4.356177658589082645e-09
1.135700073242187500e+03 4.566531348937046406e-09
1.137000000000000000e+03 4.792426372150891199e-09
1.138300048828125000e+03 5.035435486283624854e-09
1.139599975585937500e+03 5.297321745914687514e-09
1.140900024414062500e+03 5.580100584704681853e-09
1.142199951171875000e+03 5.886015522221781697e-09
1.143500000000000000e+03 6.217647483222877928e-09
1.144800048828125000e+03 6.577991276163023739e-09
1.146099975585937500e+03 6.970393960514287364e-09
1.147400024414062500e+03 7.398776184569559019e-09
1.148699951171875000e+03 7.867617789487828427e-09
1.150000000000000000e+03 8.382204789892327039e-09
1.151299926757812500e+03 8.948594733604483142e-09
1.152599975585937500e+03 9.573951407591133718e-09
1.153899902343750000e+03 1.026667845041925264e-08
1.155199951171875000e+03 1.103674056199560848e-08
1.156500000000000000e+03 1.189592892898189398e-08
1.157799926757812500e+03 1.285850364427403673e-08
1.159099975585937500e+03 1.394155270612299907e-08
1.160400024414062500e+03 1.516559844772729165e-08
1.161700073242187500e+03 1.655604792967087580e-08
1.163000000000000000e+03 1.814407469214968131e-08
1.164300048828125000e+03 1.996823470088875353e-08
1.165599975585937500e+03 2.207688756677650278e-08
1.166900024414062500e+03 2.453122509483861504e-08
1.168199951171875000e+03 2.740939752475925954e-08
1.169500000000000000e+03 3.081201818406664263e-08
1.170800048828125000e+03 3.487075967259428824e-08
1.172099975585937500e+03 3.975954311828609628e-08
1.173400024414062500e+03 4.571131666242086535e-08
1.174699951171875000e+03 5.304186276972810989e-08
1.176000000000000000e+03 6.218502512958445577e-08
1.177299926757812500e+03 7.374389707200427109e-08
1.178599975585937500e+03 8.856482037388183331e-08
1.179899902343750000e+03 1.078372104079987329e-07
1.181199951171875000e+03 1.332149392342222214e-07
1.182500000000000000e+03 1.669055185389869144e-07
1.183799926757812500e+03 2.115287745478224118e-07
1.185099975585937500e+03 2.691919727164804443e-07
1.186400024414062500e+03 3.385745433267158106e-07
1.187700073242187500e+03 4.092291692877948183e-07
1.189000000000000000e+03 4.576661152449495243e-07
1.190300048828125000e+03 4.592023939486980049e-07
1.191599975585937500e+03 4.129344289051736604e-07
1.192900024414062500e+03 3.428171175580111371e-07
1.194199951171875000e+03 2.729523976323408849e-07
1.195500000000000000e+03 2.145190158862385470e-07
1.196799926757812500e+03 1.691795899220628890e-07
1.198099975585937500e+03 1.349259272444354708e-07
1.199400024414062500e+03 1.091294848772445936e-07
1.200699951171875000e+03 8.955190780107104720e-08
1.202000000000000000e+03 7.450834386149319730e-08
1.203299926757812500e+03 6.278526446157585515e-08
1.204599975585937500e+03 5.351998481683043275e-08
1.205899902343750000e+03 4.609708506101478395e-08
1.207199951171875000e+03 4.007469575999667753e-08
1.208499877929687500e+03 3.513093056424591188e-08
1.209800048828125000e+03 3.102884645504928348e-08
1.211099975585937500e+03 2.759192023564752143e-08
1.212400024414062500e+03 2.468635950187476245e-08
1.213700073242187500e+03 2.220964526169695451e-08
1.215000000000000000e+03 2.008272392927132278e-08
1.216300048828125000e+03 1.824342657414565300e-08
1.217599975585937500e+03 1.664284653915224303e-08
1.218900024414062500e+03 1.524180523352446146e-08
1.220199951171875000e+03 1.400880880707388830e-08
1.221500000000000000e+03 1.291823066090710778e-08
1.222799926757812500e+03 1.194917686624443024e-08
1.224099975585937500e+03 1.108435248298581799e-08
1.225400024414062500e+03 1.030945423037118926e-08
1.226699951171875000e+03 9.612526268006752624e-09
1.228000000000000000e+03 8.983489628095165353e-09
1.229299926757812500e+03 8.413874090778874755e-09
1.230599975585937500e+03 7.896460084766513912e-09
1.231899902343750000e+03 7.425096488530981629e-09
1.233199951171875000e+03 6.994480642126404230e-09
1.234499877929687500e+03 6.600099413748505891e-09
1.235800048828125000e+03 6.237989866987408957e-09
1.237099975585937500e+03 5.904759955012548427e-09
1.238400024414062500e+03 5.597435113680197673e-09
1.239700073242187500e+03 5.313385831886288013e-09
1.241000000000000000e+03 5.050338448532455115e-09
1.242300048828125000e+03 4.806285177809039669e-09
1.243599975585937500e+03 4.579437772215842585e-09
1.244900024414062500e+03 4.368235620286652134e-09
1.246199951171875000e+03 4.171258920987349325e-09
1.247500000000000000e+03 3.987260624740435205e-09
1.248799926757812500e+03 3.815147538734468055e-09
1.250099975585937500e+03 3.653901149173108406e-09
1.251400024414062500e+03 3.502633180662859976e-09
1.252699951171875000e+03 3.360549606326275896e-09
1.254000000000000000e+03 3.226908809558556712e-09
1.255299926757812500e+03 3.101062747460575050e-09
1.256599975585937500e+03 2.982416012342639534e-09
1.257899902343750000e+03 2.870437753374503959e-09
1.259199951171875000e+03 2.764632434802338975e-09
1.260500000000000000e+03 2.664544334684584824e-09
1.261800048828125000e+03 2.569789710853273844e-09
1.263099975585937500e+03 2.479985046077231094e-09
1.264400024414062500e+03 2.394799908208307204e-09
1.265699951171875000e+03 2.313921860041749275e-09
1.267000000000000000e+03 2.237053535137902975e-09
1.268300048828125000e+03 2.163949077582588849e-09
1.269599975585937500e+03 2.094361281840874021e-09
1.270900024414062500e+03 2.028073308844809671e-09
1.272199951171875000e+03 1.964868994336824724e-09
1.273500000000000000e+03 1.904571313061239538e-09
1.274799926757812500e+03 1.847000877926051950e-09
1.276099975585937500e+03 1.791998096276999680e-09
1.277400024414062500e+03 1.739407311853687873e-09
1.278699951171875000e+03 1.689092437896667388e-09
1.280000000000000000e+03 1.640926947460169328e-09
1.281299926757812500e+03 1.594784651003613668e-09
1.282599975585937500e+03 1.550559265892554561e-09
1.283899902343750000e+03 1.508144059618961336e-09
1.285199951171875000e+03 1.467441184678106032e-09
1.286500000000000000e+03 1.428358079579883803e-09
1.287800048828125000e+03 1.390812417458248414e-09
1.289099975585937500e+03 1.354725020562246532e-09
1.290400024414062500e+03 1.320023684181493962e-09
1.291699951171875000e+03 1.286634516579660906e-09
1.293000000000000000e+03 1.254491611276551664e-09
1.294300048828125000e+03 1.223538509137254216e-09
1.295599975585937500e+03 1.193711553049497368e-09
1.296900024414062500e+03 1.164961594324124627e-09
1.298199951171875000e+03 1.137233748383771353e-09
1.299500000000000000e+03 1.110483702680319559e-09
1.300799926757812500e+03 1.084660733967065367e-09
1.302099975585937500e+03 1.059728627420419804e-09
1.303399902343750000e+03 1.035644869986604570e-09
1.304699951171875000e+03 1.012369872790143620e-09
1.306000000000000000e+03 9.898687706282028496e-10
1.307299926757812500e+03 9.681065858295520018e-10
1.308599975585937500e+03 9.470538516743764513e-10
1.309899902343750000e+03 9.266767151754081946e-10
1.311200073242187500e+03 9.069503770512765749e-10
1.312500000000000000e+03 8.878448644743838651e-10
1.313800048828125000e+03 8.693332974980291308e-10
1.315099975585937500e+03 8.513946445321155287e-10
1.316400024414062500e+03 8.340043312320649148e-10
1.317699951171875000e+03 8.171407074316012944e-10
1.319000000000000000e+03 8.007819542618542365e-10
1.320300048828125000e+03 7.849081648166895652e-10
1.321599975585937500e+03 7.694999945319541797e-10
1.322900024414062500e+03 7.545381550776929527e-10
1.324199951171875000e+03 7.400087003727723663e-10
1.325500000000000000e+03 7.258938604105867026e-10
1.326799926757812500e+03 7.121779458498605214e-10
1.328099975585937500e+03 6.988452673493185896e-10
1.329399902343750000e+03 6.858819350620252592e-10
1.330699951171875000e+03 6.732761398063755737e-10
1.332000000000000000e+03 6.610124171778867092e-10
1.333299926757812500e+03 6.490812073628783200e-10
1.334599975585937500e+03 6.374683955776222454e-10
1.335899902343750000e+03 6.261627912166928874e-10
1.337200073242187500e+03 6.151530912062682882e-10
1.338500000000000000e+03 6.044331097845550700e-10
1.339800048828125000e+03 5.939878324206556414e-10
1.341099975585937500e+03 5.838115232263614434e-10
1.342400024414062500e+03 5.738918106780865477e-10
1.343699951171875000e+03 5.642236336979999338e-10
1.345000000000000000e+03 5.547967576620441314e-10
1.346300048828125000e+03 5.456028599088972013e-10
1.347599975585937500e+03 5.366353048031811541e-10
1.348900024414062500e+03 5.278850948731969259e-10
1.350199951171875000e+03 5.193470565727174466e-10
1.351500000000000000e+03 5.110141606269777775e-10
1.352799926757812500e+03 5.028786467166374684e-10
1.354099975585937500e+03 4.949355662322619618e-10
1.355399902343750000e+03 4.871781148358788318e-10
1.356699951171875000e+03 4.796011189812612150e-10
1.358000000000000000e+03 4.721987865460024760e-10
1.359299926757812500e+03 4.649661126864702911e-10
1.360599975585937500e+03 4.578975583341498343e-10
1.361900024414062500e+03 4.509877812402196509e-10
1.363200073242187500e+03 4.442328168937123493e-10
1.364500000000000000e+03 4.376285601981652951e-10
1.365800048828125000e+03 4.311688816259833939e-10
1.367099975585937500e+03 4.248519535657277636e-10
1.368400024414062500e+03 4.186706905084353373e-10
1.369699951171875000e+03 4.126229274374785672e-10
1.371000000000000000e+03 4.067060213455457901e-10
1.372300048828125000e+03 4.009138989392401430e-10
1.373599975585937500e+03 3.952445920216273978e-10
1.374900024414062500e+03 3.896927302267871647e-10
1.376199951171875000e+03 3.842585666086109948e-10
1.377500000000000000e+03 3.789350156581358728e-10
1.378799926757812500e+03 3.737219086727673108e-10
1.380099975585937500e+03 3.686149437363493548e-10
1.381399902343750000e+03 3.636105499773012522e-10
1.382699951171875000e+03 3.587076308287597358e-10
1.384000000000000000e+03 3.539028684730358108e-10
1.385299926757812500e+03 3.491932543805299548e-10
1.386599975585937500e+03 3.445762298952278777e-10
1.387900024414062500e+03 3.400505016305727344e-10
1.389200073242187500e+03 3.356124424807857991e-10
1.390500000000000000e+03 3.312603654199236397e-10
1.391800048828125000e+03 3.269913462696839000e-10
1.393099975585937500e+03 3.228044009315994660e-10
1.394400024414062500e+03 3.186968020470617148e-10
1.395699951171875000e+03 3.146667220046316091e-10
1.397000000000000000e+03 3.107125300125636899e-10
1.398299926757812500e+03 3.068314424780511543e-10
1.399599975585937500e+03 3.030225877710229894e-10
1.400900024414062500e+03 2.992840820458423919e-10
1.402199951171875000e+03 2.956129730071079157e-10
1.403500000000000000e+03 2.920098511138999329e-10
1.404799926757812500e+03 2.884709205578452297e-10
1.406099975585937500e+03 2.849960126363496282e-10
1.407399902343750000e+03 2.815825124592004518e-10
1.408699951171875000e+03 2.782304200263977521e-10
1.409999877929687500e+03 2.749371766819270840e-10
1.411299926757812500e+03 2.717014046879345393e-10
1.412599975585937500e+03 2.685219231262595811e-10
1.413900024414062500e+03 2.653984789430106583e-10
1.415200073242187500e+03 2.623278386717959425e-10
1.416500000000000000e+03 2.593103116007050613e-10
1.417800048828125000e+03 2.563448292799737340e-10
1.419099975585937500e+03 2.534286362338941443e-10
1.420400024414062500e+03 2.505620417505559198e-10
1.421699951171875000e+03 2.477433588040154731e-10
1.423000000000000000e+03 2.449720531693906639e-10
1.424299926757812500e+03 2.422463534694407901e-10
1.425599975585937500e+03 2.395660066502742490e-10
1.426900024414062500e+03 2.369287633439662746e-10
1.428199951171875000e+03 2.343349609557056361e-10
1.429500000000000000e+03 2.317833201574850334e-10
1.430799926757812500e+03 2.292725194456487382e-10
1.432099975585937500e+03 2.268027134642414868e-10
1.433399902343750000e+03 2.243713716743479498e-10
1.434699951171875000e+03 2.219793235303904276e-10
1.435999877929687500e+03 2.196247976551281406e-10
1.437299926757812500e+03 2.173078221656601011e-10
1.438599975585937500e+03 2.150258946401700439e-10
1.439900024414062500e+03 2.127800554113231079e-10
1.441200073242187500e+03 2.105690532682112382e-10
1.442500000000000000e+03 2.083920306393130443e-10
1.443800048828125000e+03 2.062482002458548608e-10
1.445099975585937500e+03 2.041372949753956432e-10
1.446400024414062500e+03 2.020583729051168608e-10
1.447699951171875000e+03 2.000109560443345014e-10
1.449000000000000000e+03 1.979937088308432659e-10
1.450299926757812500e+03 1.960073201335700825e-10
1.451599975585937500e+03 1.940500326338237424e-10
1.452900024414062500e+03 1.921211574626772398e-10
1.454199951171875000e+03 1.902213694305080355e-10
1.455500000000000000e+03 1.883493751507594138e-10
1.456799926757812500e+03 1.865042608177118559e-10
1.458099975585937500e+03 1.846859561386177922e-10
1.459399902343750000e+03 1.828945595233238565e-10
1.460699951171875000e+03 1.811281590090940521e-10
1.461999877929687500e+03 1.793871060596665897e-10
1.463300048828125000e+03 1.776707399232136052e-10
1.464599975585937500e+03 1.759791730681312774e-10
1.465900024414062500e+03 1.743107747026741731e-10
1.467200073242187500e+03 1.726665289253093804e-10
1.468500000000000000e+03 1.710449455297867350e-10
1.469800048828125000e+03 1.694457855207642566e-10
1.471099975585937500e+03 1.678684443806121059e-10
1.472400024414062500e+03 1.663132173388704688e-10
1.473699951171875000e+03 1.647791202970722052e-10
1.475000000000000000e+03 1.632660829624696680e-10
1.476299926757812500e+03 1.617736414029283899e-10
1.477599975585937500e+03 1.603014582132596794e-10
1.478900024414062500e+03 1.588491819297252222e-10
1.480199951171875000e+03 1.574159549808037572e-10
1.481500000000000000e+03 1.560023256499269440e-10
1.482799926757812500e+03 1.546071270774837646e-10
1.484099975585937500e+03 1.532305279660686294e-10
1.485399902343750000e+03 1.518720784420965130e-10
1.486699951171875000e+03 1.505312723977843907e-10
1.488000000000000000e+03 1.492079973647360320e-10
1.489300048828125000e+03 1.479018737621141104e-10
1.490599975585937500e+03 1.466129578241167283e-10
1.491900024414062500e+03 1.453406169160150856e-10
1.493199951171875000e+03 1.440843027543774712e-10
1.494500000000000000e+03 1.428441981003478404e-10
1.495800048828125000e+03 1.416198530803411419e-10
1.497099975585937500e+03 1.404109584062677741e-10
1.498400024414062500e+03 1.392175703123258650e-10
1.499699951171875000e+03 1.380389858710389157e-10
1.501000000000000000e+03 1.368750785554610989e-10
1.502299926757812500e+03 1.357257921313943899e-10
1.503599975585937500e+03 1.345906907838033080e-10
1.504899902343750000e+03 1.334699291567327187e-10
1.506199951171875000e+03 1.323624106833192257e-10
1.507500000000000000e+03 1.312689367008860651e-10
1.508799926757812500e+03 1.301885512280652387e-10
1.510099975585937500e+03 1.291215073187482457e-10
1.511399902343750000e+03 1.280671582796567412e-10
1.512699951171875000e+03 1.270258555745289360e-10
1.514000000000000000e+03 1.259964323437538638e-10
1.515300048828125000e+03 1.249798445686995746e-10
1.516599975585937500e+03 1.239753330876914414e-10
1.517900024414062500e+03 1.229826026711893556e-10
1.519199951171875000e+03 1.220018501388866884e-10
1.520500000000000000e+03 1.210326115586489985e-10
1.521800048828125000e+03 1.200747182278819014e-10
1.523099975585937500e+03 1.191277765071985772e-10
1.524400024414062500e+03 1.181919972748419419e-10
1.525699951171875000e+03 1.172669658036009231e-10
1.527000000000000000e+03 1.163529421766417924e-10
1.528299926757812500e+03 1.154494624618300569e-10
1.529599975585937500e+03 1.145560416392069320e-10
1.530899902343750000e+03 1.136729819675873244e-10
1.532199951171875000e+03 1.127996648707919145e-10
1.533500000000000000e+03 1.119367511006486181e-10
1.534799926757812500e+03 1.110829824169744783e-10
1.536099975585937500e+03 1.102392866840385199e-10
1.537399902343750000e+03 1.094051648233323747e-10
1.538700073242187500e+03 1.085800966685234729e-10
1.540000000000000000e+03 1.077640611317875232e-10
1.541300048828125000e+03 1.069573885890384575e-10
1.542599975585937500e+03 1.061594393762726645e-10
1.543900024414062500e+03 1.053703892253592885e-10
1.545199951171875000e+03 1.045896898528666569e-10
1.546500000000000000e+03 1.038179809227983683e-10
1.547800048828125000e+03 1.030544329807321739e-10
1.549099975585937500e+03 1.022990319681185287e-10
1.550400024414062500e+03 1.015519887632004005e-10
1.551699951171875000e+03 1.008129940778881230e-10
1.553000000000000000e+03 1.000819424730602253e-10
1.554299926757812500e+03 9.935877771451856620e-11
1.555599975585937500e+03 9.864331001184452123e-11
1.556899902343750000e+03 9.793530739897083097e-11
1.558199951171875000e+03 9.723482611009562362e-11
1.559500000000000000e+03 9.654174664754788322e-11
1.560799926757812500e+03 9.585578784033703341e-11
1.562099975585937500e+03 9.517725194727795510e-11
1.563399902343750000e+03 9.450574532898380260e-11
1.564700073242187500e+03 9.384102899011256986e-11
1.566000000000000000e+03 9.318351062860064753e-11
1.567300048828125000e+03 9.253250137552104276e-11
1.568599975585937500e+03 9.188842298735966532e-11
1.569900024414062500e+03 9.125075529778389401e-11
1.571199951171875000e+03 9.061970918503670959e-11
1.572500000000000000e+03 8.999514406362279155e-11
1.573800048828125000e+03 8.937699667006926506e-11
1.575099975585937500e+03 8.876482416006591583e-11
1.576400024414062500e+03 8.815916778776966956e-11
1.577699951171875000e+03 8.755928947933019064e-11
1.579000000000000000e+03 8.696554772776051400e-11
1.580299926757812500e+03 8.637773165481765890e-11
1.581599975585937500e+03 8.579582017267735958e-11
1.582899902343750000e+03 8.521965863729477643e-11
1.584199951171875000e+03 8.464917675592226213e-11
1.585500000000000000e+03 8.408426206016357322e-11
1.586799926757812500e+03 8.352511136971213252e-11
1.588099975585937500e+03 8.297121154751009135e-11
1.589400024414062500e+03 8.242271723760228931e-11
1.590700073242187500e+03 8.187964952781301802e-11
1.592000000000000000e+03 8.134189594974603400e-11
1.593300048828125000e+03 8.080940026920320907e-11
1.594599975585937500e+03 8.028192349084256302e-11
1.595900024414062500e+03 7.975943046829024633e-11
1.597199951171875000e+03 7.924196337719485516e-11
1.598500000000000000e+03 7.872962765667787341e-11
1.599799926757812500e+03 7.822202263807769584e-11
1.601099975585937500e+03 7.771919752631766525e-11
1.602400024414062500e+03 7.722123667269497392e-11
1.603699951171875000e+03 7.672797840389002268e-11
1.605000000000000000e+03 7.623924698803369323e-11
1.606299926757812500e+03 7.575511271787361997e-11
1.607599975585937500e+03 7.527560371050887992e-11
1.608899902343750000e+03 7.480035444365167858e-11
1.610199951171875000e+03 7.432984290798605392e-11
1.611500000000000000e+03 7.386353487862986562e-11
1.612799926757812500e+03 7.340142332630834120e-11
1.614099975585937500e+03 7.294364180724201574e-11
1.615400024414062500e+03 7.248998647246269392e-11
1.616700073242187500e+03 7.204047138051992070e-11
1.618000000000000000e+03 7.159519494126040751e-11
1.619300048828125000e+03 7.115384083731972849e-11
1.620599975585937500e+03 7.071655668346793783e-11
1.621900024414062500e+03 7.028315971856117060e-11
1.623199951171875000e+03 6.985376944027041691e-11
1.624500000000000000e+03 6.942816794107794937e-11
1.625799926757812500e+03 6.900639739663237707e-11
1.627099975585937500e+03 6.858845077765891459e-11
1.628400024414062500e+03 6.817422264503612973e-11
1.629699951171875000e+03 6.776358647181820820e-11
1.631000000000000000e+03 6.735657740437899951e-11
1.632299926757812500e+03 6.695306188649795565e-11
1.633599975585937500e+03 6.655326485496756356e-11
1.634899902343750000e+03 6.615697543154488128e-11
1.636199951171875000e+03 6.576414441130654018e-11
1.637499877929687500e+03 6.537479991135161727e-11
1.638799926757812500e+03 6.498867481923901656e-11
1.640099975585937500e+03 6.460603624740983405e-11
1.641400024414062500e+03 6.422651164430151568e-11
1.642700073242187500e+03 6.385042435655324688e-11
1.644000000000000000e+03 6.347754241809779407e-11
1.645300048828125000e+03 6.310794315095755121e-11
1.646599975585937500e+03 6.274145082326342586e-11
1.647900024414062500e+03 6.237788970314627386e-11
1.649199951171875000e+03 6.201761828361910431e-11
1.650500000000000000e+03 6.166039756933992406e-11
1.651799926757812500e+03 6.130623458958349268e-11
1.653099975585937500e+03 6.095491143683208280e-11
1.654400024414062500e+03 6.060675145772489277e-11
1.655699951171875000e+03 6.026141724707321804e-11
1.657000000000000000e+03 5.991884554140415793e-11
1.658299926757812500e+03 5.957924721896066733e-11
1.659599975585937500e+03 5.924237625512596768e-11
1.660899902343750000e+03 5.890840135249441773e-11
1.662199951171875000e+03 5.857715029383427895e-11
1.663499877929687500e+03 5.824861604987079179e-11
1.664799926757812500e+03 5.792295326464878294e-11
1.666099975585937500e+03 5.759966285965992928e-11
1.667400024414062500e+03 5.727927554514900426e-11
1.668700073242187500e+03 5.696131333043197639e-11
1.670000000000000000e+03 5.664617688417045736e-11
1.671300048828125000e+03 5.633339524495518169e-11
1.672599975585937500e+03 5.602321092276555461e-11
1.673900024414062500e+03 5.571543764182029909e-11
1.675199951171875000e+03 5.541033899992310550e-11
1.676500000000000000e+03 5.510742646247779654e-11
1.677799926757812500e+03 5.480722722509176588e-11
1.679099975585937500e+03 5.450929492881741296e-11
1.680400024414062500e+03 5.421371392495193656e-11
1.681699951171875000e+03 5.392036823046170695e-11
1.683000000000000000e+03 5.362951089923826871e-11
1.684299926757812500e+03 5.334089239202745705e-11
1.685599975585937500e+03 5.305473764562175890e-11
1.686899902343750000e+03 5.277055109615023739e-11
1.688199951171875000e+03 5.248881776357168359e-11
1.689499877929687500e+03 5.220909128893850987e-11
1.690800048828125000e+03 5.193174422381327676e-11
1.692099975585937500e+03 5.165638644344651190e-11
1.693400024414062500e+03 5.138322179680641062e-11
1.694699951171875000e+03 5.111217296187055311e-11
1.696000000000000000e+03 5.084321533617726151e-11
1.697300048828125000e+03 5.057648247594707738e-11
1.698599975585937500e+03 5.031159831498007331e-11
1.699900024414062500e+03 5.004886862672851000e-11
1.701199951171875000e+03 4.978801926947657065e-11
1.702500000000000000e+03 4.952924706291767162e-11
1.703799926757812500e+03 4.927254497777704690e-11
1.705099975585937500e+03 4.901765996016315838e-11
1.706400024414062500e+03 4.876470447847223659e-11
1.707699951171875000e+03 4.851372773762765019e-11
1.709000000000000000e+03 4.826445208127617674e-11
1.710299926757812500e+03 4.801730629517847264e-11
1.711599975585937500e+03 4.777183347647483032e-11
1.712899902343750000e+03 4.752833236934275735e-11
1.714199951171875000e+03 4.728647962714304893e-11
1.715500000000000000e+03 4.704652478912987628e-11
1.716800048828125000e+03 4.680838350400606006e-11
1.718099975585937500e+03 4.657201008148562433e-11
1.719400024414062500e+03 4.633738343374427102e-11
1.720699951171875000e+03 4.610443678267173904e-11
1.722000000000000000e+03 4.587315255508111012e-11
1.723300048828125000e+03 4.564368890965460364e-11
1.724599975585937500e+03 4.541574007293993955e-11
1.725900024414062500e+03 4.518958370129034027e-11
1.727199951171875000e+03 4.496506163602357993e-11
1.728500000000000000e+03 4.474220902351348868e-11
1.729799926757812500e+03 4.452082552942927680e-11
1.731099975585937500e+03 4.430116069302508325e-11
1.732399902343750000e+03 4.408318288256447706e-11
1.733699951171875000e+03 4.386661795633162852e-11
1.735000000000000000e+03 4.365165570474517506e-11
1.736299926757812500e+03 4.343816960085936700e-11
1.737599975585937500e+03 4.322622642278445897e-11
1.738899902343750000e+03 4.301579453878400707e-11
1.740199951171875000e+03 4.280696181479257694e-11
1.741499877929687500e+03 4.259957009212796855e-11
1.742799926757812500e+03 4.239355962195466101e-11
1.744099853515625000e+03 4.218912019469132404e-11
1.745399902343750000e+03 4.198600227108378642e-11
1.746699951171875000e+03 4.178435346590212817e-11
1.747999877929687500e+03 4.158419135233324822e-11
1.749299926757812500e+03 4.138532613995849620e-11
1.750599853515625000e+03 4.118799682411987819e-11
1.751899902343750000e+03 4.099193980701372964e-11
1.753199829101562500e+03 4.079717969110169612e-11
1.754500122070312500e+03 4.060384651796695229e-11
1.755800048828125000e+03 4.041177861428989253e-11
1.757100097656250000e+03 4.022110953629105836e-11
1.758400024414062500e+03 4.003175844731064375e-11
1.759700073242187500e+03 3.984371831807389559e-11
1.761000000000000000e+03 3.965697509003127537e-11
1.762300048828125000e+03 3.947153579245754912e-11
1.763600097656250000e+03 3.928721766420882605e-11
1.764900024414062500e+03 3.910429484700095526e-11
1.766200073242187500e+03 3.892254591867881668e-11
1.767500000000000000e+03 3.874212200864987660e-11
1.768800048828125000e+03 3.856276654838519774e-11
1.770099975585937500e+03 3.838470798931465329e-11
1.771400024414062500e+03 3.820790064115227378e-11
1.772699951171875000e+03 3.803220391840273872e-11
1.774000000000000000e+03 3.785774786264922279e-11
1.775300048828125000e+03 3.768438485912165887e-11
1.776599975585937500e+03 3.751217465665553555e-11
1.777900024414062500e+03 3.734122972364710275e-11
1.779199951171875000e+03 3.717127943301791700e-11
1.780500000000000000e+03 3.700254520692305314e-11
1.781799926757812500e+03 3.683488997450460924e-11
1.783099975585937500e+03 3.666837699923546660e-11
1.784399902343750000e+03 3.650298870792871984e-11
1.785699951171875000e+03 3.633858100045167516e-11
1.787000000000000000e+03 3.617529446229964012e-11
1.788299926757812500e+03 3.601316072520905214e-11
1.789599975585937500e+03 3.585194782311267119e-11
1.790899902343750000e+03 3.569188420744036398e-11
1.792199951171875000e+03 3.553284335124634853e-11
1.793499877929687500e+03 3.537482876916801109e-11
1.794799926757812500e+03 3.521784397584273789e-11
1.796099853515625000e+03 3.506187491272099690e-11
1.797399902343750000e+03 3.490692860907755413e-11
1.798699951171875000e+03 3.475291719897785044e-11
1.799999877929687500e+03 3.459998829719194649e-11
1.801299926757812500e+03 3.444798023040024957e-11
1.802599853515625000e+03 3.429695977671302074e-11
1.803899902343750000e+03 3.414688827511906305e-11
1.805200073242187500e+03 3.399771652069501430e-11
1.806500122070312500e+03 3.384952183546328786e-11
1.807800048828125000e+03 3.370233585116034051e-11
1.809100097656250000e+03 3.355603907011514985e-11
1.810400024414062500e+03 3.341072990217443376e-11
1.811700073242187500e+03 3.326628884966718274e-11
1.813000000000000000e+03 3.312277917606629102e-11
1.814300048828125000e+03 3.298007786906336286e-11
1.815599975585937500e+03 3.283837823371444131e-11
1.816900024414062500e+03 3.269753968452422528e-11
1.818200073242187500e+03 3.255755870685532851e-11
1.819500000000000000e+03 3.241841772752083919e-11
1.820800048828125000e+03 3.228019055390579087e-11
1.822099975585937500e+03 3.214283852499898657e-11
1.823400024414062500e+03 3.200629134805275959e-11
1.824699951171875000e+03 3.187057714016617402e-11
1.826000000000000000e+03 3.173580836973547334e-11
1.827299926757812500e+03 3.160170738040744804e-11
1.828599975585937500e+03 3.146854128462315535e-11
1.829900024414062500e+03 3.133612029196394493e-11
1.831199951171875000e+03 3.120465528067276520e-11
1.832500000000000000e+03 3.107380181628613266e-11
1.833799926757812500e+03 3.094390784790491704e-11
1.835099975585937500e+03 3.081474140946187187e-11
1.836399902343750000e+03 3.068630250095699712e-11
1.837699951171875000e+03 3.055868601759961799e-11
1.838999877929687500e+03 3.043188493011497491e-11
1.840299926757812500e+03 3.030579731401897021e-11
1.841599975585937500e+03 3.018042668394899015e-11
1.842899902343750000e+03 3.005586442047697364e-11
1.844199951171875000e+03 2.993202265766836801e-11
1.845499877929687500e+03 2.980896817363342787e-11
1.846799926757812500e+03 2.968662013171237301e-11
1.848099853515625000e+03 2.956507694175189548e-11
1.849399902343750000e+03 2.944413651210251568e-11
1.850699829101562500e+03 2.932395172949036395e-11
1.851999877929687500e+03 2.920449271949769276e-11
1.853299926757812500e+03 2.908580692972916148e-11
1.854599853515625000e+03 2.896769402585397718e-11
1.855900024414062500e+03 2.885034379829078374e-11
1.857200073242187500e+03 2.873369649820408288e-11
1.858500122070312500e+03 2.861771697922005741e-11
1.859800048828125000e+03 2.850240172670131139e-11
1.861100097656250000e+03 2.838777182847214935e-11
1.862400024414062500e+03 2.827388527604937968e-11
1.863700073242187500e+03 2.816058215343209957e-11
1.865000000000000000e+03 2.804791518018104450e-11
1.866300048828125000e+03 2.793592301730742438e-11
1.867599975585937500e+03 2.782466892828412050e-11
1.868900024414062500e+03 2.771397015196724854e-11
1.870200073242187500e+03 2.760391806892875065e-11
1.871500000000000000e+03 2.749452146576208277e-11
1.872800048828125000e+03 2.738567314602707754e-11
1.874099975585937500e+03 2.727754356963679007e-11
1.875400024414062500e+03 2.717006595848094635e-11
1.876699951171875000e+03 2.706313487343807864e-11
1.878000000000000000e+03 2.695681709261845123e-11
1.879299926757812500e+03 2.685112140261552005e-11
1.880599975585937500e+03 2.674596520945079885e-11
1.881900024414062500e+03 2.664145043760837559e-11
1.883199951171875000e+03 2.653754721267050599e-11
1.884500000000000000e+03 2.643424850536241432e-11
1.885799926757812500e+03 2.633149105221122575e-11
1.887099975585937500e+03 2.622931527154683685e-11
1.888399902343750000e+03 2.612776685365521707e-11
1.889699951171875000e+03 2.602676496187657007e-11
1.890999877929687500e+03 2.592632189744173799e-11
1.892299926757812500e+03 2.582642184448249568e-11
1.893599975585937500e+03 2.572709467741659388e-11
1.894899902343750000e+03 2.562829470595805991e-11
1.896199951171875000e+03 2.553009222285455076e-11
1.897499877929687500e+03 2.543236773043505696e-11
1.898799926757812500e+03 2.533526005687618326e-11
1.900099853515625000e+03 2.523862334472656210e-11
1.901399902343750000e+03 2.514260345143756104e-11
1.902699829101562500e+03 2.504705803419519553e-11
1.903999877929687500e+03 2.495200115154899118e-11
1.905299926757812500e+03 2.485750836820267466e-11
1.906600097656250000e+03 2.476352872191419714e-11
1.907900024414062500e+03 2.467011317492560423e-11
1.909200073242187500e+03 2.457718440521448580e-11
1.910500000000000000e+03 2.448471956763785390e-11
1.911800048828125000e+03 2.439274677929476293e-11
1.913100097656250000e+03 2.430131700242726819e-11
1.914400024414062500e+03 2.421037576015593459e-11
1.915700073242187500e+03 2.411992480979945203e-11
1.917000000000000000e+03 2.403001335628117945e-11
1.918300048828125000e+03 2.394055704830394071e-11
1.919599975585937500e+03 2.385158048832940398e-11
1.920900024414062500e+03 2.376305907389589785e-11
1.922199951171875000e+03 2.367502267942117310e-11
1.923500000000000000e+03 2.358740804143234518e-11
1.924800048828125000e+03 2.350038561984245950e-11
1.926099975585937500e+03 2.341370060344129453e-11
1.927400024414062500e+03 2.332754102532880426e-11
1.928699951171875000e+03 2.324185592326295278e-11
1.930000000000000000e+03 2.315662245210074243e-11
1.931299926757812500e+03 2.307182303865526786e-11
1.932599975585937500e+03 2.298747174147606110e-11
1.933899902343750000e+03 2.290357031788180882e-11
1.935199951171875000e+03 2.282009943736690606e-11
1.936500000000000000e+03 2.273706964384350833e-11
1.937799926757812500e+03 2.265447742267422292e-11
1.939099975585937500e+03 2.257232453117774941e-11
1.940399902343750000e+03 2.249060921203538822e-11
1.941699951171875000e+03 2.240932970792845915e-11
1.942999877929687500e+03 2.232848777617564240e-11
1.944299926757812500e+03 2.224803948380966162e-11
1.945599853515625000e+03 2.216798658814920994e-11
1.946899902343750000e+03 2.208839938194193791e-11
1.948199951171875000e+03 2.200917066874767173e-11
1.949499877929687500e+03 2.193044279138041209e-11
1.950799926757812500e+03 2.185204001797102777e-11
1.952099853515625000e+03 2.177406251568492329e-11
1.953399902343750000e+03 2.169651379915948169e-11
1.954699829101562500e+03 2.161935169274610680e-11
1.955999877929687500e+03 2.154254632202705434e-11
1.957300048828125000e+03 2.146615743583782582e-11
1.958600097656250000e+03 2.139015867439805026e-11
1.959900024414062500e+03 2.131457815480678853e-11
1.961200073242187500e+03 2.123938951728366965e-11
1.962500000000000000e+03 2.116454531422403750e-11
1.963800048828125000e+03 2.109008244932039917e-11
1.965100097656250000e+03 2.101600970916621380e-11
1.966400024414062500e+03 2.094234466694839646e-11
1.967700073242187500e+03 2.086903284578751853e-11
1.969000000000000000e+03 2.079609006155179548e-11
1.970300048828125000e+03 2.072346359468049830e-11
1.971599975585937500e+03 2.065128700139415560e-11
1.972900024414062500e+03 2.057944254134045424e-11
1.974199951171875000e+03 2.050791264133248561e-11
1.975500000000000000e+03 2.043675880752444114e-11
1.976800048828125000e+03 2.036600739969668855e-11
1.978099975585937500e+03 2.029557055191466547e-11
1.979400024414062500e+03 2.022549922642042073e-11
1.980699951171875000e+03 2.015578815125787820e-11
1.982000000000000000e+03 2.008639163614106518e-11
1.983299926757812500e+03 2.001739578968585738e-11
1.984599975585937500e+03 1.994870395936423006e-11
1.985899902343750000e+03 1.988034250495655419e-11
1.987199951171875000e+03 1.981236941797964463e-11
1.988500000000000000e+03 1.974465465685033960e-11
1.989799926757812500e+03 1.967735110829479208e-11
1.991099975585937500e+03 1.961034278927936588e-11
1.992399902343750000e+03 1.954364375835359629e-11
1.993699951171875000e+03 1.947726280211094246e-11
1.994999877929687500e+03 1.941127548525512459e-11
1.996299926757812500e+03 1.934557988330205151e-11
1.997599853515625000e+03 1.928019708407601481e-11
1.998899902343750000e+03 1.921511478634618204e-11
