4.978629975230700923e-03
5.017593728776642212e-03
5.038395674964048394e-03
5.053049759776225003e-03
5.064400381471284400e-03
5.073743579980831940e-03
5.081612740409018926e-03
5.088548426995891799e-03
5.094623341572514577e-03
5.100278251154936014e-03
5.105397202771941832e-03
5.110086312098762427e-03
5.114454998438615688e-03
5.118548440685633492e-03
5.122407435725477229e-03
5.126004268217853287e-03
5.129423576988969766e-03
5.132611131402907249e-03
5.135718900578843324e-03
5.138637117683743545e-03
5.141456490776689231e-03
5.144167799316826974e-03
5.146739800420223158e-03
5.149262330493015703e-03
5.151653749292400657e-03
5.153999764256263563e-03
5.156247704157188375e-03
5.158466437837490662e-03
5.160578373620229239e-03
5.162643211774496990e-03
5.164674092219869068e-03
5.166649493587024272e-03
5.168544656432387356e-03
5.170413904099728682e-03
5.172195591564716574e-03
5.173968005195332155e-03
5.175690231930602479e-03
5.177391737186742143e-03
5.179032659474377097e-03
5.180616161436201947e-03
5.182204767995702774e-03
5.183772271289497496e-03
5.185278837204913664e-03
5.186758497971149205e-03
5.188221026093539461e-03
5.189655325781735405e-03
5.191070177981645800e-03
5.192452402581189917e-03
5.193815958009943140e-03
5.195153772846325228e-03
5.196490665507197751e-03
5.197800222864029131e-03
5.199090458638824797e-03
5.200374006970688578e-03
5.201632185121378600e-03
5.202845142315982128e-03
5.204046934040286454e-03
5.205226389686195068e-03
5.206400283540578086e-03
5.207538365084590434e-03
5.208675376647305642e-03
5.209810141715244189e-03
5.210927504634348811e-03
5.212008745927624968e-03
5.213102434723899080e-03
5.214196692493720288e-03
5.215261526639675127e-03
5.216333931303585546e-03
5.217380758929818056e-03
5.218403078097213522e-03
5.219418223997722255e-03
5.220424702042120169e-03
5.221433620352396339e-03
5.222414668248945638e-03
5.223371788617535948e-03
5.224346087224924703e-03
5.225289066697006574e-03
5.226248676186029223e-03
5.227175169596658469e-03
5.228086002680289862e-03
5.229013174071867401e-03
5.229923124532145050e-03
5.230831111435340144e-03
5.231735076833417611e-03
5.232622629052360690e-03
5.233500344877099406e-03
5.234374490721861554e-03
5.235236160685977427e-03
5.236097001782920486e-03
5.236919920414197585e-03
5.237763205004535363e-03
5.238594104338909103e-03
5.239412463536869194e-03
5.240229189648039354e-03
5.241044930211236422e-03
5.241847774091501835e-03
5.242649746382141256e-03
5.243442409226153032e-03
5.244228263597053123e-03
5.245004614627745559e-03
5.245775325833255606e-03
5.246550423756989566e-03
5.247302043756777411e-03
5.248065408941681408e-03
5.248820087295727466e-03
5.249574671920980568e-03
5.250327057579282433e-03
5.251062585480594479e-03
5.251804716797919305e-03
5.252537835424618204e-03
5.253261844725316126e-03
5.253985854423457412e-03
5.254697592791124361e-03
5.255400790830888104e-03
5.256111824532784874e-03
5.256819193058359478e-03
5.257515517450049754e-03
5.258220738734471246e-03
5.258916910759100713e-03
5.259604619027222032e-03
5.260298610104185112e-03
5.260987468440984742e-03
5.261661882871808589e-03
5.262334329627280788e-03
5.262997164232536586e-03
5.263657642543312538e-03
5.264321347361651353e-03
5.264978082277880708e-03
5.265621463829734880e-03
5.266272129604838807e-03
5.266919593120326405e-03
5.267556370490918821e-03
5.268204918049925432e-03
5.268848595063760874e-03
5.269486015305440384e-03
5.270113766042284174e-03
5.270751563030412826e-03
5.271379269535974785e-03
5.271996264723713584e-03
5.272610000907424800e-03
5.273220248047697303e-03
5.273834215648517953e-03
5.274447717014422478e-03
5.275048935389240953e-03
5.275656108698826077e-03
5.276260143280822601e-03
5.276863391477992944e-03
5.277463395709050195e-03
5.278046814826783083e-03
5.278640167651131067e-03
5.279238897142732832e-03
5.279820550467414011e-03
5.280403833079099982e-03
5.280988247293865422e-03
5.281551910720370425e-03
5.282126464863338630e-03
5.282699875166667509e-03
5.283267815229085972e-03
5.283846516614895857e-03
5.284407272763156325e-03
5.284968823062010171e-03
5.285523992350180632e-03
5.286073895565777427e-03
5.286622145612307304e-03
5.287178814282922357e-03
5.287730168213124020e-03
5.288287634830788654e-03
5.288825473511080642e-03
5.289368637736886758e-03
5.289910584035341021e-03
5.290453789681178604e-03
5.291000647562382753e-03
5.291527642697647568e-03
5.292058970366855103e-03
5.292598658510288753e-03
5.293133767574084367e-03
5.293664569340580765e-03
5.294191289505026030e-03
5.294713460689581472e-03
5.295239147736371943e-03
5.295750922104044273e-03
5.296267736824288551e-03
5.296788980110752297e-03
5.297310102389356061e-03
5.297821852756385771e-03
5.298344393994818512e-03
5.298864233736796762e-03
5.299367102654097168e-03
5.299873177704860459e-03
5.300392614757037067e-03
5.300894620961561256e-03
5.301395668743651146e-03
5.301900903648452089e-03
5.302401986450634708e-03
5.302895859933948880e-03
5.303391873402726192e-03
5.303883142347419130e-03
5.304373134586941665e-03
5.304861140426824807e-03
5.305346666425245564e-03
5.305831785235611345e-03
5.306319224718402186e-03
5.306807330019390478e-03
5.307302401179984051e-03
5.307785833134236707e-03
5.308257765434515503e-03
5.308733849704473824e-03
5.309217057643111394e-03
5.309696140796438778e-03
5.310164161026929668e-03
5.310631366472065053e-03
5.311102718863123379e-03
5.311574272621704187e-03
5.312044272000216762e-03
5.312516136987507909e-03
5.312986213065043484e-03
5.313450880066984509e-03
5.313925143855879191e-03
5.314385377972298888e-03
5.314836852977582529e-03
5.315298664156769930e-03
5.315762713209772408e-03
5.316222683146831426e-03
5.316677614948975977e-03
5.317145301888141773e-03
5.317596747942634865e-03
5.318052694303613930e-03
5.318505344886658576e-03
5.318958911829182838e-03
5.319416509855926997e-03
5.319858785482165647e-03
5.320302289837494994e-03
5.320748718844723474e-03
5.321198488177789065e-03
5.321638685829479208e-03
5.322093615661034269e-03
5.322542268011569953e-03
5.322980092739672438e-03
5.323422662433728927e-03
5.323870746219067952e-03
5.324313676248952458e-03
5.324753404531337025e-03
5.325191542363110972e-03
5.325639245696656664e-03
5.326074810115068864e-03
5.326517385846691634e-03
5.326949655705052848e-03
5.327381401750492206e-03
5.327810490245264187e-03
5.328235771790682321e-03
5.328666261513683236e-03
5.329102050954526680e-03
5.329539142166985974e-03
5.329957836031699349e-03
5.330384011000723413e-03
5.330814071505195553e-03
5.331228405183812205e-03
5.331649973502800011e-03
5.332075566580158146e-03
5.332492589506979998e-03
5.332915626623660650e-03
5.333336223703852470e-03
5.333754767985744889e-03
5.334170338330230209e-03
5.334586787584724536e-03
5.335000019898488571e-03
5.335422420681672044e-03
5.335850211069397692e-03
5.336264179927275621e-03
5.336677997971620881e-03
5.337088027776418567e-03
5.337501955584660583e-03
5.337912306439448681e-03
5.338317354684975376e-03
5.338733250409748513e-03
5.339142162575632490e-03
5.339550500641835479e-03
5.339959049867995175e-03
5.340366792523087124e-03
5.340776291681482123e-03
5.341177640031885034e-03
5.341579218059600703e-03
5.341981199752637161e-03
5.342379993897922695e-03
5.342785522948336613e-03
5.343188308405595784e-03
5.343592830789886845e-03
5.343995535323177101e-03
5.344395137592872908e-03
5.344793181327443972e-03
5.345197846982573803e-03
5.345591791050164840e-03
5.345984062613563445e-03
5.346378848278185263e-03
5.346771623235524115e-03
5.347167587290590184e-03
5.347566506280516420e-03
5.347957377907829567e-03
5.348345051247861866e-03
5.348741809592738941e-03
5.349128385494976087e-03
5.349523068868940190e-03
5.349926918545380890e-03
5.350313802297032399e-03
5.350706991386699508e-03
5.351108766956226212e-03
5.351507624119163607e-03
5.351897882559725379e-03
5.352283751942760008e-03
5.352678734137027682e-03
5.353067647169419165e-03
5.353448106744079088e-03
5.353837032618441114e-03
5.354219747368194580e-03
5.354602906267579183e-03
5.354996012502370555e-03
5.355373813591994200e-03
5.355752703670745886e-03
5.356133256566810233e-03
5.356519759895616607e-03
5.356899887555263695e-03
5.357283279269281322e-03
5.357660186973382289e-03
5.358040450565790085e-03
5.358410028874538260e-03
5.358792462543330269e-03
5.359173729556234930e-03
5.359555258285268395e-03
5.359931146460742042e-03
5.360312834373923141e-03
5.360686290811620368e-03
5.361066808918729144e-03
5.361442504219627973e-03
5.361817961312457213e-03
5.362192144473870367e-03
5.362573984745177581e-03
5.362949392357070112e-03
5.363324826704329168e-03
5.363694223577272595e-03
5.364066140744189540e-03
5.364439088163428307e-03
5.364813608932783931e-03
5.365188451440786564e-03
5.365561243545469844e-03
5.365931614234725582e-03
5.366305046841777886e-03
5.366684292385261873e-03
5.367054690689081892e-03
5.367422098354002191e-03
5.367788305114067765e-03
5.368154328691390927e-03
5.368520798382038321e-03
5.368888558563089490e-03
5.369255966872057105e-03
5.369620202801222292e-03
5.369990916998509944e-03
5.370352082786807035e-03
5.370713399937474680e-03
5.371070250838209069e-03
5.371424586652933340e-03
5.371798518668055231e-03
5.372159379398627581e-03
5.372531284246344178e-03
5.372890006326600659e-03
5.373255317074954358e-03
5.373626994898678469e-03
5.373993077863552063e-03
5.374357362499141560e-03
5.374723308789497965e-03
5.375087902759247312e-03
5.375456335249195403e-03
5.375824757585231928e-03
5.376192672118230986e-03
5.376552265208287343e-03
5.376908856710663903e-03
5.377269208781630498e-03
5.377630493439247358e-03
5.377992903861271261e-03
5.378353089340628425e-03
5.378713005238889427e-03
5.379073391254908520e-03
5.379425392391061662e-03
5.379778041113105098e-03
5.380130669800995379e-03
5.380488415157481420e-03
5.380844594796295628e-03
5.381198974346954045e-03
5.381558328083993828e-03
5.381919621312977395e-03
5.382270616116212499e-03
5.382624540311632157e-03
5.382982158567095783e-03
5.383336927401794099e-03
5.383691339207925981e-03
5.384049665683618598e-03
5.384407765862243324e-03
5.384771225212033920e-03
5.385124783138952806e-03
5.385470025940569845e-03
5.385822812735362695e-03
5.386176252745222652e-03
5.386529577823393443e-03
5.386880482875991069e-03
5.387228766079348377e-03
5.387584513483565513e-03
5.387931373800896803e-03
5.388284871610986640e-03
5.388637758285127338e-03
5.388988141339570194e-03
5.389335012275453529e-03
5.389688865349570764e-03
5.390045935033423510e-03
5.390397242449941964e-03
5.390744064110481078e-03
5.391097242073584345e-03
5.391447654909427636e-03
5.391798177685259465e-03
5.392149689072613800e-03
5.392492463606330874e-03
5.392836784093135716e-03
5.393182421872810828e-03
5.393528936539864621e-03
5.393875813516245052e-03
5.394227267327572108e-03
5.394570939668305413e-03
5.394923951925622782e-03
5.395270937982105802e-03
5.395618274965677426e-03
5.395969923138703959e-03
5.396329921267582243e-03
5.396684389937561090e-03
5.397028308391549171e-03
5.397364598158634584e-03
5.397711278342047676e-03
5.398056181172767795e-03
5.398405086355340630e-03
5.398754773923298243e-03
5.399100491179117771e-03
5.399447730874961174e-03
5.399799239382032691e-03
5.400150190149463278e-03
5.400491079621998550e-03
5.400843477181683713e-03
5.401186871853353930e-03
5.401528336058273282e-03
5.401876023405159655e-03
5.402220592393898804e-03
5.402563997314582464e-03
5.402910224324043199e-03
5.403255001475816902e-03
5.403601309313168025e-03
5.403944798687150206e-03
5.404287059116966337e-03
5.404628853137426886e-03
5.404971100171874869e-03
5.405317605377693915e-03
5.405669989508602759e-03
5.406010385889730048e-03
5.406351180591425706e-03
5.406696392096026552e-03
5.407037965706401085e-03
5.407385620842244597e-03
5.407729393802257305e-03
5.408072235688433926e-03
5.408419636711863168e-03
5.408766904474209686e-03
5.409114553103844432e-03
5.409451800550875607e-03
5.409793809623975915e-03
5.410136531572767860e-03
5.410489518482296256e-03
5.410837182387873839e-03
5.411181011667530807e-03
5.411527555689375768e-03
5.411873589798841915e-03
5.412219123692521734e-03
5.412564757495181081e-03
5.412907440887395824e-03
5.413246382848214966e-03
5.413586738645830877e-03
5.413930136620510002e-03
5.414273975011416051e-03
5.414618358645847777e-03
5.414957179622342798e-03
5.415290622643047051e-03
5.415633622443647398e-03
5.415980341561179440e-03
5.416326373987637686e-03
5.416665756329744688e-03
5.417013456470181135e-03
5.417360566878172412e-03
5.417708126213991761e-03
5.418050624465970029e-03
5.418395602743375505e-03
5.418743611952388239e-03
5.419090197888092736e-03
5.419436906899731225e-03
5.419778597775361424e-03
5.420121374045123834e-03
5.420461465944349626e-03
5.420800883613178210e-03
5.421137176819977414e-03
5.421475545724870060e-03
5.421809392421382372e-03
5.422148041388635473e-03
5.422489044400831924e-03
5.422835626511061762e-03
5.423178710708234304e-03
5.423521822451989917e-03
5.423864901021265873e-03
5.424208463717711606e-03
5.424553352923603897e-03
5.424893638605059534e-03
5.425236776190111264e-03
5.425584519242293048e-03
5.425928965301115951e-03
5.426274903308141856e-03
5.426619912932915610e-03
5.426963732447527902e-03
5.427304467746650422e-03
5.427642462357323318e-03
5.427989064373001972e-03
5.428333730151969731e-03
5.428679707618205841e-03
5.429024842949836845e-03
5.429369414499406014e-03
5.429708230522422435e-03
5.430048950003927774e-03
5.430391378014490927e-03
5.430734035765369394e-03
5.431077457721728875e-03
5.431424827829704760e-03
5.431765588542597327e-03
5.432108482356549396e-03
5.432454019944676742e-03
5.432797861916125771e-03
5.433143721959735571e-03
5.433490785291883625e-03
5.433833961095724599e-03
5.434178542678774759e-03
5.434515330132587939e-03
5.434857298816591666e-03
5.435202937938764939e-03
5.435550702469361256e-03
5.435897952581808870e-03
5.436238224520334970e-03
5.436578574721988820e-03
5.436919086295767534e-03
5.437262371538005221e-03
5.437610326785163005e-03
5.437952171065589015e-03
5.438297863921696257e-03
5.438631752907122259e-03
5.438975905056596047e-03
5.439317047448922332e-03
5.439661286415936256e-03
5.440008900929954420e-03
5.440351065150009907e-03
5.440693987734381183e-03
5.441041401251446759e-03
5.441393040810448868e-03
5.441741500181996455e-03
5.442092328393735752e-03
5.442440721409544727e-03
5.442790362790772551e-03
5.443138383712177626e-03
5.443486372385022108e-03
5.443828608023596263e-03
5.444174746176327732e-03
5.444523900796643598e-03
5.444875750757570756e-03
5.445224349307228352e-03
5.445572292203491524e-03
5.445911645950610169e-03
5.446257476910064746e-03
5.446609191980381938e-03
5.446957770769639620e-03
5.447309441324344262e-03
5.447655439997553181e-03
5.447998140435775759e-03
5.448349717550214459e-03
5.448698476114536768e-03
5.449050326848158335e-03
5.449407058418158194e-03
5.449755574568946812e-03
5.450106693088980006e-03
5.450450079296162431e-03
5.450798984066468691e-03
5.451150995726307923e-03
5.451501452562326246e-03
5.451856597478898538e-03
5.452208815766923684e-03
5.452555261358701597e-03
5.452906514116589130e-03
5.453261006736712796e-03
5.453615105712760792e-03
5.453968993044472184e-03
5.454321725168810239e-03
5.454671693414799884e-03
5.455026114052297960e-03
5.455376852962242132e-03
5.455731964749375995e-03
5.456091049752503051e-03
5.456442435149672955e-03
5.456797568454632534e-03
5.457155940147230891e-03
5.457504784971454331e-03
5.457860653057824106e-03
5.458215207858944235e-03
5.458567557923908568e-03
5.458917373410006671e-03
5.459276463387505336e-03
5.459634084339414460e-03
5.459997020737844022e-03
5.460353350086599722e-03
5.460714877443919799e-03
5.461071003433378215e-03
5.461427872820440524e-03
5.461783435999346438e-03
5.462140811274123278e-03
5.462507235817789034e-03
5.462863507778502499e-03
5.463227483634095633e-03
5.463588460700135284e-03
5.463945821265410278e-03
5.464307688779730145e-03
5.464667750253546230e-03
5.465033752985927300e-03
5.465390388368182757e-03
5.465746660766368330e-03
5.466112026761635843e-03
5.466483375223213023e-03
5.466850922992581331e-03
5.467218240395913496e-03
5.467577698476898222e-03
5.467946424413358195e-03
5.468303247901023373e-03
5.468663993976646126e-03
5.469033662833559621e-03
5.469396522079996055e-03
5.469764308098052502e-03
5.470124549875580652e-03
5.470488011223273959e-03
5.470852155989328232e-03
5.471218442822068859e-03
5.471585039100067098e-03
5.471951304545278824e-03
5.472319515296802418e-03
5.472680362546326893e-03
5.473054564911478473e-03
5.473421822284431533e-03
5.473786551061008906e-03
5.474160191845194728e-03
5.474522726320090772e-03
5.474895024029331064e-03
5.475265967344234222e-03
5.475634452045378617e-03
5.476008993642220678e-03
5.476384850248840024e-03
5.476750238455820041e-03
5.477119901702947463e-03
5.477498805878376099e-03
5.477874766707733524e-03
5.478246402571243685e-03
5.478623671051362221e-03
5.479000515345399530e-03
5.479371273513482070e-03
5.479742680294411201e-03
5.480117056526847066e-03
5.480503864711233457e-03
5.480887969576896460e-03
5.481266846819909597e-03
5.481653308199725683e-03
5.482031963055004724e-03
5.482415974759740837e-03
5.482796301477142580e-03
5.483173762785459836e-03
5.483548345865382756e-03
5.483933966199568133e-03
5.484311586642131101e-03
5.484691987204625210e-03
5.485072911305118731e-03
5.485454918296889769e-03
5.485847956305993887e-03
5.486228691225460662e-03
5.486612669530732157e-03
5.486997259562091840e-03
5.487391338844869147e-03
5.487776713169718358e-03
5.488159204573672505e-03
5.488543702363632773e-03
5.488926989562535087e-03
5.489321259495643854e-03
5.489717354075775504e-03
5.490106805676472392e-03
5.490500775403484197e-03
5.490898087427285162e-03
5.491288085995198361e-03
5.491678821855400412e-03
5.492068325613649014e-03
5.492463675151724838e-03
5.492862281983321507e-03
5.493256507332072366e-03
5.493649201948087347e-03
5.494041160437152134e-03
5.494437355701493886e-03
5.494834800353337947e-03
5.495233721008485964e-03
5.495628122687412978e-03
5.496029496229569086e-03
5.496421743984764886e-03
5.496814605580261325e-03
5.497214820018173423e-03
5.497616380823522331e-03
5.498025024728048736e-03
5.498427365856544020e-03
5.498827111176407025e-03
5.499237267905010378e-03
5.499642342956770520e-03
5.500036206344246191e-03
5.500436553446760683e-03
5.500843681972037054e-03
5.501254214522146267e-03
5.501657453622648200e-03
5.502071243273848854e-03
5.502483971986064405e-03
5.502892313242296364e-03
5.503300608201472724e-03
5.503709291235555495e-03
5.504127072478606601e-03
5.504544420775751151e-03
5.504951816396189482e-03
5.505363488779947169e-03
5.505778380796914201e-03
5.506195765971551130e-03
5.506616996277847315e-03
5.507036110652324852e-03
5.507446366922710140e-03
5.507861718885308233e-03
5.508284021771153033e-03
5.508706209058007383e-03
5.509135589043453844e-03
5.509556464620359202e-03
5.509976147728792503e-03
5.510400798691542090e-03
5.510824937186645234e-03
5.511242968330862073e-03
5.511666597132779122e-03
5.512087687323181592e-03
5.512518891598335198e-03
5.512956618617483040e-03
5.513389364402899832e-03
5.513832724840340288e-03
5.514272118700932514e-03
5.514704410875898022e-03
5.515135185252699468e-03
5.515576458392952401e-03
5.516013096014479519e-03
5.516458081182212120e-03
5.516892391471153907e-03
5.517336201689276680e-03
5.517773588402014734e-03
5.518209988908034935e-03
5.518650766540108242e-03
5.519096826387976523e-03
5.519535340638702034e-03
5.519987198135256103e-03
5.520422700723190933e-03
5.520869826750947514e-03
5.521325768211095102e-03
5.521777314895149301e-03
5.522224650521096248e-03
5.522676336493453561e-03
5.523124686820089432e-03
5.523572808970415859e-03
5.524027543759506970e-03
5.524487280787668958e-03
5.524936361495215095e-03
5.525403919848001499e-03
5.525867613901122057e-03
5.526321516106391836e-03
5.526784746643367656e-03
5.527248789077717460e-03
5.527713870310414952e-03
5.528174950141610637e-03
5.528638619232080324e-03
5.529114494765113332e-03
5.529582247370213623e-03
5.530048383044083513e-03
5.530517717766954798e-03
5.530995524738744999e-03
5.531466019683997128e-03
5.531938914054794661e-03
5.532412498082385673e-03
5.532893239083160053e-03
5.533369557383178462e-03
5.533847304355197887e-03
5.534330978158339548e-03
5.534813430533956115e-03
5.535292424148509534e-03
5.535786034096133908e-03
5.536270485226137301e-03
5.536759219603180730e-03
5.537252802775009114e-03
5.537750082268067496e-03
5.538250890464046020e-03
5.538759624727078966e-03
5.539271350265404480e-03
5.539772902076560250e-03
5.540272630533429020e-03
5.540770483120577815e-03
5.541278708504692591e-03
5.541779156729990247e-03
5.542294713579509410e-03
5.542802872373929490e-03
5.543312510224996693e-03
5.543834729326149909e-03
5.544352570153752123e-03
5.544869509830601360e-03
5.545380304354794766e-03
5.545893384449460638e-03
5.546410013872452548e-03
5.546925593145885132e-03
5.547454807354221078e-03
5.547976662609498989e-03
5.548505206172058175e-03
5.549033305198136819e-03
5.549563911677046768e-03
5.550092021856649696e-03
5.550630593139900017e-03
5.551158764201064889e-03
5.551695630555716736e-03
5.552248616730715187e-03
5.552790245011632667e-03
5.553348578121771427e-03
5.553910686499784546e-03
5.554470196234923864e-03
5.555021518334087721e-03
5.555572171497896554e-03
5.556135969220350919e-03
5.556692025230202704e-03
5.557252622469608348e-03
5.557824962607036019e-03
5.558378721229010645e-03
5.558944764881517189e-03
5.559524219381008735e-03
5.560112834523539549e-03
5.560692759806440746e-03
5.561280800470572681e-03
5.561854900861110292e-03
5.562448708426341246e-03
5.563042594630937185e-03
5.563633151076624421e-03
5.564214622170713873e-03
5.564816290636726698e-03
5.565412764629149543e-03
5.566012043785661251e-03
5.566614293475952852e-03
5.567235303453410208e-03
5.567845577272158113e-03
5.568464584848380194e-03
5.569076320755028502e-03
5.569700118307672164e-03
5.570320545412570275e-03
5.570946449807678315e-03
5.571575148449923846e-03
5.572209394331312238e-03
5.572853482277712565e-03
5.573501650176174854e-03
5.574142574749622707e-03
5.574775953737939015e-03
5.575429642061507061e-03
5.576073289956027038e-03
5.576735677572543411e-03
5.577395646726804671e-03
5.578073361718559851e-03
5.578731050520794980e-03
5.579405298131678154e-03
5.580086253442592160e-03
5.580774725026800033e-03
5.581455837950049549e-03
5.582151966131185944e-03
5.582856042199950755e-03
5.583554271334116754e-03
5.584246687689762949e-03
5.584953986101696098e-03
5.585649396672821149e-03
5.586363495928028250e-03
5.587073093961563049e-03
5.587787999814779888e-03
5.588508736697621153e-03
5.589234103901885575e-03
5.589971109934357626e-03
5.590724517017356919e-03
5.591480445646335173e-03
5.592241596648327498e-03
5.593001930305695549e-03
5.593767298220190219e-03
5.594548568492411535e-03
5.595310180062150127e-03
5.596099382137168475e-03
5.596873839324570388e-03
5.597668602157013576e-03
5.598464605112945039e-03
5.599285049046331085e-03
5.600109117178127260e-03
5.600929379614275928e-03
5.601760182308119888e-03
5.602582472301748974e-03
5.603423919584838570e-03
5.604271269808409200e-03
5.605130845707361614e-03
5.605999519496493964e-03
5.606848338247020884e-03
5.607715774023011579e-03
5.608593026559065102e-03
5.609489437184441915e-03
5.610385085550984550e-03
5.611283800886502846e-03
5.612200135810836883e-03
5.613128027847303671e-03
5.614051791800787373e-03
5.615000205178754394e-03
5.615940630044263977e-03
5.616903246684594973e-03
5.617865546880793787e-03
5.618840369689041478e-03
5.619826338166701747e-03
5.620820558536725013e-03
5.621840643502934443e-03
5.622854544201782642e-03
5.623879268649090851e-03
5.624909613290936250e-03
5.625959549145203090e-03
5.627049235228280717e-03
5.628127484032165173e-03
5.629231467913608199e-03
5.630328012212492718e-03
5.631444329095566977e-03
5.632567765768946300e-03
5.633719087240493181e-03
5.634888409300659561e-03
5.636076961496027174e-03
5.637271058499619333e-03
5.638505528895144947e-03
5.639726013766644362e-03
5.640983480827490258e-03
5.642250299825034288e-03
5.643535458540006183e-03
5.644852237508422334e-03
5.646197017012356302e-03
5.647534104325076416e-03
5.648893138570722922e-03
5.650297856962381571e-03
5.651716685429550129e-03
5.653166615961530313e-03
5.654633935537793123e-03
5.656128392055524180e-03
5.657655256568171372e-03
5.659163056700304215e-03
5.660732324682947111e-03
5.662341278223080414e-03
5.663997088357013154e-03
5.665683118393928693e-03
5.667412629632911925e-03
5.669174191022736606e-03
5.670982300424958107e-03
5.672804790885285255e-03
5.674698770278115319e-03
5.676646070235002312e-03
5.678659868187915620e-03
5.680712726215116776e-03
5.682889389127507122e-03
5.685082053425630395e-03
5.687340509173502770e-03
5.689657179406040245e-03
5.692098462805422060e-03
5.694618924489411489e-03
5.697215846404617666e-03
5.699895880006048896e-03
5.702686953018547972e-03
5.705579943246548262e-03
5.708630311494806639e-03
5.711886201246543088e-03
5.715292925221259271e-03
5.718911764902014257e-03
5.722773322047360577e-03
5.726775425736307240e-03
5.731063829300694738e-03
5.735756379969156674e-03
5.740813274995515934e-03
5.746389091475689187e-03
5.752482916950279329e-03
5.759504211682668282e-03
5.767522296067809778e-03
5.776877681209580638e-03
5.788097990519233335e-03
5.802778349942502682e-03
5.823562751679948329e-03
5.862547172348943347e-03
