0.000000000000000000e+00 9.966903136961071663e-01 3.050251086690408675e-03
5.000000000000000000e+00 9.962221195310436705e-01 3.485477784225229306e-03
1.000000000000000000e+01 9.907324536941586324e-01 8.761202311063219506e-03
1.500000000000000000e+01 9.862836619473059896e-01 1.329462601722064541e-02
2.000000000000000000e+01 9.863690805402003381e-01 1.333886400492532813e-02
2.500000000000000000e+01 9.879276538114494244e-01 1.182557166949880188e-02
3.000000000000000000e+01 9.854212799321547811e-01 1.426975839025163874e-02
3.500000000000000000e+01 9.810620046215471346e-01 1.857268362082941868e-02
4.000000000000000000e+01 9.802934061174020108e-01 1.940492473154752442e-02
4.500000000000000000e+01 9.790093439383062979e-01 2.068326984616538494e-02
5.000000000000000000e+01 9.777144115035745209e-01 2.198663469506080895e-02
5.500000000000000000e+01 9.760322258007013696e-01 2.365280953663529903e-02
6.000000000000000000e+01 9.737591500012597878e-01 2.593791484075361198e-02
6.500000000000000000e+01 9.713098004917201100e-01 2.838149757079975674e-02
7.000000000000000000e+01 9.692009382186916877e-01 3.050584313042344758e-02
7.500000000000000000e+01 9.674745213974876856e-01 3.222642794994434040e-02
8.000000000000000000e+01 9.654060106794857266e-01 3.428729455484846866e-02
8.500000000000000000e+01 9.639255670559015998e-01 3.576543204679845378e-02
9.000000000000000000e+01 9.630548044847160316e-01 3.665230482330718992e-02
9.500000000000000000e+01 9.618270193105556976e-01 3.788199221370652792e-02
1.000000000000000000e+02 9.602749327339573648e-01 3.942109249709527946e-02
1.050000000000000000e+02 9.587063847944451433e-01 4.098585681405742670e-02
1.100000000000000000e+02 9.571375200633766012e-01 4.256613289293526697e-02
1.150000000000000000e+02 9.554532038779697256e-01 4.425960245431964646e-02
1.200000000000000000e+02 9.536654986997639138e-01 4.603680473367127018e-02
1.250000000000000000e+02 9.519902161272814078e-01 4.770267250835331929e-02
1.300000000000000000e+02 9.503799834468139585e-01 4.931809080546253887e-02
1.350000000000000000e+02 9.489499100326364012e-01 5.076113882047116749e-02
1.400000000000000000e+02 9.475505518652045378e-01 5.215666824865176909e-02
1.450000000000000000e+02 9.462149997944142577e-01 5.348154561171790389e-02
1.500000000000000000e+02 9.450162705764214577e-01 5.468118539045300347e-02
1.549999999999999716e+02 9.437232119768039773e-01 5.598561472337843653e-02
1.600000000000000000e+02 9.422928191625744576e-01 5.741542124510139178e-02
1.650000000000000000e+02 9.406379041173695832e-01 5.906103264307144274e-02
1.700000000000000000e+02 9.390289883557789707e-01 6.067043298624206354e-02
1.750000000000000000e+02 9.374902307401882240e-01 6.221788253965011839e-02
1.800000000000000000e+02 9.359659683714053324e-01 6.374140262792077349e-02
1.850000000000000000e+02 9.345330674919505309e-01 6.516577282187650810e-02
1.900000000000000000e+02 9.331466263892129742e-01 6.655302656379497028e-02
1.950000000000000000e+02 9.319066886047601139e-01 6.780215832804876996e-02
2.000000000000000000e+02 9.306014800205648640e-01 6.910802074753936985e-02
2.050000000000000000e+02 9.292004296697203847e-01 7.049971388695520924e-02
2.100000000000000000e+02 9.277815131436588647e-01 7.191666268273515239e-02
2.150000000000000000e+02 9.264081345947348112e-01 7.329909284676375258e-02
2.200000000000000000e+02 9.250874882047636083e-01 7.462419799371979023e-02
2.250000000000000000e+02 9.235841944066732756e-01 7.612018772533671318e-02
2.300000000000000000e+02 9.219963479065144130e-01 7.770181059151980152e-02
2.350000000000000000e+02 9.205068438906121031e-01 7.919569943419289826e-02
2.400000000000000000e+02 9.192429304542157897e-01 8.046663812287069284e-02
2.450001209453085096e+02 9.180689344282461084e-01 8.164048908559123907e-02
2.500000000000000000e+02 9.167177713910793502e-01 8.298574649619037957e-02
2.549998790546914904e+02 9.152821903708129314e-01 8.441813963167291157e-02
2.600000000000000000e+02 9.139206526930058194e-01 8.578307615499325411e-02
2.649998790546914620e+02 9.127026228267990371e-01 8.700681621321758319e-02
2.700000000000000000e+02 9.114239190532851254e-01 8.828654540788694050e-02
2.749998790546914620e+02 9.099325029765057415e-01 8.977185453766192702e-02
2.800000000000000000e+02 9.084206341318884492e-01 9.127882970672537843e-02
2.849998790546914620e+02 9.070734284623190868e-01 9.263033145300568483e-02
2.900000000000000000e+02 9.058946182573879291e-01 9.381748986922613942e-02
2.950001209453085380e+02 9.046325132161225913e-01 9.507890774888716479e-02
3.000000000000000000e+02 9.032110222094306140e-01 9.649084880604566483e-02
3.050001209453085380e+02 9.018250604225749312e-01 9.787387414840148514e-02
3.099999999999999432e+02 9.006102650496503603e-01 9.909742867715069792e-02
3.150001209453085380e+02 8.994721827533436187e-01 1.002423220305092566e-01
3.200000000000000000e+02 8.981643344262389972e-01 1.015441508268268705e-01
3.250001209453085380e+02 8.967003156102923977e-01 1.029996527233523473e-01
3.300000000000000000e+02 8.952972183622089908e-01 1.044052709677831398e-01
3.350001209453085380e+02 8.940722213671927765e-01 1.056390395423930928e-01
3.400000000000000000e+02 8.928960064225972548e-01 1.068164946882170924e-01
3.450001209453085380e+02 8.915866915386515545e-01 1.081187257720990502e-01
3.500000000000000000e+02 8.902063723018657226e-01 1.094956614781027876e-01
3.550001209453085380e+02 8.889238004952045857e-01 1.107826548240987558e-01
3.600000000000000000e+02 8.877686549415846340e-01 1.119425226366674159e-01
3.650001209453084812e+02 8.865858369653903948e-01 1.131239973192575132e-01
3.700000000000000000e+02 8.852711783203915941e-01 1.144346619501837442e-01
3.750001209453084812e+02 8.839258464327128806e-01 1.157792214701867661e-01
3.800000000000000000e+02 8.826673136304641343e-01 1.170403970912475972e-01
3.849998790546914620e+02 8.814785259402398987e-01 1.182315763391306590e-01
3.900000000000000000e+02 8.802429654517414104e-01 1.194662559155282577e-01
3.949998790546914620e+02 8.789437937100018639e-01 1.207631121550546138e-01
4.000000000000000000e+02 8.776782228756581095e-01 1.220281958685968393e-01
4.049998790546914051e+02 8.764835100834649229e-01 1.232250429189461205e-01
4.100000000000000000e+02 8.753096868066219116e-01 1.244004058661764278e-01
4.149998790546914051e+02 8.740845995823490755e-01 1.256241136842242978e-01
4.200000000000000000e+02 8.728412206766056336e-01 1.268659781833191835e-01
4.249998790546914051e+02 8.716277639712448622e-01 1.280804569940220961e-01
4.300000000000000000e+02 8.704233698312578982e-01 1.292867032062070543e-01
4.349998790546915188e+02 8.692005867842064193e-01 1.305086071044040952e-01
4.400000000000000000e+02 8.679640706230244973e-01 1.317433596551912389e-01
4.449998790546915188e+02 8.667757067921042502e-01 1.329328391115900398e-01
4.500000000000000000e+02 8.656128819610326985e-01 1.340980088485667632e-01
4.549998790546915188e+02 8.644148137378554475e-01 1.352952576235885440e-01
4.600000000000000000e+02 8.631869046743826379e-01 1.365201878496999643e-01
4.649998790546914620e+02 8.619930415891072784e-01 1.377145602038467309e-01
4.700000000000000000e+02 8.608771572093883995e-01 1.388341789696212469e-01
4.750001209453084812e+02 8.597420850738474174e-01 1.399701207772367229e-01
4.800000000000000000e+02 8.585213674407343731e-01 1.411869809135999632e-01
4.850001209453084812e+02 8.572742736478181635e-01 1.424318214003512384e-01
4.900000000000000000e+02 8.561138479146930269e-01 1.435956251394388539e-01
4.950001209453084812e+02 8.550400670338317299e-01 1.446732426415218709e-01
5.000000000000000000e+02 8.539079593957955572e-01 1.458036732912833811e-01
5.050001209453084812e+02 8.526747376506621512e-01 1.470322256895240931e-01
5.100000000000000000e+02 8.514535137474795734e-01 1.482531815921839524e-01
5.150001209453084812e+02 8.503614918300076431e-01 1.493497189986822404e-01
5.200000000000000000e+02 8.493278101669370361e-01 1.503861077804120316e-01
5.250001209453084812e+02 8.481867464396474210e-01 1.515241083905050357e-01
5.300000000000000000e+02 8.469409116715850283e-01 1.527656773665749257e-01
5.350001209453084812e+02 8.457515142039525591e-01 1.539560092052936480e-01
5.400000000000000000e+02 8.447072870421941104e-01 1.550050568217818669e-01
5.450001209453084812e+02 8.436800995780995294e-01 1.560341154889108850e-01
5.500000000000000000e+02 8.425186904999208970e-01 1.571915210736875013e-01
5.550001209453084812e+02 8.412807269756937822e-01 1.584255770979484113e-01
5.600000000000000000e+02 8.401458995904430571e-01 1.595625055309193574e-01
5.650001209453084812e+02 8.391475650161491773e-01 1.605660358983110880e-01
5.700000000000000000e+02 8.381216810883607149e-01 1.615924838250401840e-01
5.750001209453085949e+02 8.369525774192968504e-01 1.627565951376839792e-01
5.800000000000000000e+02 8.357432973682478172e-01 1.639630693169516484e-01
5.850001209453085949e+02 8.346584862917737491e-01 1.650515037131623508e-01
5.900000000000000000e+02 8.336755355486739072e-01 1.660390222709456354e-01
5.950001209453085949e+02 8.326302663332586507e-01 1.670828650217709710e-01
6.000000000000000000e+02 8.314604289655784797e-01 1.682478297152773528e-01
6.050001209453085949e+02 8.302959582620446088e-01 1.694115202936309628e-01
6.100000000000000000e+02 8.292579098303850538e-01 1.704537838261174221e-01
6.150001209453085949e+02 8.282788899473231270e-01 1.714354607823901921e-01
6.199999999999998863e+02 8.272203774824631317e-01 1.724913598231399559e-01
6.249998790546914051e+02 8.260725260604288023e-01 1.736358610193928231e-01
6.300000000000000000e+02 8.249628284104428833e-01 1.747463495428918934e-01
6.349998790546914051e+02 8.239543722587260310e-01 1.757581852704823422e-01
6.400000000000000000e+02 8.229611584237034316e-01 1.767522091816935426e-01
6.449998790546914051e+02 8.218917500181133207e-01 1.778192060013557840e-01
6.500000000000000000e+02 8.207784195667380267e-01 1.789308669143058195e-01
6.549998790546914051e+02 8.197181306526893918e-01 1.799924376651168001e-01
6.600000000000000000e+02 8.187213508367806591e-01 1.809912871995492389e-01
6.649998790546914051e+02 8.177117622546691278e-01 1.820006487852581512e-01
6.700000000000000000e+02 8.166519072349301966e-01 1.830588704661031407e-01
6.749998790546914051e+02 8.155894361597069153e-01 1.841208978743504032e-01
6.800000000000000000e+02 8.145687931571100604e-01 1.851427961899177466e-01
6.849998790546915188e+02 8.135672226958499120e-01 1.861451571626595025e-01
6.900000000000000000e+02 8.125424455092613574e-01 1.871691318909385615e-01
6.949998790546915188e+02 8.115068257760144066e-01 1.882040726309265333e-01
7.000000000000000000e+02 8.104944531254437701e-01 1.892170621943499165e-01
7.050001209453084812e+02 8.094947514965955548e-01 1.902175777748698338e-01
7.100000000000000000e+02 8.084783302407607675e-01 1.912333876335609306e-01
7.150001209453084812e+02 8.074510427934086243e-01 1.922597902520917501e-01
7.200000000000000000e+02 8.064562614987570432e-01 1.932552254851116758e-01
7.250001209453084812e+02 8.054893312081268242e-01 1.942234741397370346e-01
7.300000000000000000e+02 8.044962795846613002e-01 1.952161826986881232e-01
7.350001209453084812e+02 8.034648740907266440e-01 1.962458357772438045e-01
7.400000000000000000e+02 8.024507008721571966e-01 1.972598748277024361e-01
7.450001209453084812e+02 8.015018033012256682e-01 1.982107760180749356e-01
7.500000000000000000e+02 8.005643341808129643e-01 1.991493606487550749e-01
7.550001209453084812e+02 7.995638729373609754e-01 2.001480094262863552e-01
7.600000000000000000e+02 7.985240366359348529e-01 2.011858442439994066e-01
7.650001209453084812e+02 7.975393011644842378e-01 2.021716889139517637e-01
7.700000000000000000e+02 7.966351264759909956e-01 2.030785622871852103e-01
7.750001209453084812e+02 7.957123615204007017e-01 2.040015061685191422e-01
7.800000000000000000e+02 7.947003086481991829e-01 2.050107401660440920e-01
7.850001209453084812e+02 7.936665572880824415e-01 2.060430312764780503e-01
7.900000000000000000e+02 7.927221814507190434e-01 2.069895783940168543e-01
7.950001209453084812e+02 7.918519573997647720e-01 2.078624656255069758e-01
8.000000000000000000e+02 7.909285168617590234e-01 2.087850164703809464e-01
8.049998790546914051e+02 7.899065885647079677e-01 2.098037737980243123e-01
8.100000000000000000e+02 7.888941178761297301e-01 2.108156082904441286e-01
8.150001209453084812e+02 7.879922430825643254e-01 2.117203374901008017e-01
8.200000000000000000e+02 7.871417106930075347e-01 2.125730495924327002e-01
8.250001209453085949e+02 7.862095846134129484e-01 2.135033584345773783e-01
8.300000000000000000e+02 7.851891086822219146e-01 2.145207901746319923e-01
8.350001209453084812e+02 7.842116891125004985e-01 2.154984939300261526e-01
8.400000000000000000e+02 7.833464988842575583e-01 2.163668690677663098e-01
8.450001209453085949e+02 7.825005892777809891e-01 2.172141074178850217e-01
8.499999999999998863e+02 7.815580155027096465e-01 2.181541857762219205e-01
8.550001209453084812e+02 7.805528144201684393e-01 2.191569344221289961e-01
8.600000000000000000e+02 7.796161803366913334e-01 2.200947743441886151e-01
8.650001209453084812e+02 7.787754559050368286e-01 2.209384826427115145e-01
8.699999999999998863e+02 7.779229397287776848e-01 2.217912427475285664e-01
8.750001209453084812e+02 7.769766152952495286e-01 2.227349087103929481e-01
8.800000000000000000e+02 7.760011176998645732e-01 2.237089419878105223e-01
8.850001209453084812e+02 7.751040713778245550e-01 2.246077807904595658e-01
8.899999999999998863e+02 7.742739761589035874e-01 2.254400691247064603e-01
8.949998790546915188e+02 7.734098806578416641e-01 2.263035175444604308e-01
9.000000000000000000e+02 7.724714684031167566e-01 2.272397306445015086e-01
9.050001209453084812e+02 7.715346394753447301e-01 2.281761139442508857e-01
9.099999999999998863e+02 7.706682589571410835e-01 2.290442834312078069e-01
9.149998790546915188e+02 7.698358318280801305e-01 2.298778561389082098e-01
9.200000000000000000e+02 7.689623966875972494e-01 2.307502744382113613e-01
9.250001209453084812e+02 7.680457713886064131e-01 2.316655251463533849e-01
9.299999999999998863e+02 7.671501299760578041e-01 2.325614346368188590e-01
9.349998790546915188e+02 7.663021015332405206e-01 2.334107548816080069e-01
9.400000000000000000e+02 7.654595302938910217e-01 2.342535521152717404e-01
9.450001209453084812e+02 7.645857157344534416e-01 2.351264697016611782e-01
9.499999999999998863e+02 7.637021814378838203e-01 2.360095200660565495e-01
9.549998790546915188e+02 7.628425225168343760e-01 2.368697683469518644e-01
9.600000000000000000e+02 7.619995325142563392e-01 2.377132755063434966e-01
9.650001209453084812e+02 7.611452631301628413e-01 2.385671472428325668e-01
9.699999999999998863e+02 7.602835516651095249e-01 2.394284274358897402e-01
9.749998790546915188e+02 7.594386880082024671e-01 2.402736171777924423e-01
9.800000000000000000e+02 7.586047365876495974e-01 2.411080695996956347e-01
9.850001209453084812e+02 7.577568496753656069e-01 2.419555933431060679e-01
9.899999999999998863e+02 7.568965814590192798e-01 2.428152211064250054e-01
9.949998790546915188e+02 7.560593964880497619e-01 2.436526903808776956e-01
1.000000000000000000e+03 7.552517832105314355e-01 2.444612021865648910e-01
1.005000120945308481e+03 7.544309034775965594e-01 2.452820790370355553e-01
1.010000000000000114e+03 7.535734273822223273e-01 2.461384331455907237e-01
1.014999879054691405e+03 7.527175880984208201e-01 2.469938285242378739e-01
1.020000000000000000e+03 7.519131674486767558e-01 2.477993211905800686e-01
1.025000120945308481e+03 7.511352524536432096e-01 2.485782824578990635e-01
1.030000000000000000e+03 7.503161135619702549e-01 2.493966641616731650e-01
1.034999879054691519e+03 7.494511497329340299e-01 2.502601120671220092e-01
1.040000000000000000e+03 7.486120839576230201e-01 2.510992728484676140e-01
1.045000120945308481e+03 7.478426556319394125e-01 2.518703737652395747e-01
1.050000000000000000e+03 7.470832851815317754e-01 2.526304925749404129e-01
1.055000120945308481e+03 7.462586146431393619e-01 2.534537011201848933e-01
1.060000000000000000e+03 7.453939581954777127e-01 2.543168798424825239e-01
1.065000120945308481e+03 7.445817862393576680e-01 2.551298003572014528e-01
1.070000000000000000e+03 7.438430361341051844e-01 2.558704739055336908e-01
1.075000120945308481e+03 7.430904292624769258e-01 2.566232571711529187e-01
1.080000000000000000e+03 7.422588917297329170e-01 2.574528917935618999e-01
1.085000120945308481e+03 7.414057422119332275e-01 2.583049263738328438e-01
1.090000000000000000e+03 7.406257513625974509e-01 2.590862397388608018e-01
1.095000120945308481e+03 7.399086992320699219e-01 2.598050991986114444e-01
1.100000000000000000e+03 7.391537054050207889e-01 2.605596315660487772e-01
1.105000120945308481e+03 7.383200677774138798e-01 2.613912545813832922e-01
1.110000000000000000e+03 7.374893513776583642e-01 2.622214080739216913e-01
1.115000120945308481e+03 7.367406069586990291e-01 2.629718416077516663e-01
1.120000000000000000e+03 7.360340937556548724e-01 2.636797328290555464e-01
1.124999879054691519e+03 7.352723973103204580e-01 2.644404378954676171e-01
1.130000000000000000e+03 7.344458322289365571e-01 2.652652035956149512e-01
1.135000120945308481e+03 7.336450484965678642e-01 2.660660323437915031e-01
1.140000000000000000e+03 7.329212645005758198e-01 2.667915580779856022e-01
1.144999879054691519e+03 7.322151461396924077e-01 2.674984340748292055e-01
1.150000000000000000e+03 7.314483559925309963e-01 2.682639591271486768e-01
1.155000120945308481e+03 7.306395288211273709e-01 2.690714702492411070e-01
1.160000000000000000e+03 7.298708111196694492e-01 2.698407248959429627e-01
1.164999879054691519e+03 7.291622880203489920e-01 2.705506953376549117e-01
1.170000000000000000e+03 7.284499359215270697e-01 2.712631937137097715e-01
1.175000120945308481e+03 7.276847368757514145e-01 2.720271820540867136e-01
1.180000000000000000e+03 7.269025257522337968e-01 2.728086851944052649e-01
1.184999879054691519e+03 7.261624393757800666e-01 2.735495312622464592e-01
1.190000000000000000e+03 7.254588644165994582e-01 2.742540165604986369e-01
1.195000120945308481e+03 7.247389188285053852e-01 2.749736918197606683e-01
1.200000000000000000e+03 7.239849452152919973e-01 2.757267890294091139e-01
1.204999879054691519e+03 7.232340113286309657e-01 2.764775730255510378e-01
1.210000000000000000e+03 7.225148248273367546e-01 2.771974259048919920e-01
1.215000120945308481e+03 7.218079981946700086e-01 2.779045654984966807e-01
1.220000000000000000e+03 7.210844758351506734e-01 2.786276756831179702e-01
1.224999879054691519e+03 7.203512211258205067e-01 2.793605504332437595e-01
1.230000000000000000e+03 7.196308836787688179e-01 2.800811130137827454e-01
1.235000120945308481e+03 7.189228489956176471e-01 2.807894624405691264e-01
1.239999999999999773e+03 7.182088728160891389e-01 2.815032535479351505e-01
1.244999879054691519e+03 7.174897952265584244e-01 2.822220414660653875e-01
1.250000000000000000e+03 7.167838566024190561e-01 2.829281331979042191e-01
1.255000120945308481e+03 7.160886364017854389e-01 2.836236937030329752e-01
1.260000000000000000e+03 7.153827083725010638e-01 2.843294425814739124e-01
1.264999879054691519e+03 7.146629041160240670e-01 2.850487682142108792e-01
1.270000000000000000e+03 7.139576663636875153e-01 2.857540477481363972e-01
1.275000120945308481e+03 7.132809664748728240e-01 2.864313419859144672e-01
1.280000000000000000e+03 7.126022904175305372e-01 2.871101991661928476e-01
1.285000120945308481e+03 7.118925363687291785e-01 2.878192847220295558e-01
1.290000000000000000e+03 7.111728238555483639e-01 2.885384793055715269e-01
1.295000120945308481e+03 7.104893573684113450e-01 2.892224298097903490e-01
1.300000000000000000e+03 7.098389116327934456e-01 2.898737015557805718e-01
1.305000120945308481e+03 7.091675708379095999e-01 2.905448613510769329e-01
1.310000000000000000e+03 7.084527027620611817e-01 2.912587158695324474e-01
1.315000120945308481e+03 7.077416266817836421e-01 2.919694690983272167e-01
1.320000000000000000e+03 7.070841791499350437e-01 2.926278196497386075e-01
1.325000120945308481e+03 7.064531470296134819e-01 2.932596471524075987e-01
1.330000000000000000e+03 7.057817617968437096e-01 2.939304257862632719e-01
1.335000120945308481e+03 7.050652693343910649e-01 2.946457822019551975e-01
1.340000000000000000e+03 7.043713406624315665e-01 2.953397333546092240e-01
1.345000120945308481e+03 7.037395070236486250e-01 2.959727429174887625e-01
1.350000000000000000e+03 7.031192166118679365e-01 2.965935764321165902e-01
1.355000120945308481e+03 7.024441853297637151e-01 2.972676507941929835e-01
1.360000000000000000e+03 7.017330867046067677e-01 2.979777143624616209e-01
1.365000120945308481e+03 7.010623248408857089e-01 2.986488826138795072e-01
1.370000000000000000e+03 7.004514189660087098e-01 2.992610218980229497e-01
1.375000120945308481e+03 6.998337469870293814e-01 2.998788659757301578e-01
1.380000000000000000e+03 6.991560533131854216e-01 3.005554164133114048e-01
1.385000120945308481e+03 6.984586241580447163e-01 3.012520853081046002e-01
1.390000000000000000e+03 6.978129985800523016e-01 3.018984297012763940e-01
1.394999879054691519e+03 6.972155368580551515e-01 3.024969628234189245e-01
1.400000000000000000e+03 6.965950824352540316e-01 3.031172189008851103e-01
1.405000120945308481e+03 6.959197631151685659e-01 3.037914076320715751e-01
1.410000000000000000e+03 6.952430627215767656e-01 3.044677162985961472e-01
1.414999879054691519e+03 6.946201985274221835e-01 3.050914495835781448e-01
1.420000000000000000e+03 6.940280328155419287e-01 3.056843633493928625e-01
1.425000120945308481e+03 6.934034665814029497e-01 3.063084655508325205e-01
1.430000000000000000e+03 6.927378880494114988e-01 3.069731125420187556e-01
1.434999879054691519e+03 6.920858109668431846e-01 3.076251567507440887e-01
1.440000000000000000e+03 6.914798624384278503e-01 3.082319188041233171e-01
1.445000120945308481e+03 6.908864052967812475e-01 3.088257431164120881e-01
1.450000000000000000e+03 6.902606185647465198e-01 3.094509695246899228e-01
1.454999879054691519e+03 6.896121862572227590e-01 3.100987970841015406e-01
1.460000000000000000e+03 6.889845607972778785e-01 3.107266362494469636e-01
1.465000120945308481e+03 6.883879548149907102e-01 3.113238202655954079e-01
1.469999999999999773e+03 6.877899227225203749e-01 3.119218912089474216e-01
1.474999879054691519e+03 6.871689352219675362e-01 3.125424023013962382e-01
1.480000000000000000e+03 6.865429419815730627e-01 3.131681544085064828e-01
1.485000120945308481e+03 6.859357798106799908e-01 3.137756012024273122e-01
1.489999999999999773e+03 6.853413402761302509e-01 3.143702852970488015e-01
1.494999879054691519e+03 6.847395087503245215e-01 3.149719566271023119e-01
1.500000000000000000e+03 6.841305145194295223e-01 3.155807024028496888e-01
1.505000120945308481e+03 6.835287474089574156e-01 3.161825329378945559e-01
1.510000000000000000e+03 6.829355042195724979e-01 3.167759524324913478e-01
1.515000120945308481e+03 6.823384161331250697e-01 3.173729519734978521e-01
1.520000000000000000e+03 6.817371683335475829e-01 3.179740008862711464e-01
1.525000120945308481e+03 6.811463641914164979e-01 3.185648619068691123e-01
1.530000000000000000e+03 6.805667737494103253e-01 3.191446863174971504e-01
1.535000120945308481e+03 6.799802324951454979e-01 3.197311660827427682e-01
1.540000000000000000e+03 6.793792763787842581e-01 3.203317834779619844e-01
1.545000120945308481e+03 6.787851060418033100e-01 3.209258679247758428e-01
1.550000000000000000e+03 6.782159627706177973e-01 3.214953670308808298e-01
1.555000120945308481e+03 6.776533925842979089e-01 3.220581743652101148e-01
1.560000000000000000e+03 6.770676671465981622e-01 3.226435524864935678e-01
1.565000120945308481e+03 6.764653702366090204e-01 3.232453948301891034e-01
1.570000000000000000e+03 6.758848669177461854e-01 3.238260336741691225e-01
1.575000120945308481e+03 6.753372898530853874e-01 3.243741765464505100e-01
1.580000000000000000e+03 6.747849999177745195e-01 3.249265589445873292e-01
1.585000120945308481e+03 6.741970978168536632e-01 3.255138654264790876e-01
1.590000000000000000e+03 6.735987784469978923e-01 3.261117622627914270e-01
1.595000120945308254e+03 6.730367292183748740e-01 3.266742054624733882e-01
1.600000000000000000e+03 6.725072430261608281e-01 3.272043247991681669e-01
1.605000120945308481e+03 6.719587988443465054e-01 3.277526323587450774e-01
1.609999999999999773e+03 6.713693008381032001e-01 3.283413876368763695e-01
1.614999879054691519e+03 6.707813615699447229e-01 3.289290597634128566e-01
1.620000000000000000e+03 6.702395000706703465e-01 3.294715304763904395e-01
1.624999879054691291e+03 6.697223323743972667e-01 3.299892511408374918e-01
1.630000000000000000e+03 6.691733444613205961e-01 3.305378681886365633e-01
1.635000120945308254e+03 6.685860171484557801e-01 3.311244356794771360e-01
1.640000000000000000e+03 6.680140429372501965e-01 3.316963673072825247e-01
1.645000120945308481e+03 6.674907171308578357e-01 3.322204111573561769e-01
1.649999999999999773e+03 6.669794523599409386e-01 3.327320414668023529e-01
1.654999879054691519e+03 6.664286760383252295e-01 3.332822748646680489e-01
1.660000000000000000e+03 6.658491820648759774e-01 3.338611167071656172e-01
1.664999879054691291e+03 6.652964063115320847e-01 3.344140738486133246e-01
1.670000000000000000e+03 6.647871811527434893e-01 3.349239926311374238e-01
1.675000120945308254e+03 6.642765329306533628e-01 3.354347767246972922e-01
1.680000000000000000e+03 6.637260181377624413e-01 3.359846807774731214e-01
1.685000120945308481e+03 6.631601649727102421e-01 3.365500798898276580e-01
1.689999999999999773e+03 6.626266876660962257e-01 3.370838946993716112e-01
1.694999879054691519e+03 6.621256696704256317e-01 3.375854640098900905e-01
1.699999999999999773e+03 6.616128741369420307e-01 3.380981903675679967e-01
1.704999879054691291e+03 6.610671541216441849e-01 3.386433491738697898e-01
1.710000000000000000e+03 6.605192237070864891e-01 3.391910567953908551e-01
1.715000120945308709e+03 6.600021280201782137e-01 3.397085344124300965e-01
1.720000000000000000e+03 6.595036390395919712e-01 3.402073629726171111e-01
1.725000120945308481e+03 6.589890740012779302e-01 3.407217301811626409e-01
1.729999999999999773e+03 6.584536899672256416e-01 3.412567030892172393e-01
1.734999879054691519e+03 6.579253048695513639e-01 3.417850640764554804e-01
1.739999999999999773e+03 6.574195847339894261e-01 3.422910931853904715e-01
1.744999879054691291e+03 6.569197169109288748e-01 3.427910813853886074e-01
1.750000000000000000e+03 6.564065846287274741e-01 3.433039900705204817e-01
1.755000120945308709e+03 6.558864221249077753e-01 3.438239490908439056e-01
1.760000000000000000e+03 6.553762087369237044e-01 3.443342516790005026e-01
1.765000120945308481e+03 6.548762306633092445e-01 3.448343792986826029e-01
1.770000000000000227e+03 6.543738392012342642e-01 3.453367192973331168e-01
1.775000120945308481e+03 6.538670543851596850e-01 3.458433564724209819e-01
1.779999999999999773e+03 6.533649755264928638e-01 3.463454391781272679e-01
1.784999879054691291e+03 6.528690618462689166e-01 3.468414476608617791e-01
1.790000000000000000e+03 6.523701474493688313e-01 3.473403171172402826e-01
1.795000120945308709e+03 6.518670022835152400e-01 3.478433221738631009e-01
1.800000000000000000e+03 6.513716631121053702e-01 3.483386643918748860e-01
1.805000120945308254e+03 6.508877838087585577e-01 3.488226992765953716e-01
1.810000000000000000e+03 6.504009595525840348e-01 3.493095285018882334e-01
1.815000120945308481e+03 6.499006357184139437e-01 3.498096310347579285e-01
1.819999999999999773e+03 6.494007247969644236e-01 3.503094090644383596e-01
1.824999879054691519e+03 6.489206370969828885e-01 3.507896789393185055e-01
1.830000000000000000e+03 6.484523973816310738e-01 3.512581351147588959e-01
1.835000120945308709e+03 6.479695986664171237e-01 3.517407915102083726e-01
1.840000000000000000e+03 6.474681589808581883e-01 3.522418935716478683e-01
1.845000120945308254e+03 6.469764022317932017e-01 3.527336089214682113e-01
1.850000000000000000e+03 6.465130591122768555e-01 3.531972884328912210e-01
1.855000120945308481e+03 6.460560225458317207e-01 3.536545065937433119e-01
1.859999999999999773e+03 6.455737151372650251e-01 3.541365153664596255e-01
1.864999879054691519e+03 6.450739565299903333e-01 3.546359034368442020e-01
1.870000000000000000e+03 6.445947445911986984e-01 3.551152159214768789e-01
1.875000120945308709e+03 6.441470012160576131e-01 3.555633818627147447e-01
1.880000000000000000e+03 6.436961384205019954e-01 3.560143194094936847e-01
1.885000120945308254e+03 6.432132046179878104e-01 3.564968333987009186e-01
1.890000000000000000e+03 6.427194657735304517e-01 3.569902534234427605e-01
1.895000120945308481e+03 6.422554428545210747e-01 3.574545220829694059e-01
1.899999999999999773e+03 6.418199296435416201e-01 3.578904573160831548e-01
1.904999879054691519e+03 6.413710156801689655e-01 3.583393075702258623e-01
1.910000000000000000e+03 6.408889053031935346e-01 3.588209423955126542e-01
1.914999879054691291e+03 6.404057326758819668e-01 3.593039116025228963e-01
1.920000000000000000e+03 6.399571331295671461e-01 3.597528598869043637e-01
1.925000120945308254e+03 6.395292638125589235e-01 3.601810731581467917e-01
1.930000000000000000e+03 6.390799890041710674e-01 3.606301566616627041e-01
1.935000120945308481e+03 6.386021292772797731e-01 3.611075623772460608e-01
1.939999999999999773e+03 6.381329721652853060e-01 3.615766573412431129e-01
1.944999879054691519e+03 6.376976528673871103e-01 3.620123573175736964e-01
1.949999999999999773e+03 6.372729308487441457e-01 3.624372972252767333e-01
1.954999879054691291e+03 6.368234128445956488e-01 3.628865415265922212e-01
1.960000000000000000e+03 6.363540953712135684e-01 3.633554953235622609e-01
1.965000120945308709e+03 6.359003835089069856e-01 3.638092687368734146e-01
1.970000000000000000e+03 6.354745096558316320e-01 3.642354795992320815e-01
1.975000120945308481e+03 6.350497554033264214e-01 3.646603155680150921e-01
1.979999999999999773e+03 6.346023311338109263e-01 3.651074491670578959e-01
1.985000120945308481e+03 6.341454281975303919e-01 3.655641205235851676e-01
1.989999999999999773e+03 6.337062550808578720e-01 3.660034261999053906e-01
1.994999879054691291e+03 6.332854281400729368e-01 3.664244886229825471e-01
2.000000000000000000e+03 6.328595759430811762e-01 3.668503118820991560e-01
2.005000120945308709e+03 6.324179765845986401e-01 3.672916714623502554e-01
2.010000000000000000e+03 6.319758530419253839e-01 3.677336989672435053e-01
2.015000120945308254e+03 6.315483186191434006e-01 3.681613686297449672e-01
2.020000000000000227e+03 6.311288160049061124e-01 3.685809784964302893e-01
2.025000120945308481e+03 6.307030664853953139e-01 3.690066396862254905e-01
2.029999999999999773e+03 6.302712528584943907e-01 3.694383160421034207e-01
2.034999879054691291e+03 6.298441557946511393e-01 3.698654190719604662e-01
2.040000000000000000e+03 6.294242482635084013e-01 3.702854025981826558e-01
2.045000120945308709e+03 6.290040148868739633e-01 3.707056221341026858e-01
2.050000000000000000e+03 6.285813349923379256e-01 3.711282167255555153e-01
2.055000120945308481e+03 6.281623422806132950e-01 3.715471956908441564e-01
2.060000000000000000e+03 6.277484063896092703e-01 3.719611825544096306e-01
2.065000120945308481e+03 6.273321578712940383e-01 3.723774085000653988e-01
2.070000000000000000e+03 6.269112722862569820e-01 3.727981947552857500e-01
2.074999879054691519e+03 6.264954289824622435e-01 3.732140122978608865e-01
2.080000000000000000e+03 6.260905358766363227e-01 3.736190009709852156e-01
2.085000120945308481e+03 6.256863749619522297e-01 3.740231968001181406e-01
2.090000000000000000e+03 6.252709521030939133e-01 3.744384890008805034e-01
2.095000120945308481e+03 6.248514599075712939e-01 3.748578495685945811e-01
2.100000000000000000e+03 6.244458919445320388e-01 3.752634862217374967e-01
2.105000120945308481e+03 6.240543195855359215e-01 3.756552210416563842e-01
2.110000000000000000e+03 6.236560172664861179e-01 3.760534946932843625e-01
2.114999879054691519e+03 6.232404347507692899e-01 3.764688576141680398e-01
2.120000000000000000e+03 6.228256373948813929e-01 3.768835473032424721e-01
2.124999879054691519e+03 6.224324865998938083e-01 3.772768653227227542e-01
2.130000000000000000e+03 6.220516824041025794e-01 3.776578437394773058e-01
2.135000120945308481e+03 6.216558872508298750e-01 3.780535231559786769e-01
2.140000000000000000e+03 6.212411574923653035e-01 3.784679852070578221e-01
2.145000120945308481e+03 6.208345948008511250e-01 3.788745079665013504e-01
2.150000000000000000e+03 6.204541492391149049e-01 3.792551934899823785e-01
2.154999879054691519e+03 6.200805528555175528e-01 3.796289251878909865e-01
2.160000000000000000e+03 6.196853603694659762e-01 3.800239183501362139e-01
2.164999879054691064e+03 6.192740704081348690e-01 3.804349433727963747e-01
2.170000000000000000e+03 6.188784987525317582e-01 3.808305619532553199e-01
2.175000120945308481e+03 6.185091770205005668e-01 3.812001515322203660e-01
2.180000000000000000e+03 6.181392355773335234e-01 3.815701561000444664e-01
2.185000120945308481e+03 6.177446132872320694e-01 3.819645223061600148e-01
2.190000000000000000e+03 6.173400864705234081e-01 3.823688337501504608e-01
2.194999879054691519e+03 6.169567311392476494e-01 3.827523134844067476e-01
2.200000000000000000e+03 6.165955882706256608e-01 3.831137034170164490e-01
2.204999879054691064e+03 6.162267218965462590e-01 3.834825508313967624e-01
2.210000000000000000e+03 6.158343815283930933e-01 3.838746202415206921e-01
2.215000120945308481e+03 6.154396847693923700e-01 3.842691807069548160e-01
2.220000000000000000e+03 6.150679544694099832e-01 3.846410806059579746e-01
2.225000120945308481e+03 6.147115483268226210e-01 3.849976743937889023e-01
2.230000000000000000e+03 6.143427910961897220e-01 3.853663438844207589e-01
2.235000120945308481e+03 6.139555783888306362e-01 3.857533158198547807e-01
2.240000000000000000e+03 6.135726571867000656e-01 3.861361844181842584e-01
2.244999879054691064e+03 6.132103778189170740e-01 3.864986356153290448e-01
2.250000000000000000e+03 6.128557358711045344e-01 3.868533857405540566e-01
2.255000120945308481e+03 6.124878850869056590e-01 3.872211114288934830e-01
2.260000000000000000e+03 6.121088900063322846e-01 3.875999312220393400e-01
2.265000120945308481e+03 6.117380598803654479e-01 3.879707729604665589e-01
2.270000000000000000e+03 6.113821413770571533e-01 3.883268253955425298e-01
2.275000120945308481e+03 6.110275464759865605e-01 3.886814503844537305e-01
2.280000000000000000e+03 6.106628073302290405e-01 3.890460673972184757e-01
2.284999879054691064e+03 6.102944581378129119e-01 3.894143223435478918e-01
2.290000000000000000e+03 6.099343744701473113e-01 3.897744468118463645e-01
2.295000120945308481e+03 6.095817047992976301e-01 3.901271853765253539e-01
2.300000000000000000e+03 6.092270835614324032e-01 3.904817793466133780e-01
2.305000120945308481e+03 6.088683415703221025e-01 3.908404396734065367e-01
2.310000000000000000e+03 6.085117322110966676e-01 3.911970285039285122e-01
2.315000120945308481e+03 6.081598259316602917e-01 3.915489661400557431e-01
2.320000000000000000e+03 6.078081270892936594e-01 3.919006600649271310e-01
2.324999879054691519e+03 6.074549529213292276e-01 3.922537832182560469e-01
2.330000000000000000e+03 6.071049004073402200e-01 3.926038183183769292e-01
2.335000120945308481e+03 6.067595230647865323e-01 3.929492231830116755e-01
2.340000000000000000e+03 6.064127602929774152e-01 3.932959764915293643e-01
2.345000120945308481e+03 6.060611627937158019e-01 3.936475053514884026e-01
2.350000000000000000e+03 6.057119319057711060e-01 3.939966982335482149e-01
2.355000120945308481e+03 6.053722973592174927e-01 3.943363835191878719e-01
2.360000000000000000e+03 6.050362354870361115e-01 3.946724865337074561e-01
2.364999879054691519e+03 6.046919708488699419e-01 3.950166837854368618e-01
2.370000000000000000e+03 6.043411588012367330e-01 3.953673887466091497e-01
2.375000120945308481e+03 6.039986126558342105e-01 3.957099390900581937e-01
2.380000000000000000e+03 6.036696985463732013e-01 3.960389568044103692e-01
2.385000120945308481e+03 6.033402062345772920e-01 3.963684711501709867e-01
2.390000000000000000e+03 6.029968818075953640e-01 3.967116702908585757e-01
2.395000120945308481e+03 6.026487940571917390e-01 3.970596455359412524e-01
2.400000000000000000e+03 6.023151181573760393e-01 3.973933813256566028e-01
2.404999879054691519e+03 6.019957594535084722e-01 3.977128687331750179e-01
2.410000000000000000e+03 6.016700466000277636e-01 3.980385615810244082e-01
2.414999879054691064e+03 6.013275456190922963e-01 3.983808952564473760e-01
2.419999516218765621e+03 6.009847446079776834e-01 3.987236095320310647e-01
2.424999395273457139e+03 6.006609647321721202e-01 3.990475001825795620e-01
2.429999274328149113e+03 6.003489010200161458e-01 3.993596866589525507e-01
2.434999153382840177e+03 6.000248909216100435e-01 3.996836261658637257e-01
2.439999032437531696e+03 5.996844667632464931e-01 4.000238678136769366e-01
2.444998911492223215e+03 5.993493701088024039e-01 4.003589238045991983e-01
2.449998790546914279e+03 5.990351021228533801e-01 4.006733339074308731e-01
2.455001088507776785e+03 5.987276405425525638e-01 4.009808865061739724e-01
2.460000967562467849e+03 5.984044857631373171e-01 4.013039268280318983e-01
2.465000846617159823e+03 5.980683122300232135e-01 4.016399323937043797e-01
2.470000725671851342e+03 5.977425061737695611e-01 4.019657482218914613e-01
2.475000604726542406e+03 5.974361129194023512e-01 4.022722881293570585e-01
2.480000483781233925e+03 5.971308803459425274e-01 4.025775651670536193e-01
2.485000362835925444e+03 5.968091041515890538e-01 4.028992023260303812e-01
2.490000241890616962e+03 5.964795952249781763e-01 4.032285816842026138e-01
2.495000120945308481e+03 5.961634148061686345e-01 4.035448113089453170e-01
2.500000000000000000e+03 5.958625080933157570e-01 4.038458431708167873e-01
2.504999879054691519e+03 5.955580736624745963e-01 4.041502743433237343e-01
2.509999758109382583e+03 5.952393199997447759e-01 4.044688903636928234e-01
2.514999637164074556e+03 5.949184201928213733e-01 4.047897103675171526e-01
2.519999516218766075e+03 5.946109000494619323e-01 4.050972979171059141e-01
2.524999395273457139e+03 5.943130298910223042e-01 4.053952530348849947e-01
2.529999274328148658e+03 5.940092282849570582e-01 4.056990154810565796e-01
2.534999153382840177e+03 5.936957137227089065e-01 4.060124184836965688e-01
2.539999032437531696e+03 5.933843563484720862e-01 4.063237426112397688e-01
2.544998911492223215e+03 5.930835492848113288e-01 4.066246110088829191e-01
2.550001209453085266e+03 5.927868747236274549e-01 4.069213228531018967e-01
2.555001088507776785e+03 5.924847567269525550e-01 4.072233867776515748e-01
2.560000967562468304e+03 5.921785938902577318e-01 4.075294803312856651e-01
2.565000846617159368e+03 5.918764691496913866e-01 4.078316033537924268e-01
2.570000725671850887e+03 5.915800254736245378e-01 4.081280815673218876e-01
2.575000604726542861e+03 5.912837775675495733e-01 4.084243240189637802e-01
2.580000483781233925e+03 5.909852243365474322e-01 4.087228319179385116e-01
2.585000362835925444e+03 5.906878106601314293e-01 4.090202221662024851e-01
2.590000241890616962e+03 5.903934938271139243e-01 4.093145476251915382e-01
2.595000120945308481e+03 5.900993242779692949e-01 4.096087126634198605e-01
2.600000000000000000e+03 5.898039424070203873e-01 4.099040617219037452e-01
2.604999879054691519e+03 5.895110706159997216e-01 4.101969160480947729e-01
2.609999758109383038e+03 5.892227083774297380e-01 4.104852921401532240e-01
2.614999637164074102e+03 5.889340953428432446e-01 4.107739031789087170e-01
2.619999516218765621e+03 5.886409247993822369e-01 4.110670287671482903e-01
2.624999395273457594e+03 5.883478478942028023e-01 4.113600665103185339e-01
2.629999274328148658e+03 5.880623820272868896e-01 4.116455521190631739e-01
2.634999153382840177e+03 5.877822242328449853e-01 4.119257442184739992e-01
2.639999032437531696e+03 5.874971360600300674e-01 4.122108041729870553e-01
2.644998911492223215e+03 5.872047979729095868e-01 4.125030661800550558e-01
2.650001209453085266e+03 5.869159893177628984e-01 4.127918495585704006e-01
2.655001088507776785e+03 5.866387763042513193e-01 4.130691173646854897e-01
2.660000967562468304e+03 5.863650984648092201e-01 4.133428304005831722e-01
2.665000846617159823e+03 5.860818749277831863e-01 4.136259927469699282e-01
2.670000725671851342e+03 5.857912790829866712e-01 4.139164982945287563e-01
2.675000604726542406e+03 5.855086313425655886e-01 4.141991482146100689e-01
2.680000483781233925e+03 5.852394255772134235e-01 4.144684322824416789e-01
2.685000362835925444e+03 5.849701309352877132e-01 4.147377459017149159e-01
2.690000241890616962e+03 5.846880457686758348e-01 4.150197401619154514e-01
2.695000120945308481e+03 5.844008478531856898e-01 4.153068528562072204e-01
2.700000000000000000e+03 5.841256393068307018e-01 4.155820946709309904e-01
2.704999879054691064e+03 5.838632053837277125e-01 4.158446137937705234e-01
2.709999758109383038e+03 5.835964087354553742e-01 4.161114025181670839e-01
2.714999637164074556e+03 5.833158002498158856e-01 4.163919022405313530e-01
2.719999516218765621e+03 5.830338818048117489e-01 4.166737563704046021e-01
2.724999395273457139e+03 5.827664322894262616e-01 4.169412642346361220e-01
2.729999274328148658e+03 5.825089214478756938e-01 4.171988503348697530e-01
2.734999153382840177e+03 5.822434421401526672e-01 4.174642928304821976e-01
2.739999032437531696e+03 5.819655393808783606e-01 4.177420855736858063e-01
2.744998911492223215e+03 5.816904525132885473e-01 4.180171371079396958e-01
2.750001209453085266e+03 5.814300656585672522e-01 4.182775946952226320e-01
2.755001088507776785e+03 5.811755457582117312e-01 4.185321670433063690e-01
2.760000967562468304e+03 5.809111760941803038e-01 4.187964777162563323e-01
2.765000846617159368e+03 5.806376864047896325e-01 4.190698722663804832e-01
2.770000725671851342e+03 5.803702193069929516e-01 4.193373320369253032e-01
2.775000604726542861e+03 5.801154136563775321e-01 4.195922055545919793e-01
2.780000483781233925e+03 5.798623945386036649e-01 4.198452483676712310e-01
2.785000362835925444e+03 5.795998815096747858e-01 4.201076932105878847e-01
2.790000241890616962e+03 5.793324670469521820e-01 4.203750383682924308e-01
2.795000120945308481e+03 5.790724456428181233e-01 4.206350718932076460e-01
2.800000000000000000e+03 5.788213950983941425e-01 4.208861738345497372e-01
2.804999879054691519e+03 5.785692013194233541e-01 4.211383646344685205e-01
2.809999758109382583e+03 5.783099633749760882e-01 4.213975402600920184e-01
2.814999637164074102e+03 5.780497577487120342e-01 4.216577055648837447e-01
2.819999516218766075e+03 5.777961278370217224e-01 4.219113542215966461e-01
2.824999395273457139e+03 5.775471757435027831e-01 4.221603325369305271e-01
2.829999274328148658e+03 5.772960710080455859e-01 4.224114167596466629e-01
2.834999153382840177e+03 5.770417432677337199e-01 4.226657004875399304e-01
2.839999032437531696e+03 5.767890411294223085e-01 4.229183868397643487e-01
2.844998911492223215e+03 5.765401938908792934e-01 4.231672460922468182e-01
2.850001209453085266e+03 5.762922916657253758e-01 4.234151475324660074e-01
2.855001088507776785e+03 5.760433345664129900e-01 4.236640796907716888e-01
2.860000967562468304e+03 5.757952779986409420e-01 4.239121170377289083e-01
2.865000846617159823e+03 5.755494759349313316e-01 4.241579179089735030e-01
2.870000725671850887e+03 5.753037122862859620e-01 4.244036763837091275e-01
2.875000604726542406e+03 5.750566637515177604e-01 4.246507023977751927e-01
2.880000483781234379e+03 5.748113500733609271e-01 4.248959995467671003e-01
2.885000362835925444e+03 5.745702630455592486e-01 4.251370915457585165e-01
2.890000241890616962e+03 5.743300561219086831e-01 4.253772996889833014e-01
2.895000120945308481e+03 5.740860513308195801e-01 4.256212770801856560e-01
2.900000000000000000e+03 5.738405055732914706e-01 4.258667889823268826e-01
2.904999879054691519e+03 5.736003081100374823e-01 4.261069872278188675e-01
2.909999758109383038e+03 5.733660438879381038e-01 4.263412740045568472e-01
2.914999637164074556e+03 5.731298092276603251e-01 4.265775011282572637e-01
2.919999516218765621e+03 5.728869471609543407e-01 4.268203150100833287e-01
2.924999395273457139e+03 5.726441562848958444e-01 4.270630728818654021e-01
2.929999274328148658e+03 5.724100953580564255e-01 4.272971547956853078e-01
2.934999153382840177e+03 5.721817266831313864e-01 4.275255534515101652e-01
2.939999032437531696e+03 5.719479759056719237e-01 4.277592804903324053e-01
2.944998911492223215e+03 5.717064668740570177e-01 4.280007277196185567e-01
2.949998790546914279e+03 5.714678886496068477e-01 4.282392840214739316e-01
2.955001088507776785e+03 5.712402518135260010e-01 4.284669589397483436e-01
2.960000967562467849e+03 5.710163518217856726e-01 4.286908855253437900e-01
2.965000846617159823e+03 5.707841212940333309e-01 4.289230741675900682e-01
2.970000725671851342e+03 5.705448828798520555e-01 4.291622476003013609e-01
2.975000604726542406e+03 5.703117469746985524e-01 4.293953782923900508e-01
2.980000483781233925e+03 5.700900291524322316e-01 4.296171437521223435e-01
2.985000362835925444e+03 5.698690780445696547e-01 4.298381093716339696e-01
2.990000241890616962e+03 5.696381510104407964e-01 4.300689801180447303e-01
2.995000120945308481e+03 5.694024980274011716e-01 4.303045753060741885e-01
3.000000000000000000e+03 5.691754587041608637e-01 4.305316261982536363e-01
3.004999879054691519e+03 5.689585285652554170e-01 4.307486040353798451e-01
3.009999758109382583e+03 5.687393245896655847e-01 4.309678059049669163e-01
3.014999637164074556e+03 5.685102327547864043e-01 4.311968350639485692e-01
3.019999516218766075e+03 5.682794727087575604e-01 4.314275518008715005e-01
3.024999395273457139e+03 5.680584410594007316e-01 4.316486070791312746e-01
3.029999274328148658e+03 5.678448748550659619e-01 4.318622121193538832e-01
3.034999153382840177e+03 5.676268341063642753e-01 4.320802348326454045e-01
3.039999032437531696e+03 5.674006503287829517e-01 4.323063590040377990e-01
3.044998911492223215e+03 5.671757021323733383e-01 4.325312810294812405e-01
3.050001209453085266e+03 5.669598959971980934e-01 4.327471151825246221e-01
3.055001088507776785e+03 5.667483757719801174e-01 4.329586592491621588e-01
3.060000967562468304e+03 5.665316431665805563e-01 4.331753632431789569e-01
3.065000846617159368e+03 5.663096343202941307e-01 4.333973235942482072e-01
3.070000725671850887e+03 5.660907757565982745e-01 4.336161710122867774e-01
3.075000604726542861e+03 5.658789619169244389e-01 4.338280088111640120e-01
3.080000483781233925e+03 5.656686226979366072e-01 4.340383551150275299e-01
3.085000362835925444e+03 5.654539737225063867e-01 4.342529728905669684e-01
3.090000241890616962e+03 5.652372176935357428e-01 4.344696960700750177e-01
3.095000120945308481e+03 5.650240261504115846e-01 4.346828858079909708e-01
3.100000000000000000e+03 5.648148763614052603e-01 4.348920485759435461e-01
3.104999879054691519e+03 5.646055079144310929e-01 4.351014101449211524e-01
3.109999758109383038e+03 5.643940799527717989e-01 4.353128123687482476e-01
3.114999637164074102e+03 5.641831556628498223e-01 4.355237196560860502e-01
3.119999516218765621e+03 5.639746487811627684e-01 4.357322266355110885e-01
3.124999395273457594e+03 5.637671031985107550e-01 4.359397705419889579e-01
3.129999274328148658e+03 5.635591582674285283e-01 4.361477008316503867e-01
3.134999153382840177e+03 5.633520952429126316e-01 4.363547493900055696e-01
3.139999032437531696e+03 5.631469290413083639e-01 4.365599108440967879e-01
3.144998911492223215e+03 5.629418550714123670e-01 4.367649796312235155e-01
3.150001209453085266e+03 5.627353909422805334e-01 4.369714278846750233e-01
3.155001088507776785e+03 5.625298082464955662e-01 4.371769956829265613e-01
3.160000967562468304e+03 5.623279222628587704e-01 4.373788806812283214e-01
3.165000846617159823e+03 5.621278257767783337e-01 4.375789786124896774e-01
3.170000725671850887e+03 5.619250139078568740e-01 4.377817749945062120e-01
3.175000604726542861e+03 5.617197497330725930e-01 4.379870132875340327e-01
3.180000483781233925e+03 5.615176507614749735e-01 4.381891035632452525e-01
3.185000362835925444e+03 5.613211947899794385e-01 4.383855705956259396e-01
3.190000241890616508e+03 5.611250735044127635e-01 4.385816926702689744e-01
3.195000120945308481e+03 5.609237425772649610e-01 4.387829962020874386e-01
3.200000000000000000e+03 5.607203577156202323e-01 4.389863515389569315e-01
3.204999879054691064e+03 5.605227086036375095e-01 4.391840019912926496e-01
3.209999758109383038e+03 5.603313182257849689e-01 4.393754110885392250e-01
3.214999637164074102e+03 5.601379830450622377e-01 4.395687406769922534e-01
3.219999516218765621e+03 5.599379246718081404e-01 4.397687617757816136e-01
3.224999395273457594e+03 5.597374266699685075e-01 4.399692330885413005e-01
3.229999274328148658e+03 5.595447614510787870e-01 4.401619101845831716e-01
3.234999153382840177e+03 5.593575734263613874e-01 4.403491187359495074e-01
3.239999032437531241e+03 5.591660619483022066e-01 4.405406149958283613e-01
3.244998911492223215e+03 5.589676538831362951e-01 4.407389807225057798e-01
3.249998790546914734e+03 5.587710663723065574e-01 4.409355491844459962e-01
3.255001088507776785e+03 5.585833462854280507e-01 4.411232891796888489e-01
3.260000967562468304e+03 5.583992509012333239e-01 4.413074010722206619e-01
3.265000846617159368e+03 5.582090681765298212e-01 4.414975590416999607e-01
3.270000725671851342e+03 5.580131232526289731e-01 4.416934623894601675e-01
3.275000604726542406e+03 5.578211858110366794e-01 4.418853905101609580e-01
3.280000483781233925e+03 5.576378270605394372e-01 4.420687726347755087e-01
3.285000362835925898e+03 5.574557763170385760e-01 4.422508316892443392e-01
3.290000241890616962e+03 5.572669920676625033e-01 4.424395846788451991e-01
3.295000120945308481e+03 5.570744936255644930e-01 4.426320474618942180e-01
3.299999999999999545e+03 5.568874571570628929e-01 4.428190835046697527e-01
3.304999879054691519e+03 5.567075103797727298e-01 4.429990518368598917e-01
3.309999758109383038e+03 5.565267924067996974e-01 4.431797684106649204e-01
3.314999637164074102e+03 5.563399755307586458e-01 4.433665523184539548e-01
3.319999516218766075e+03 5.561517790534905581e-01 4.435547221891234515e-01
3.324999395273457139e+03 5.559693492918280633e-01 4.437371572715669843e-01
3.329999274328148658e+03 5.557917720544950368e-01 4.439147496676857374e-01
3.334999153382840632e+03 5.556121770651097913e-01 4.440943349496131454e-01
3.339999032437531696e+03 5.554281942659513582e-01 4.442782880579634885e-01
3.344998911492223215e+03 5.552447806627880400e-01 4.444616846704820823e-01
3.350001209453085266e+03 5.550662177518209672e-01 4.446402541732104030e-01
3.355001088507776785e+03 5.548901586083780924e-01 4.448163194748602778e-01
3.360000967562467849e+03 5.547119958762354308e-01 4.449944677666068937e-01
3.365000846617159823e+03 5.545317377531385761e-01 4.451747032273397076e-01
3.370000725671851342e+03 5.543530848703691616e-01 4.453533469346744877e-01
3.375000604726542406e+03 5.541774226556700489e-01 4.455290124765873272e-01
3.380000483781234379e+03 5.540024366358783370e-01 4.457039956115778634e-01
3.385000362835925444e+03 5.538264058024733316e-01 4.458800117556876996e-01
3.390000241890616962e+03 5.536505208710351678e-01 4.460558827535891502e-01
3.395000120945308936e+03 5.534761230603350013e-01 4.462302756831938999e-01
3.399999999999999545e+03 5.533024400328617753e-01 4.464039554348587790e-01
3.404999879054691519e+03 5.531285791815627739e-01 4.465778066673968261e-01
3.409999758109382583e+03 5.529555394092616760e-01 4.467508355284752763e-01
3.414999637164074102e+03 5.527842502179060036e-01 4.469221189630435132e-01
3.419999516218766075e+03 5.526132725719976602e-01 4.470930918416757271e-01
3.424999395273457139e+03 5.524409358460937725e-01 4.472654174627233581e-01
3.429999274328148658e+03 5.522686962076336359e-01 4.474376444646700479e-01
3.434999153382839722e+03 5.520994030693401333e-01 4.476069330357086429e-01
3.439999032437531696e+03 5.519324518057560081e-01 4.477738842935066743e-01
3.444998911492223215e+03 5.517639684346891116e-01 4.479423593056407471e-01
3.450001209453085266e+03 5.515927839732587268e-01 4.481135258334646432e-01
3.455001088507776785e+03 5.514229314439842433e-01 4.482833666810839279e-01
3.460000967562467849e+03 5.512578169638004955e-01 4.484484835404217717e-01
3.465000846617159823e+03 5.510945488680041304e-01 4.486117538258693749e-01
3.470000725671850887e+03 5.509277939479427788e-01 4.487784946218126292e-01
3.475000604726542406e+03 5.507580262627683743e-01 4.489482402926256999e-01
3.480000483781234379e+03 5.505913562093202041e-01 4.491149027081390299e-01
3.485000362835925444e+03 5.504304115924035790e-01 4.492758553771968311e-01
3.490000241890616962e+03 5.502699653659144374e-01 4.494363023309559946e-01
3.495000120945308026e+03 5.501045259987681346e-01 4.496017216057151544e-01
3.500000000000000000e+03 5.499367886705439634e-01 4.497694363775642801e-01
3.504999879054691519e+03 5.497738901729686267e-01 4.499323328100791053e-01
3.509999758109382583e+03 5.496166786714837826e-01 4.500895553763031853e-01
3.514999637164074556e+03 5.494582246516285240e-01 4.502480058974233090e-01
3.519999516218765621e+03 5.492941249091444211e-01 4.504120812434533327e-01
3.524999395273457139e+03 5.491291792407744232e-01 4.505770070221848944e-01
3.529999274328149113e+03 5.489702698792061630e-01 4.507359197043525056e-01
3.534999153382840177e+03 5.488160591688214796e-01 4.508901412228821792e-01
3.539999032437531696e+03 5.486590160588521448e-01 4.510471754439071557e-01
3.544998911492222760e+03 5.484966744486829970e-01 4.512094911536841391e-01
3.550001209453085266e+03 5.483351975251944399e-01 4.513709529931332343e-01
3.555001088507776331e+03 5.481800713254375568e-01 4.515260862120689667e-01
3.560000967562468304e+03 5.480280417881264743e-01 4.516781233533085915e-01
3.565000846617159823e+03 5.478722125394417386e-01 4.518339389289028896e-01
3.570000725671850887e+03 5.477122914975601775e-01 4.519938355948164843e-01
3.575000604726542861e+03 5.475546802205343289e-01 4.521514372678697158e-01
3.580000483781233925e+03 5.474027772850744711e-01 4.523033482573054487e-01
3.585000362835925444e+03 5.472522437599781631e-01 4.524538843716285896e-01
3.590000241890617417e+03 5.470978369779909700e-01 4.526082746822703839e-01
3.595000120945308481e+03 5.469410321076616510e-01 4.527650591091808008e-01
3.600000000000000000e+03 5.467872963210571591e-01 4.529187899479886759e-01
3.604999879054691064e+03 5.466378680750848540e-01 4.530682244770831146e-01
3.609999758109383038e+03 5.464884523473002575e-01 4.532176375255135836e-01
3.614999637164074556e+03 5.463359892833165032e-01 4.533700839430697127e-01
3.619999516218765621e+03 5.461828206042526057e-01 4.535232373880001000e-01
3.624999395273457594e+03 5.460325905692668957e-01 4.536734651593050116e-01
3.629999274328148658e+03 5.458849090645525592e-01 4.538211490174582918e-01
3.634999153382840177e+03 5.457366175369108285e-01 4.539694337638910948e-01
3.639999032437532151e+03 5.455867566650129952e-01 4.541192802631971448e-01
3.644998911492222760e+03 5.454374202971998820e-01 4.542686065475012303e-01
3.649998790546914734e+03 5.452900602319653567e-01 4.544159645600568953e-01
3.655001088507776331e+03 5.451436106247578017e-01 4.545624116338505272e-01
3.660000967562468304e+03 5.449968005288232664e-01 4.547092129375800429e-01
3.665000846617159368e+03 5.448501331989707985e-01 4.548558698655286170e-01
3.670000725671850887e+03 5.447044519027264275e-01 4.550015449536866652e-01
3.675000604726542861e+03 5.445592419667083517e-01 4.551467507485618125e-01
3.680000483781233925e+03 5.444138452871177813e-01 4.552921404114674275e-01
3.685000362835925444e+03 5.442690947127597489e-01 4.554368825322824277e-01
3.690000241890616508e+03 5.441259706190617607e-01 4.555800007592040179e-01
3.695000120945308481e+03 5.439834517597578190e-01 4.557225152403912016e-01
3.700000000000000000e+03 5.438397839321456040e-01 4.558661753821166007e-01
3.704999879054691064e+03 5.436956195449578200e-01 4.560103297751882945e-01
3.709999758109383038e+03 5.435535426574454876e-01 4.561524004702315338e-01
3.714999637164074102e+03 5.434139726250559743e-01 4.562919686078417136e-01
3.719999516218765621e+03 5.432739514653910362e-01 4.564319850039747495e-01
3.724999395273457594e+03 5.431314837620833114e-01 4.565744411792964086e-01
3.729999274328148658e+03 5.429890104751011748e-01 4.567169035311031133e-01
3.734999153382840177e+03 5.428500726744409643e-01 4.568558384727675614e-01
3.739999032437531241e+03 5.427137317824975993e-01 4.569921799582685740e-01
3.744998911492223215e+03 5.425755553753061067e-01 4.571303494316070193e-01
3.750001209453084812e+03 5.424342835802423712e-01 4.572716067131540885e-01
3.755001088507776785e+03 5.422940868270964554e-01 4.574117935433840709e-01
3.760000967562468304e+03 5.421584716911409529e-01 4.575474092670490656e-01
3.765000846617159368e+03 5.420247964757265446e-01 4.576810855987579751e-01
3.770000725671851342e+03 5.418879946204048226e-01 4.578178775274370782e-01
3.775000604726542406e+03 5.417482257185293193e-01 4.579576304782773666e-01
3.780000483781233925e+03 5.416108375200311409e-01 4.580950111715998418e-01
3.785000362835925898e+03 5.414783999805180548e-01 4.582274518525515927e-01
3.790000241890616962e+03 5.413467474333880647e-01 4.583591042136598848e-01
3.795000120945308481e+03 5.412111434539794708e-01 4.584946954582055922e-01
3.799999999999999545e+03 5.410733835211682941e-01 4.586324398097404997e-01
3.804999879054691519e+03 5.409391271592792760e-01 4.587666917043283221e-01
3.809999758109383038e+03 5.408094415315849446e-01 4.588963814989244772e-01
3.814999637164074102e+03 5.406792620099120095e-01 4.590265583198533395e-01
3.819999516218766075e+03 5.405449957216038603e-01 4.591608101084451166e-01
3.824999395273457139e+03 5.404097880109712815e-01 4.592960041189642628e-01
3.829999274328148658e+03 5.402786895862206062e-01 4.594271007936187035e-01
3.834999153382840632e+03 5.401511737717141770e-01 4.595546201215920390e-01
3.839999032437531696e+03 5.400221487769476525e-01 4.596836395862483049e-01
3.844998911492223215e+03 5.398896097362307911e-01 4.598161638283035368e-01
3.850001209453085266e+03 5.397573711213973224e-01 4.599483915518723376e-01
3.855001088507776785e+03 5.396291593223609961e-01 4.600766032935824090e-01
3.860000967562467849e+03 5.395032362810683324e-01 4.602025278065404179e-01
3.865000846617159823e+03 5.393753444222399995e-01 4.603304118142967916e-01
3.870000725671851342e+03 5.392450389311908010e-01 4.604607036824223676e-01
3.875000604726542406e+03 5.391159405733946253e-01 4.605897941293179421e-01
3.880000483781234379e+03 5.389901298031178900e-01 4.607156050919323786e-01
3.885000362835924989e+03 5.388653792286637323e-01 4.608403543930943425e-01
3.890000241890616962e+03 5.387388757613744694e-01 4.609668488176487111e-01
3.895000120945308936e+03 5.386112683500682285e-01 4.610944448745099566e-01
3.899999999999999545e+03 5.384851916778987668e-01 4.612205160061837450e-01
3.904999879054691519e+03 5.383612208693074885e-01 4.613444858682404504e-01
3.909999758109382583e+03 5.382374791199462383e-01 4.614682237089129391e-01
3.914999637164074102e+03 5.381127992293593953e-01 4.615928946680242784e-01
3.919999516218766075e+03 5.379881744664085641e-01 4.617175108480185419e-01
3.924999395273457139e+03 5.378647508041279890e-01 4.618409302321708210e-01
3.929999274328148658e+03 5.377421360583749532e-01 4.619635419569088630e-01
3.934999153382839722e+03 5.376195190818052749e-01 4.620861531046652204e-01
3.939999032437531696e+03 5.374971361463591890e-01 4.622085283843290759e-01
3.944998911492223215e+03 5.373755183828887727e-01 4.623301401613185702e-01
3.950001209453085266e+03 5.372542365231882666e-01 4.624514177133842718e-01
3.955001088507776785e+03 5.371326941230402108e-01 4.625729547241922424e-01
3.960000967562467849e+03 5.370115411245189874e-01 4.626941010678123911e-01
3.965000846617159823e+03 5.368918219970870709e-01 4.628138145735483100e-01
3.970000725671850887e+03 5.367729724325144280e-01 4.629326599745045567e-01
3.975000604726542406e+03 5.366533204690484560e-01 4.630523065215116363e-01
3.980000483781234379e+03 5.365328274801899333e-01 4.631727920982746660e-01
3.985000362835925444e+03 5.364135851866913551e-01 4.632920280631387389e-01
3.990000241890616962e+03 5.362966832366045100e-01 4.634089266108789018e-01
3.995000120945308026e+03 5.361801709763029944e-01 4.635254354256050369e-01
4.000000000000000000e+03 5.360617708655794900e-01 4.636438284297311752e-01
4.004999879054691519e+03 5.359425496140622913e-01 4.637630410507809775e-01
4.009999758109382583e+03 5.358256327372840078e-01 4.638799528182306897e-01
4.014999637164074556e+03 5.357114466044690104e-01 4.639941373613654108e-01
4.019999516218765621e+03 5.355967698206040017e-01 4.641088103348594007e-01
4.024999395273457139e+03 5.354794674099619955e-01 4.642261039343381634e-01
4.029999274328149113e+03 5.353619022287654516e-01 4.643436602971641736e-01
4.034999153382840177e+03 5.352475705346533275e-01 4.644579885667379227e-01
4.039999032437531696e+03 5.351357766271527261e-01 4.645697818834479409e-01
4.044998911492222760e+03 5.350224972293023962e-01 4.646830563213810716e-01
4.050001209453085266e+03 5.349063849482531552e-01 4.647991585782657586e-01
4.055001088507776331e+03 5.347908980256285139e-01 4.649146374025776574e-01
4.060000967562468304e+03 5.346791835502944235e-01 4.650263500973236819e-01
4.065000846617159823e+03 5.345693291503255118e-01 4.651362039136535675e-01
4.070000725671850887e+03 5.344571826168080797e-01 4.652483440504207035e-01
4.075000604726542861e+03 5.343425519826759951e-01 4.653629642174135772e-01
4.080000483781233925e+03 5.342294754177608906e-01 4.654760340617595249e-01
4.085000362835925444e+03 5.341201774907231581e-01 4.655853313351794864e-01
4.090000241890617417e+03 5.340118052573459284e-01 4.656937021724539272e-01
4.095000120945308481e+03 5.339007561447995931e-01 4.658047436071259262e-01
4.100000000000000000e+03 5.337879971528451950e-01 4.659174925357696950e-01
4.104999879054691519e+03 5.336774771384733551e-01 4.660280074347475932e-01
4.109999758109383038e+03 5.335702230024824688e-01 4.661352612654844907e-01
4.114999637164074556e+03 5.334629902372081123e-01 4.662424913031791851e-01
4.119999516218766075e+03 5.333532207981154238e-01 4.663522523368963668e-01
4.124999395273457594e+03 5.332426991797555305e-01 4.664627650108031376e-01
4.129999274328148203e+03 5.331346574976154606e-01 4.665708029424184833e-01
4.134999153382839722e+03 5.330290079847450624e-01 4.666764517013586855e-01
4.139999032437532151e+03 5.329227677158411280e-01 4.667826878461005524e-01
4.144998911492222760e+03 5.328146062208188871e-01 4.668908408917656350e-01
4.149998790546914279e+03 5.327065541362343559e-01 4.669988855434529795e-01
4.155001088507776331e+03 5.326007146832169026e-01 4.671047220702259639e-01
4.160000967562467849e+03 5.324962829957349264e-01 4.672091519629907319e-01
4.165000846617159368e+03 5.323911060622428248e-01 4.673143236602084194e-01
4.170000725671850887e+03 5.322849182446065530e-01 4.674205036846117434e-01
4.175000604726542406e+03 5.321793683612782155e-01 4.675260476623375738e-01
4.180000483781233925e+03 5.320753376921919520e-01 4.676300755223216088e-01
4.185000362835925444e+03 5.319718873356411581e-01 4.677335227674266904e-01
4.190000241890616962e+03 5.318680225200310696e-01 4.678373817914232013e-01
4.195000120945308481e+03 5.317640984053920716e-01 4.679412992575293084e-01
4.200000000000000000e+03 5.316608774463751352e-01 4.680445155021780712e-01
4.204999879054691519e+03 5.315582539904576409e-01 4.681471356272908224e-01
4.209999758109383038e+03 5.314557495960229305e-01 4.682496356832084872e-01
4.214999637164073647e+03 5.313535361482693009e-01 4.683518434006552211e-01
4.219999516218766075e+03 5.312520043205896103e-01 4.684533699281773211e-01
4.224999395273457594e+03 5.311507847068046573e-01 4.685545854545182243e-01
4.229999274328148203e+03 5.310492645463211758e-01 4.686561013738814174e-01
4.234999153382840632e+03 5.309478637750532082e-01 4.687574969406991254e-01
4.239999032437531241e+03 5.308476234579220243e-01 4.688577321226755079e-01
4.244998911492222760e+03 5.307484152386134912e-01 4.689569362676977438e-01
4.249998790546915188e+03 5.306488072598893879e-01 4.690565401820590563e-01
4.255001088507776331e+03 5.305482570213320148e-01 4.691570851667418718e-01
4.260000967562468759e+03 5.304482489790499633e-01 4.692570876527583090e-01
4.265000846617159368e+03 5.303501889438817507e-01 4.693551434989270965e-01
4.270000725671850887e+03 5.302530598503792936e-01 4.694522693456786300e-01
4.275000604726542406e+03 5.301547164134731149e-01 4.695506082656857871e-01
4.280000483781233925e+03 5.300551946328196928e-01 4.696501239506336578e-01
4.285000362835925444e+03 5.299569048873147281e-01 4.697484083273536504e-01
4.290000241890616962e+03 5.298610579717831781e-01 4.698442520565683234e-01
4.295000120945308481e+03 5.297656573878319897e-01 4.699396497184847310e-01
4.300000000000000000e+03 5.296683613546084857e-01 4.700369405252001753e-01
4.304999879054691519e+03 5.295700850527877979e-01 4.701352102588822190e-01
4.309999758109383038e+03 5.294737756145247998e-01 4.702315149170276376e-01
4.314999637164074556e+03 5.293799928327362903e-01 4.703252953386636848e-01
4.319999516218766075e+03 5.292859597686156992e-01 4.704193252948277726e-01
4.324999395273456685e+03 5.291896703762312137e-01 4.705156087660666842e-01
4.329999274328149113e+03 5.290929391023434514e-01 4.706123334435618477e-01
4.334999153382840632e+03 5.289987317327717875e-01 4.707065368614424816e-01
4.339999032437531241e+03 5.289067261464663883e-01 4.707985405011622659e-01
4.344998911492223669e+03 5.288137830059853606e-01 4.708914800365404107e-01
4.350001209453084812e+03 5.287186304756034128e-01 4.709866261315931446e-01
4.355001088507777240e+03 5.286237314153168221e-01 4.710815190194881374e-01
4.360000967562467849e+03 5.285315743436703739e-01 4.711736729095836740e-01
4.365000846617159368e+03 5.284410014439174796e-01 4.712642438662315580e-01
4.370000725671851797e+03 5.283490194986515398e-01 4.713562215446862602e-01
4.375000604726542406e+03 5.282552522067961442e-01 4.714499822441464150e-01
4.380000483781233925e+03 5.281623738563840931e-01 4.715428551343287533e-01
4.385000362835925444e+03 5.280720590724209407e-01 4.716331673043553940e-01
4.390000241890616962e+03 5.279826090477550693e-01 4.717226150052959976e-01
4.395000120945308481e+03 5.278916289642600068e-01 4.718135902376249247e-01
4.400000000000000000e+03 5.277995303726229492e-01 4.719056824613271361e-01
4.404999879054691519e+03 5.277087085953461321e-01 4.719964995744535541e-01
4.409999758109382128e+03 5.276199319674914623e-01 4.720852738039948981e-01
4.414999637164074556e+03 5.275314075656994950e-01 4.721737952887586909e-01
4.419999516218766075e+03 5.274416114559437041e-01 4.722635861778812227e-01
4.424999395273456685e+03 5.273514117777572396e-01 4.723537800239847040e-01
4.429999274328149113e+03 5.272625215688944156e-01 4.724426662979613334e-01
4.434999153382839722e+03 5.271749668386874754e-01 4.725302184854844878e-01
4.439999032437531241e+03 5.270873256628793024e-01 4.726178561093734021e-01
4.444998911492223669e+03 5.269989711667927290e-01 4.727062053039256528e-01
4.450001209453084812e+03 5.269107787826252665e-01 4.727943925971977990e-01
4.455001088507777240e+03 5.268235715199383051e-01 4.728815963863271521e-01
4.460000967562467849e+03 5.267369933274421712e-01 4.729681716477285858e-01
4.465000846617159368e+03 5.266503446503582042e-01 4.730548162314404670e-01
4.470000725671850887e+03 5.265636815388928804e-01 4.731414742907853466e-01
4.475000604726542406e+03 5.264774522332643647e-01 4.732276992503970381e-01
4.480000483781233925e+03 5.263916257161581624e-01 4.733135224710917632e-01
4.485000362835925444e+03 5.263059084201582305e-01 4.733992363051751084e-01
4.490000241890616962e+03 5.262204678467550245e-01 4.734846724628392067e-01
4.495000120945308481e+03 5.261356613696218654e-01 4.735694743801612816e-01
4.500000000000000000e+03 5.260512120693591198e-01 4.736539199393102195e-01
4.504999879054691519e+03 5.259664918332731531e-01 4.737386367767469908e-01
4.509999758109383038e+03 5.258816690125901472e-01 4.738234555995751163e-01
4.514999637164074556e+03 5.257976859004829251e-01 4.739074342526881090e-01
4.519999516218765166e+03 5.257147680444317350e-01 4.739903481518105699e-01
4.524999395273457594e+03 5.256318287712329340e-01 4.740732840603547604e-01
4.529999274328149113e+03 5.255480374248817643e-01 4.741570717093804843e-01
4.534999153382839722e+03 5.254642686512237537e-01 4.742408360894341257e-01
4.539999032437532151e+03 5.253819480833281652e-01 4.743231524199416627e-01
4.544998911492222760e+03 5.253008088637274309e-01 4.744042882433784358e-01
4.550001209453085721e+03 5.252190963255696232e-01 4.744859975275951824e-01
4.555001088507776331e+03 5.251361920888059087e-01 4.745688976891015431e-01
4.560000967562467849e+03 5.250537057298049204e-01 4.746513794782899476e-01
4.565000846617160278e+03 5.249731471702202557e-01 4.747319341735142806e-01
4.570000725671850887e+03 5.248935662564468974e-01 4.748115121067979505e-01
4.575000604726542406e+03 5.248128573790938889e-01 4.748922176484270397e-01
4.580000483781233925e+03 5.247309326486925274e-01 4.749741379457309010e-01
4.585000362835925444e+03 5.246499525566394873e-01 4.750551135170705264e-01
4.590000241890616962e+03 5.245711215280517425e-01 4.751339411416292680e-01
4.595000120945308481e+03 5.244928291922333896e-01 4.752122307198279327e-01
4.600000000000000000e+03 5.244130138976176303e-01 4.752920424191581783e-01
4.604999879054691519e+03 5.243322564192339774e-01 4.753727952532676992e-01
4.609999758109383038e+03 5.242529339240920017e-01 4.754521134790115622e-01
4.614999637164074556e+03 5.241756727353885648e-01 4.755293716626945999e-01
4.619999516218765166e+03 5.240984214800984420e-01 4.756066201623190270e-01
4.624999395273457594e+03 5.240195211940531506e-01 4.756855165572057564e-01
4.629999274328148203e+03 5.239401506399894437e-01 4.757648824336954130e-01
4.634999153382839722e+03 5.238625205572104981e-01 4.758425086365493106e-01
4.639999032437532151e+03 5.237865931308720580e-01 4.759184333293787761e-01
4.644998911492222760e+03 5.237102194369256392e-01 4.759948041071295211e-01
4.649998790546914279e+03 5.236323677880642125e-01 4.760726516034790579e-01
4.655001088507776331e+03 5.235545668953738296e-01 4.761504479794431699e-01
4.660000967562467849e+03 5.234785385737417140e-01 4.762264728320265150e-01
4.665000846617159368e+03 5.234036949150582263e-01 4.763013138658009349e-01
4.670000725671850887e+03 5.233281542630208172e-01 4.763768513319204256e-01
4.675000604726542406e+03 5.232515475388533899e-01 4.764534537741134113e-01
4.680000483781233925e+03 5.231754073249053061e-01 4.765295897814768034e-01
4.685000362835925444e+03 5.231007914079421894e-01 4.766042025827377793e-01
4.690000241890616962e+03 5.230268326476397167e-01 4.766781586497906842e-01
4.695000120945308481e+03 5.229521994753904002e-01 4.767527883371920350e-01
4.700000000000000000e+03 5.228770322329807652e-01 4.768279513213153908e-01
4.704999879054691519e+03 5.228025259039865702e-01 4.769024538530057256e-01
4.709999758109383038e+03 5.227290873618771760e-01 4.769758895114263320e-01
4.714999637164073647e+03 5.226559131483218268e-01 4.770490608361395157e-01
4.719999516218766075e+03 5.225823476085356134e-01 4.771226226305142482e-01
4.724999395273457594e+03 5.225087523304234871e-01 4.771962138383323837e-01
4.729999274328148203e+03 5.224357435999977817e-01 4.772692191763144853e-01
4.734999153382840632e+03 5.223632648212798157e-01 4.773416951593751900e-01
4.739999032437531241e+03 5.222908906779976101e-01 4.774140661396952257e-01
4.744998911492222760e+03 5.222185832982479958e-01 4.774863696452481543e-01
4.750001209453084812e+03 5.221465907174976939e-01 4.775583584612578258e-01
4.755001088507776331e+03 5.220748724431578669e-01 4.776300736837699734e-01
4.760000967562468759e+03 5.220032081599120799e-01 4.777017351228749487e-01
4.765000846617159368e+03 5.219317495842582533e-01 4.777731902433604572e-01
4.770000725671850887e+03 5.218608604509936688e-01 4.778440755185732747e-01
4.775000604726542406e+03 5.217903905840644008e-01 4.779145419840322151e-01
4.780000483781233925e+03 5.217197412356340269e-01 4.779851885182238580e-01
4.785000362835925444e+03 5.216488503380833919e-01 4.780560764090212578e-01
4.790000241890616962e+03 5.215784798653372301e-01 4.781264432027566569e-01
4.795000120945308481e+03 5.215090897146827942e-01 4.781958296390577678e-01
4.800000000000000000e+03 5.214399744435567197e-01 4.782649418667999086e-01
4.804999879054691519e+03 5.213702156477306726e-01 4.783346979399426546e-01
4.809999758109383038e+03 5.213001622220259090e-01 4.784047481377731170e-01
4.814999637164074556e+03 5.212310528946907384e-01 4.784738536832987554e-01
4.819999516218766075e+03 5.211631391384599077e-01 4.785417639726888828e-01
4.824999395273456685e+03 5.210951683499487341e-01 4.786097319970235020e-01
4.829999274328149113e+03 5.210262073907048208e-01 4.786786902167788349e-01
4.834999153382840632e+03 5.209571323042827551e-01 4.787477618551281289e-01
4.839999032437531241e+03 5.208894041162461797e-01 4.788154862762120101e-01
4.844998911492223669e+03 5.208228471642328827e-01 4.788820400609084538e-01
4.850001209453084812e+03 5.207558242990819597e-01 4.789490603493811727e-01
4.855001088507777240e+03 5.206876703729428346e-01 4.790172113983336977e-01
4.860000967562467849e+03 5.206197429659572551e-01 4.790851352045816802e-01
4.865000846617159368e+03 5.205534271447375128e-01 4.791514474150502800e-01
4.870000725671851797e+03 5.204880436427715695e-01 4.792168280254011092e-01
4.875000604726542406e+03 5.204218345361679710e-01 4.792830346128004182e-01
4.880000483781233925e+03 5.203545857351435933e-01 4.793502803602556761e-01
4.885000362835925444e+03 5.202879501821162656e-01 4.794169122667285010e-01
4.890000241890616962e+03 5.202229802698251637e-01 4.794818788006883770e-01
4.895000120945308481e+03 5.201585725503992119e-01 4.795462838504955805e-01
4.900000000000000000e+03 5.200931343122860984e-01 4.796117195059713678e-01
4.904999879054691519e+03 5.200269404207898960e-01 4.796779101675496815e-01
4.909999758109382128e+03 5.199616720888174948e-01 4.797431749498419218e-01
4.914999637164074556e+03 5.198979029802036633e-01 4.798069409510952177e-01
4.919999516218766075e+03 5.198343099499419528e-01 4.798705314312699532e-01
4.924999395273456685e+03 5.197696928180030040e-01 4.799351458266784554e-01
4.929999274328149113e+03 5.197047057298292971e-01 4.800001295828759118e-01
4.934999153382839722e+03 5.196407891499820186e-01 4.800640427848005820e-01
4.939999032437531241e+03 5.195780372093223853e-01 4.801267918800654622e-01
4.944998911492223669e+03 5.195151724010108607e-01 4.801896541433452459e-01
4.950001209453084812e+03 5.194514954963377340e-01 4.802533281167835622e-01
4.955001088507777240e+03 5.193878217409766407e-01 4.803169985601837833e-01
4.960000967562467849e+03 5.193251553385269670e-01 4.803796618512452543e-01
4.965000846617159368e+03 5.192632472314980818e-01 4.804415672944536420e-01
4.970000725671850887e+03 5.192011140129190183e-01 4.805036978514287127e-01
4.975000604726542406e+03 5.191385232063040478e-01 4.805662855690290280e-01
4.980000483781233925e+03 5.190761917414804527e-01 4.806286138274441511e-01
4.985000362835925444e+03 5.190146163980121630e-01 4.806901863461026103e-01
4.990000241890616962e+03 5.189534325792271030e-01 4.807513676172964767e-01
