0.000000000000000000e+00 9.966903136961071663e-01
5.000000000000000000e+00 9.962221119144614168e-01
1.000000000000000000e+01 9.907323303240248569e-01
1.500000000000000000e+01 9.862845313220568455e-01
2.000000000000000000e+01 9.863698077748284110e-01
2.500000000000000000e+01 9.879274406827133204e-01
3.000000000000000000e+01 9.854184367355232066e-01
3.500000000000000000e+01 9.810569508336267619e-01
4.000000000000000000e+01 9.802980849911079320e-01
4.500000000000000000e+01 9.790157950820700394e-01
5.000000000000000000e+01 9.777126152356272470e-01
5.500000000000000000e+01 9.760170634408310564e-01
6.000000000000000000e+01 9.737530977000681265e-01
6.500000000000000000e+01 9.713349997396650837e-01
7.000000000000000000e+01 9.692206020258845589e-01
7.500000000000000000e+01 9.674637175474544160e-01
8.000000000000000000e+01 9.653715343600415277e-01
8.500000000000000000e+01 9.639285612491926836e-01
9.000000000000000000e+01 9.631026865126929293e-01
9.500000000000000000e+01 9.618411333415988196e-01
1.000000000000000000e+02 9.602190463705262413e-01
1.050000000000000000e+02 9.586367367937044248e-01
1.100000000000000000e+02 9.571539971774233324e-01
1.150000000000000000e+02 9.555202770834837489e-01
1.200000000000000000e+02 9.536584326225142627e-01
1.250000000000000000e+02 9.518853720196637225e-01
1.300000000000000000e+02 9.503039151131826845e-01
1.350000000000000000e+02 9.490106789143536448e-01
1.400000000000000000e+02 9.476416180295907932e-01
1.450000000000000000e+02 9.461720303537732857e-01
1.500000000000000000e+02 9.448596812807323886e-01
1.549999999999999716e+02 9.436619823812967267e-01
1.600000000000000000e+02 9.423989787763161763e-01
1.650000000000000000e+02 9.407332014449474311e-01
1.700000000000000000e+02 9.389264323096278009e-01
1.750000000000000000e+02 9.372990477229788953e-01
1.800000000000000000e+02 9.359455064548590775e-01
1.850000000000000000e+02 9.346917813614861181e-01
1.900000000000000000e+02 9.332286730484434800e-01
1.950000000000000000e+02 9.317400171379394136e-01
2.000000000000000000e+02 9.304021562199317197e-01
2.050000000000000000e+02 9.292335966635180133e-01
2.100000000000000000e+02 9.279770239196826198e-01
2.150000000000000000e+02 9.264409202899414053e-01
2.200000000000000000e+02 9.248606626529604080e-01
2.250000000000000000e+02 9.234002685685792633e-01
2.300000000000000000e+02 9.220976145202703922e-01
2.350000000000000000e+02 9.207197828407456264e-01
2.400000000000000000e+02 9.192171330117727690e-01
2.450001209453085096e+02 9.178076386662269437e-01
2.500000000000000000e+02 9.165823388355934798e-01
2.549998790546914904e+02 9.154522301091222447e-01
2.600000000000000000e+02 9.141206712602627515e-01
2.649998790546914620e+02 9.126101373286422680e-01
2.700000000000000000e+02 9.111484424908060653e-01
2.749998790546914620e+02 9.098625941113192006e-01
2.800000000000000000e+02 9.086374526656626482e-01
2.849998790546914620e+02 9.072343027720040087e-01
2.900000000000000000e+02 9.057418428111184694e-01
2.950001209453085380e+02 9.043750907012321205e-01
3.000000000000000000e+02 9.032133145515646167e-01
3.050001209453085380e+02 9.020615879567485118e-01
3.099999999999999432e+02 9.007101430266398756e-01
3.150001209453085380e+02 8.992746628158128086e-01
3.200000000000000000e+02 8.979473791211544098e-01
3.250001209453085380e+02 8.967649016780585569e-01
3.300000000000000000e+02 8.955219257516062736e-01
3.350001209453085380e+02 8.941037694787925538e-01
3.400000000000000000e+02 8.926817070753328975e-01
3.450001209453085380e+02 8.914289099442094244e-01
3.500000000000000000e+02 8.903189629689596263e-01
3.550001209453085380e+02 8.891117917464832487e-01
3.600000000000000000e+02 8.877402706536939858e-01
3.650001209453084812e+02 8.863793029742449425e-01
3.700000000000000000e+02 8.851767719482840358e-01
3.750001209453084812e+02 8.840583622060310676e-01
3.800000000000000000e+02 8.828009113126240592e-01
3.849998790546914620e+02 8.814052814212893772e-01
3.900000000000000000e+02 8.800652053057763657e-01
3.949998790546914620e+02 8.789062888357670467e-01
4.000000000000000000e+02 8.778049973442311193e-01
4.049998790546914051e+02 8.765605217049511344e-01
4.100000000000000000e+02 8.752131435227645806e-01
4.149998790546914051e+02 8.739497942733600588e-01
4.200000000000000000e+02 8.728428863992727660e-01
4.249998790546914051e+02 8.717282572377846872e-01
4.300000000000000000e+02 8.704496256574807411e-01
4.349998790546915188e+02 8.691022955157048369e-01
4.400000000000000000e+02 8.678755848322194932e-01
4.449998790546915188e+02 8.667968393300522489e-01
4.500000000000000000e+02 8.656781559394270964e-01
4.549998790546915188e+02 8.644059512969604064e-01
4.600000000000000000e+02 8.631055755965776344e-01
4.649998790546914620e+02 8.619448568035298353e-01
4.700000000000000000e+02 8.608997840912122612e-01
4.750001209453084812e+02 8.597714292453395579e-01
4.800000000000000000e+02 8.584941346113058591e-01
4.850001209453084812e+02 8.572182693273737719e-01
4.900000000000000000e+02 8.560926512457367465e-01
4.950001209453084812e+02 8.550524952169009651e-01
5.000000000000000000e+02 8.539095570176667982e-01
5.050001209453084812e+02 8.526453280424328707e-01
5.100000000000000000e+02 8.514230066282471032e-01
5.150001209453084812e+02 8.503534907726291170e-01
5.200000000000000000e+02 8.493267042612261397e-01
5.250001209453084812e+02 8.481725742436698745e-01
5.300000000000000000e+02 8.469186790003615517e-01
5.350001209453084812e+02 8.457378879852476272e-01
5.400000000000000000e+02 8.447012049654221144e-01
5.450001209453084812e+02 8.436687539542273573e-01
5.500000000000000000e+02 8.425008328415471981e-01
5.550001209453084812e+02 8.412675226150899688e-01
5.600000000000000000e+02 8.401382004589402763e-01
5.650001209453084812e+02 8.391390290246055761e-01
5.700000000000000000e+02 8.381080501077834422e-01
5.750001209453085949e+02 8.369388172520545455e-01
5.800000000000000000e+02 8.357330839157914859e-01
5.850001209453085949e+02 8.346470825192839893e-01
5.900000000000000000e+02 8.336662113865650481e-01
5.950001209453085949e+02 8.326229057545428969e-01
6.000000000000000000e+02 8.314516025244671482e-01
6.050001209453085949e+02 8.302789973894033615e-01
6.100000000000000000e+02 8.292391168764539078e-01
6.150001209453085949e+02 8.282760537718817373e-01
6.199999999999998863e+02 8.272256563142077468e-01
6.249998790546914051e+02 8.260624492384297524e-01
6.300000000000000000e+02 8.249296850832459338e-01
6.349998790546914051e+02 8.239305966062038245e-01
6.400000000000000000e+02 8.229738039807176220e-01
6.449998790546914051e+02 8.219102797201787158e-01
6.500000000000000000e+02 8.207561448113614988e-01
6.549998790546914051e+02 8.196638395710624803e-01
6.600000000000000000e+02 8.187007910371214559e-01
6.649998790546914051e+02 8.177478842222243305e-01
6.700000000000000000e+02 8.166781155836922990e-01
6.749998790546914051e+02 8.155438289656412598e-01
6.800000000000000000e+02 8.144951126398162211e-01
6.849998790546915188e+02 8.135612175374171695e-01
6.900000000000000000e+02 8.126051683011902282e-01
6.949998790546915188e+02 8.115295451232509283e-01
7.000000000000000000e+02 8.104179482944814383e-01
7.050001209453084812e+02 8.094102822984644563e-01
7.100000000000000000e+02 8.084982578018786725e-01
7.150001209453084812e+02 8.075369153129492439e-01
7.200000000000000000e+02 8.064620208428892045e-01
7.250001209453084812e+02 8.053809464101324700e-01
7.300000000000000000e+02 8.044145898005468087e-01
7.350001209453084812e+02 8.035184747700356844e-01
7.400000000000000000e+02 8.025493022011629396e-01
7.450001209453084812e+02 8.014783647045617965e-01
7.500000000000000000e+02 8.004301830693755226e-01
7.550001209453084812e+02 7.995001280121314391e-01
7.600000000000000000e+02 7.986127884692687529e-01
7.650001209453084812e+02 7.976357183205718959e-01
7.700000000000000000e+02 7.965755000850971435e-01
7.750001209453084812e+02 7.955647329752694175e-01
7.800000000000000000e+02 7.946677161806666723e-01
7.850001209453084812e+02 7.937843907377135633e-01
7.900000000000000000e+02 7.928007277832754829e-01
7.950001209453084812e+02 7.917561861394403211e-01
8.000000000000000000e+02 7.907831005954899517e-01
8.049998790546914051e+02 7.899127002753427718e-01
8.100000000000000000e+02 7.890283076481644509e-01
8.150001209453084812e+02 7.880404504428282220e-01
8.200000000000000000e+02 7.870170641771333520e-01
8.250001209453085949e+02 7.860823054447703129e-01
8.300000000000000000e+02 7.852337054633031777e-01
8.350001209453084812e+02 7.843459388658939879e-01
8.400000000000000000e+02 7.833577506709161753e-01
8.450001209453085949e+02 7.823599220169674684e-01
8.499999999999998863e+02 7.814613431120837062e-01
8.550001209453084812e+02 7.806279484228068055e-01
8.600000000000000000e+02 7.797344817229175939e-01
8.650001209453084812e+02 7.787501757020605098e-01
8.699999999999998863e+02 7.777819272605142054e-01
8.750001209453084812e+02 7.769169519975510640e-01
8.800000000000000000e+02 7.760935223961843432e-01
8.850001209453084812e+02 7.751943076001941435e-01
8.899999999999998863e+02 7.742191706027816700e-01
8.949998790546915188e+02 7.732833930796505495e-01
9.000000000000000000e+02 7.724479391898126934e-01
9.050001209453084812e+02 7.716290684283557688e-01
9.099999999999998863e+02 7.707244724081760978e-01
9.149998790546915188e+02 7.697631366991937174e-01
9.200000000000000000e+02 7.688612727317155615e-01
9.250001209453084812e+02 7.680510114114610376e-01
9.299999999999998863e+02 7.672329824928334485e-01
9.349998790546915188e+02 7.663252020171164025e-01
9.400000000000000000e+02 7.653824210954721652e-01
9.450001209453084812e+02 7.645147011368393919e-01
9.499999999999998863e+02 7.637247068497604596e-01
9.549998790546915188e+02 7.629045158556604367e-01
9.600000000000000000e+02 7.619962626059165745e-01
9.650001209453084812e+02 7.610759286393058431e-01
9.699999999999998863e+02 7.602410066690331591e-01
9.749998790546915188e+02 7.594661975534157117e-01
9.800000000000000000e+02 7.586422623440093327e-01
9.850001209453084812e+02 7.577375236744177123e-01
9.899999999999998863e+02 7.568432511513205618e-01
9.949998790546915188e+02 7.560387842456709473e-01
1.000000000000000000e+03 7.552741856825679889e-01
1.005000120945308481e+03 7.544458637196079787e-01
1.010000000000000114e+03 7.535488403987915529e-01
1.014999879054691405e+03 7.526830608865395789e-01
1.020000000000000000e+03 7.519056448202167120e-01
1.025000120945308481e+03 7.511467200255145249e-01
1.030000000000000000e+03 7.503145280009368978e-01
1.034999879054691519e+03 7.494296744750115202e-01
1.040000000000000000e+03 7.485940092262617362e-01
1.045000120945308481e+03 7.478398616203890681e-01
1.050000000000000000e+03 7.470829221559637245e-01
1.055000120945308481e+03 7.462482757069982542e-01
1.060000000000000000e+03 7.453796501856866374e-01
1.065000120945308481e+03 7.445743997463096786e-01
1.070000000000000000e+03 7.438392590456880393e-01
1.075000120945308481e+03 7.430815145066613781e-01
1.080000000000000000e+03 7.422467450277963064e-01
1.085000120945308481e+03 7.413980402480329079e-01
1.090000000000000000e+03 7.406224231820135451e-01
1.095000120945308481e+03 7.399020048380581249e-01
1.100000000000000000e+03 7.391418079551766995e-01
1.105000120945308481e+03 7.383100502046939795e-01
1.110000000000000000e+03 7.374842549213048715e-01
1.115000120945308481e+03 7.367362785735310782e-01
1.120000000000000000e+03 7.360262635204576354e-01
1.124999879054691519e+03 7.352629567702932967e-01
1.130000000000000000e+03 7.344378660502941525e-01
1.135000120945308481e+03 7.336372388720989735e-01
1.140000000000000000e+03 7.329141224057807991e-01
1.144999879054691519e+03 7.322105669703050657e-01
1.150000000000000000e+03 7.314444921236882280e-01
1.155000120945308481e+03 7.306299422206907757e-01
1.160000000000000000e+03 7.298558998815597443e-01
1.164999879054691519e+03 7.291542605455215709e-01
1.170000000000000000e+03 7.284537069755409044e-01
1.175000120945308481e+03 7.276859711464187530e-01
1.180000000000000000e+03 7.268856766359589328e-01
1.184999879054691519e+03 7.261387215920407368e-01
1.190000000000000000e+03 7.254549119580858685e-01
1.195000120945308481e+03 7.247547235515028330e-01
1.200000000000000000e+03 7.239872220443653861e-01
1.204999879054691519e+03 7.232045068641231866e-01
1.210000000000000000e+03 7.224841426253773013e-01
1.215000120945308481e+03 7.218144068774856592e-01
1.220000000000000000e+03 7.211128598559144454e-01
1.224999879054691519e+03 7.203481200041742527e-01
1.230000000000000000e+03 7.195856677280252356e-01
1.235000120945308481e+03 7.188904125107178356e-01
1.239999999999999773e+03 7.182310740797500648e-01
1.244999879054691519e+03 7.175274494066082864e-01
1.250000000000000000e+03 7.167685296835512032e-01
1.255000120945308481e+03 7.160283458307102888e-01
1.260000000000000000e+03 7.153559026433722323e-01
1.264999879054691519e+03 7.147034953630210241e-01
1.270000000000000000e+03 7.139979528771118744e-01
1.275000120945308481e+03 7.132481648961664922e-01
1.280000000000000000e+03 7.125315189101305569e-01
1.285000120945308481e+03 7.118789937833975845e-01
1.290000000000000000e+03 7.112304374765667792e-01
1.295000120945308481e+03 7.105239060464633161e-01
1.300000000000000000e+03 7.097865663260898295e-01
1.305000120945308481e+03 7.090939905123229137e-01
1.310000000000000000e+03 7.084581739518526211e-01
1.315000120945308481e+03 7.078109773467055055e-01
1.320000000000000000e+03 7.071050191794244766e-01
1.325000120945308481e+03 7.063831300107131783e-01
1.330000000000000000e+03 7.057143491280845060e-01
1.335000120945308481e+03 7.050919336308696383e-01
1.340000000000000000e+03 7.044443744330624035e-01
1.345000120945308481e+03 7.037410868373520367e-01
1.350000000000000000e+03 7.030371257319245615e-01
1.355000120945308481e+03 7.023910667974830879e-01
1.360000000000000000e+03 7.017788343337217905e-01
1.365000120945308481e+03 7.011300619815676871e-01
1.370000000000000000e+03 7.004319592578738263e-01
1.375000120945308481e+03 6.997477541972338955e-01
1.380000000000000000e+03 6.991225924520902968e-01
1.385000120945308481e+03 6.985175195178178198e-01
1.390000000000000000e+03 6.978675285850569621e-01
1.394999879054691519e+03 6.971773990611193073e-01
1.400000000000000000e+03 6.965141131198717694e-01
1.405000120945308481e+03 6.959074311994365436e-01
1.410000000000000000e+03 6.953068093860977905e-01
1.414999879054691519e+03 6.946563379779260305e-01
1.420000000000000000e+03 6.939770441486231567e-01
1.425000120945308481e+03 6.933351807662200272e-01
1.430000000000000000e+03 6.927441793134844206e-01
1.434999879054691519e+03 6.921457433924270708e-01
1.440000000000000000e+03 6.914961183040280179e-01
1.445000120945308481e+03 6.908303491958994735e-01
1.450000000000000000e+03 6.902097639383897310e-01
1.454999879054691519e+03 6.896315070340589548e-01
1.460000000000000000e+03 6.890335937617557693e-01
1.465000120945308481e+03 6.883865901843935209e-01
1.469999999999999773e+03 6.877366329960800106e-01
1.474999879054691519e+03 6.871365349808697953e-01
1.480000000000000000e+03 6.865681483275757335e-01
1.485000120945308481e+03 6.859698113454902879e-01
1.489999999999999773e+03 6.853275300951350291e-01
1.494999879054691519e+03 6.846951121134638996e-01
1.500000000000000000e+03 6.841140819663680261e-01
1.505000120945308481e+03 6.835528932159673499e-01
1.510000000000000000e+03 6.829539498080680060e-01
1.515000120945308481e+03 6.823187170131667090e-01
1.520000000000000000e+03 6.817049446859406725e-01
1.525000120945308481e+03 6.811410066965974952e-01
1.530000000000000000e+03 6.805846348898609843e-01
1.535000120945308481e+03 6.799856111304892758e-01
1.540000000000000000e+03 6.793598479235456455e-01
1.545000120945308481e+03 6.787652135103952045e-01
1.550000000000000000e+03 6.782159827989590051e-01
1.555000120945308481e+03 6.776624208292125751e-01
1.560000000000000000e+03 6.770644230412845577e-01
1.565000120945308481e+03 6.764504773227274503e-01
1.570000000000000000e+03 6.758749023847582249e-01
1.575000120945308481e+03 6.753377901990362808e-01
1.580000000000000000e+03 6.747854992294921583e-01
1.585000120945308481e+03 6.741900510430486326e-01
1.590000000000000000e+03 6.735900024754969406e-01
1.595000120945308254e+03 6.730328737401045647e-01
1.600000000000000000e+03 6.725052972646258231e-01
1.605000120945308481e+03 6.719533058958685467e-01
1.609999999999999773e+03 6.713622056251777881e-01
1.614999879054691519e+03 6.707776951764861106e-01
1.620000000000000000e+03 6.702378898200923585e-01
1.624999879054691291e+03 6.697174423915807084e-01
1.630000000000000000e+03 6.691654169597252011e-01
1.635000120945308254e+03 6.685806290604083824e-01
1.640000000000000000e+03 6.680127494958281176e-01
1.645000120945308481e+03 6.674886701047979543e-01
1.649999999999999773e+03 6.669732294330006361e-01
1.654999879054691519e+03 6.664214773537919800e-01
1.660000000000000000e+03 6.658450405170716069e-01
1.664999879054691291e+03 6.652943093780684380e-01
1.670000000000000000e+03 6.647839679161164916e-01
1.675000120945308254e+03 6.642717595952665199e-01
1.680000000000000000e+03 6.637211509108911223e-01
1.685000120945308481e+03 6.631550721089795042e-01
1.689999999999999773e+03 6.626214675533778076e-01
1.694999879054691519e+03 6.621226286337021927e-01
1.699999999999999773e+03 6.616122730826673459e-01
1.704999879054691291e+03 6.610641005578945517e-01
1.710000000000000000e+03 6.605102208056616853e-01
1.715000120945308709e+03 6.599932430068404798e-01
1.720000000000000000e+03 6.595036078089032694e-01
1.725000120945308481e+03 6.589941754118695538e-01
1.729999999999999773e+03 6.584500001740303254e-01
1.734999879054691519e+03 6.579098451740684750e-01
1.739999999999999773e+03 6.574085694533242652e-01
1.744999879054691291e+03 6.569259558875354399e-01
1.750000000000000000e+03 6.564170242814481027e-01
1.755000120945308709e+03 6.558785449863510086e-01
1.760000000000000000e+03 6.553531962779087783e-01
1.765000120945308481e+03 6.548663142080890509e-01
1.770000000000000227e+03 6.543887941320738477e-01
1.775000120945308481e+03 6.538804805337460335e-01
1.779999999999999773e+03 6.533494383143506612e-01
1.784999879054691291e+03 6.528394631819608440e-01
1.790000000000000000e+03 6.523653328300446086e-01
1.795000120945308709e+03 6.518913096313433408e-01
1.800000000000000000e+03 6.513842456441794049e-01
1.805000120945308254e+03 6.508623482187047005e-01
1.810000000000000000e+03 6.503678012741190839e-01
1.815000120945308481e+03 6.499045338893626456e-01
1.819999999999999773e+03 6.494327749457546872e-01
1.824999879054691519e+03 6.489280161579012995e-01
1.830000000000000000e+03 6.484168551720742579e-01
1.835000120945308709e+03 6.479373337113609743e-01
1.840000000000000000e+03 6.474829259743046794e-01
1.845000120945308254e+03 6.470125801036910040e-01
1.850000000000000000e+03 6.465114706997464600e-01
1.855000120945308481e+03 6.460124172226420214e-01
1.859999999999999773e+03 6.455471352525556927e-01
1.864999879054691519e+03 6.450996281725375203e-01
1.870000000000000000e+03 6.446302495758642337e-01
1.875000120945308709e+03 6.441342806541994204e-01
1.880000000000000000e+03 6.436483710956844018e-01
1.885000120945308254e+03 6.431962246637746849e-01
1.890000000000000000e+03 6.427538519707711728e-01
1.895000120945308481e+03 6.422854267656633587e-01
1.899999999999999773e+03 6.417961208424297626e-01
1.904999879054691519e+03 6.413239654221445374e-01
1.910000000000000000e+03 6.408835844002859217e-01
1.914999879054691291e+03 6.404448759819576509e-01
1.920000000000000000e+03 6.399778274988876525e-01
1.925000120945308254e+03 6.394966589213721964e-01
1.930000000000000000e+03 6.390384037521864569e-01
1.935000120945308481e+03 6.386082075921112322e-01
1.939999999999999773e+03 6.381720370387746755e-01
1.944999879054691519e+03 6.377071852584520473e-01
1.949999999999999773e+03 6.372355209848185043e-01
1.954999879054691291e+03 6.367908724150345146e-01
1.960000000000000000e+03 6.363691521216977565e-01
1.965000120945308709e+03 6.359347440756212277e-01
1.970000000000000000e+03 6.354732127471568459e-01
1.975000120945308481e+03 6.350122496076147094e-01
1.979999999999999773e+03 6.345805431745329406e-01
1.985000120945308481e+03 6.341655768248208869e-01
1.989999999999999773e+03 6.337325021043349604e-01
1.994999879054691291e+03 6.332755921355226469e-01
2.000000000000000000e+03 6.328262787308587267e-01
2.005000120945308709e+03 6.324065614148247638e-01
2.010000000000000000e+03 6.319967460850886010e-01
2.015000120945308254e+03 6.315649231785247508e-01
2.020000000000000227e+03 6.311139859064258673e-01
2.025000120945308481e+03 6.306769401649596762e-01
2.029999999999999773e+03 6.302680409667904549e-01
2.034999879054691291e+03 6.298620090881610345e-01
2.040000000000000000e+03 6.294317092152591497e-01
2.045000120945308709e+03 6.289880476654161612e-01
2.050000000000000000e+03 6.285634973481040166e-01
2.055000120945308481e+03 6.281640817488451933e-01
2.060000000000000000e+03 6.277607743029982590e-01
2.065000120945308481e+03 6.273326099289088242e-01
2.070000000000000000e+03 6.268974149027762843e-01
2.074999879054691519e+03 6.264851856085880133e-01
2.080000000000000000e+03 6.260938092229607621e-01
2.085000120945308481e+03 6.256924989999577136e-01
2.090000000000000000e+03 6.252673749185740926e-01
2.095000120945308481e+03 6.248416817191819739e-01
2.100000000000000000e+03 6.244412379639414645e-01
2.105000120945308481e+03 6.240564186547574721e-01
2.110000000000000000e+03 6.236566988876718343e-01
2.114999879054691519e+03 6.232357214040197269e-01
2.120000000000000000e+03 6.228203663021132375e-01
2.124999879054691519e+03 6.224308883287115179e-01
2.130000000000000000e+03 6.220512024635304060e-01
2.135000120945308481e+03 6.216529660508037791e-01
2.140000000000000000e+03 6.212373276792261256e-01
2.145000120945308481e+03 6.208328940873120150e-01
2.150000000000000000e+03 6.204533617162534265e-01
2.154999879054691519e+03 6.200775497726048746e-01
2.160000000000000000e+03 6.196809754248062685e-01
2.164999879054691064e+03 6.192718446612364147e-01
2.170000000000000000e+03 6.188786081118596849e-01
2.175000120945308481e+03 6.185078698453808643e-01
2.180000000000000000e+03 6.181349246249677742e-01
2.185000120945308481e+03 6.177404674915402127e-01
2.190000000000000000e+03 6.173389072092693164e-01
2.194999879054691519e+03 6.169568017391605652e-01
2.200000000000000000e+03 6.165936260787711065e-01
2.204999879054691064e+03 6.162228410441099591e-01
2.210000000000000000e+03 6.158312103917303881e-01
2.215000120945308481e+03 6.154381300303978231e-01
2.220000000000000000e+03 6.150667555925377616e-01
2.225000120945308481e+03 6.147098782200836053e-01
2.230000000000000000e+03 6.143408518676443109e-01
2.235000120945308481e+03 6.139529585516696475e-01
2.240000000000000000e+03 6.135690867269544269e-01
2.244999879054691064e+03 6.132077604498276102e-01
2.250000000000000000e+03 6.128559441738715696e-01
2.255000120945308481e+03 6.124885551375961468e-01
2.260000000000000000e+03 6.121054264151657431e-01
2.265000120945308481e+03 6.117312853048879617e-01
2.270000000000000000e+03 6.113791199090684580e-01
2.275000120945308481e+03 6.110312321119073520e-01
2.280000000000000000e+03 6.106656074264967815e-01
2.284999879054691064e+03 6.102882850691360161e-01
2.290000000000000000e+03 6.099241574076792460e-01
2.295000120945308481e+03 6.095801413708158423e-01
2.300000000000000000e+03 6.092352363421229544e-01
2.305000120945308481e+03 6.088717272854599072e-01
2.310000000000000000e+03 6.085011747556593464e-01
2.315000120945308481e+03 6.081470708919677337e-01
2.320000000000000000e+03 6.078101319680899728e-01
2.324999879054691519e+03 6.074675152105286635e-01
2.330000000000000000e+03 6.071066784128509308e-01
2.335000120945308481e+03 6.067437168563235561e-01
2.340000000000000000e+03 6.063993605915822815e-01
2.345000120945308481e+03 6.060684107351895777e-01
2.350000000000000000e+03 6.057276672611360269e-01
2.355000120945308481e+03 6.053702363069842773e-01
2.360000000000000000e+03 6.050155125339696793e-01
2.364999879054691519e+03 6.046803612972241337e-01
2.370000000000000000e+03 6.043543356449220250e-01
2.375000120945308481e+03 6.040153197136629570e-01
2.380000000000000000e+03 6.036621532696639925e-01
2.385000120945308481e+03 6.033161269368620960e-01
2.390000000000000000e+03 6.029894275011635774e-01
2.395000120945308481e+03 6.026673319236436344e-01
2.400000000000000000e+03 6.023301325866418088e-01
2.404999879054691519e+03 6.019821377239391591e-01
2.410000000000000000e+03 6.016450708941357695e-01
2.414999879054691064e+03 6.013259348572213003e-01
2.419999516218765621e+03 6.010069064128544802e-01
2.424999395273457139e+03 6.006718086980156190e-01
2.429999274328149113e+03 6.003298539173665960e-01
2.434999153382840177e+03 6.000017944449100860e-01
2.439999032437531696e+03 5.996892718299949854e-01
2.444998911492223215e+03 5.993726406468042889e-01
2.449998790546914279e+03 5.990400951710624922e-01
2.455001088507776785e+03 5.987049352228620558e-01
2.460000967562467849e+03 5.983857004334254270e-01
2.465000846617159823e+03 5.980788353766979260e-01
2.470000725671851342e+03 5.977641690375133932e-01
2.475000604726542406e+03 5.974347679471445627e-01
2.480000483781233925e+03 5.971069966259332507e-01
2.485000362835925444e+03 5.967961726342435602e-01
2.490000241890616962e+03 5.964940407278311874e-01
2.495000120945308481e+03 5.961811561628711509e-01
2.500000000000000000e+03 5.958556030475634646e-01
2.504999879054691519e+03 5.955356352647044327e-01
2.509999758109382583e+03 5.952326047181928370e-01
2.514999637164074556e+03 5.949343431557315709e-01
2.519999516218766075e+03 5.946232856618695051e-01
2.524999395273457139e+03 5.943023476292541574e-01
2.529999274328148658e+03 5.939904187414842829e-01
2.534999153382840177e+03 5.936944168081769169e-01
2.539999032437531696e+03 5.933992602833334518e-01
2.544998911492223215e+03 5.930902628458403214e-01
2.550001209453085266e+03 5.927747042910763708e-01
2.555001088507776785e+03 5.924708712879483974e-01
2.560000967562468304e+03 5.921810558490793186e-01
2.565000846617159368e+03 5.918883814730724335e-01
2.570000725671850887e+03 5.915818225084372717e-01
2.575000604726542861e+03 5.912723333600082842e-01
2.580000483781233925e+03 5.909764705235391880e-01
2.585000362835925444e+03 5.906919873670217758e-01
2.590000241890616962e+03 5.904013590789580768e-01
2.595000120945308481e+03 5.900977295115202859e-01
2.600000000000000000e+03 5.897948666625940639e-01
2.604999879054691519e+03 5.895066609974827232e-01
2.609999758109383038e+03 5.892266909529529917e-01
2.614999637164074102e+03 5.889378872635118167e-01
2.619999516218765621e+03 5.886377651481929929e-01
2.624999395273457594e+03 5.883419200380396452e-01
2.629999274328148658e+03 5.880608795704161951e-01
2.634999153382840177e+03 5.877846675795507236e-01
2.639999032437531696e+03 5.874976809091555507e-01
2.644998911492223215e+03 5.872017028063533095e-01
2.650001209453085266e+03 5.869130952147664226e-01
2.655001088507776785e+03 5.866385804735373410e-01
2.660000967562468304e+03 5.863654569196259381e-01
2.665000846617159823e+03 5.860804653062887670e-01
2.670000725671851342e+03 5.857892844615708583e-01
2.675000604726542406e+03 5.855079711237736184e-01
2.680000483781233925e+03 5.852392488076627597e-01
2.685000362835925444e+03 5.849686544910293051e-01
2.690000241890616962e+03 5.846859780709250387e-01
2.695000120945308481e+03 5.844002092367498458e-01
2.700000000000000000e+03 5.841260935870949966e-01
2.704999879054691064e+03 5.838623997487580874e-01
2.709999758109383038e+03 5.835939172344705161e-01
2.714999637164074556e+03 5.833139756403804554e-01
2.719999516218765621e+03 5.830341376920525898e-01
2.724999395273457139e+03 5.827669741792835811e-01
2.729999274328148658e+03 5.825075702703673697e-01
2.734999153382840177e+03 5.822409536323616130e-01
2.739999032437531696e+03 5.819642335781572973e-01
2.744998911492223215e+03 5.816907056103958196e-01
2.750001209453085266e+03 5.814301031932311847e-01
2.755001088507776785e+03 5.811743141384760891e-01
2.760000967562468304e+03 5.809095035780060812e-01
2.765000846617159368e+03 5.806365348720259334e-01
2.770000725671851342e+03 5.803695362383581857e-01
2.775000604726542861e+03 5.801149722440088752e-01
2.780000483781233925e+03 5.798622071917337584e-01
2.785000362835925444e+03 5.795993193805984989e-01
2.790000241890616962e+03 5.793306497225899632e-01
2.795000120945308481e+03 5.790702430741999640e-01
2.800000000000000000e+03 5.788210955391381862e-01
2.804999879054691519e+03 5.785708607994993757e-01
2.809999758109382583e+03 5.783101565329190619e-01
2.814999637164074102e+03 5.780463167012759307e-01
2.819999516218766075e+03 5.777924234192641784e-01
2.824999395273457139e+03 5.775480205269969414e-01
2.829999274328148658e+03 5.772999348247804807e-01
2.834999153382840177e+03 5.770417754903710561e-01
2.839999032437531696e+03 5.767832348232777573e-01
2.844998911492223215e+03 5.765356506226094746e-01
2.850001209453085266e+03 5.762953259084223623e-01
2.855001088507776785e+03 5.760491403678581479e-01
2.860000967562468304e+03 5.757939473482091008e-01
2.865000846617159823e+03 5.755410692489916213e-01
2.870000725671850887e+03 5.752994743346627748e-01
2.875000604726542406e+03 5.750626131593503665e-01
2.880000483781234379e+03 5.748182294134338566e-01
2.885000362835925444e+03 5.745664542000203934e-01
2.890000241890616962e+03 5.743194648411032999e-01
2.895000120945308481e+03 5.740834325638444202e-01
2.900000000000000000e+03 5.738495012167244003e-01
2.904999879054691519e+03 5.736069762618081214e-01
2.909999758109383038e+03 5.733590794271495872e-01
2.914999637164074556e+03 5.731180579529282504e-01
2.919999516218765621e+03 5.728870712959449607e-01
2.924999395273457139e+03 5.726556298699094771e-01
2.929999274328148658e+03 5.724151605969549639e-01
2.934999153382840177e+03 5.721715910928283355e-01
2.939999032437531696e+03 5.719364796391693817e-01
2.944998911492223215e+03 5.717099623237072992e-01
2.949998790546914279e+03 5.714806702618954182e-01
2.955001088507776785e+03 5.712425596774109993e-01
2.960000967562467849e+03 5.710037270270336140e-01
2.965000846617159823e+03 5.707743508265187282e-01
2.970000725671851342e+03 5.705517112299587357e-01
2.975000604726542406e+03 5.703243344192294728e-01
2.980000483781233925e+03 5.700889501545740590e-01
2.985000362835925444e+03 5.698551898195260978e-01
2.990000241890616962e+03 5.696312764520270466e-01
2.995000120945308481e+03 5.694119542525682975e-01
3.000000000000000000e+03 5.691863761275843814e-01
3.004999879054691519e+03 5.689541133457748368e-01
3.009999758109382583e+03 5.687256534617909365e-01
3.014999637164074556e+03 5.685068464289526613e-01
3.019999516218766075e+03 5.682903497952029870e-01
3.024999395273457139e+03 5.680665805483409159e-01
3.029999274328148658e+03 5.678378358130612424e-01
3.034999153382840177e+03 5.676147764818648689e-01
3.039999032437531696e+03 5.674006464825904761e-01
3.044998911492223215e+03 5.671865727992871919e-01
3.050001209453085266e+03 5.669647474496121164e-01
3.055001088507776785e+03 5.667399015128279371e-01
3.060000967562468304e+03 5.665222129708142873e-01
3.065000846617159368e+03 5.663122749551262602e-01
3.070000725671850887e+03 5.661003167992696428e-01
3.075000604726542861e+03 5.658806764233260678e-01
3.080000483781233925e+03 5.656600782867483579e-01
3.085000362835925444e+03 5.654476159459009832e-01
3.090000241890616962e+03 5.652413573617176556e-01
3.095000120945308481e+03 5.650313018915666952e-01
3.100000000000000000e+03 5.648141604371207380e-01
3.104999879054691519e+03 5.645981063630337582e-01
3.109999758109383038e+03 5.643906336268221802e-01
3.114999637164074102e+03 5.641875521007636562e-01
3.119999516218765621e+03 5.639792818616644610e-01
3.124999395273457594e+03 5.637649879610742154e-01
3.129999274328148658e+03 5.635536955951749860e-01
3.134999153382840177e+03 5.633509047986713369e-01
3.139999032437531696e+03 5.631505463790579258e-01
3.144998911492223215e+03 5.629440436384058888e-01
3.150001209453085266e+03 5.627329479457270356e-01
3.155001088507776785e+03 5.625265326774768759e-01
3.160000967562468304e+03 5.623280600816494834e-01
3.165000846617159823e+03 5.621300478216765262e-01
3.170000725671850887e+03 5.619253974072485613e-01
3.175000604726542861e+03 5.617178308254466845e-01
3.180000483781233925e+03 5.615162935687116885e-01
3.185000362835925444e+03 5.613217313628228178e-01
3.190000241890616508e+03 5.611257787016976639e-01
3.195000120945308481e+03 5.609231615875208687e-01
3.200000000000000000e+03 5.607194222493279145e-01
3.204999879054691064e+03 5.605226536715767205e-01
3.209999758109383038e+03 5.603315659925195424e-01
3.214999637164074102e+03 5.601374769718037161e-01
3.219999516218765621e+03 5.599371502313773563e-01
3.224999395273457594e+03 5.597374923325367790e-01
3.229999274328148658e+03 5.595452910017657544e-01
3.234999153382840177e+03 5.593572384435414602e-01
3.239999032437531241e+03 5.591649024100819876e-01
3.244998911492223215e+03 5.589671679156108519e-01
3.249998790546914734e+03 5.587717869175188312e-01
3.255001088507776785e+03 5.585838831256164649e-01
3.260000967562468304e+03 5.583984540380987349e-01
3.265000846617159368e+03 5.582078417779557933e-01
3.270000725671851342e+03 5.580130122032900264e-01
3.275000604726542406e+03 5.578220265317052062e-01
3.280000483781233925e+03 5.576381033868115233e-01
3.285000362835925898e+03 5.574549443107994495e-01
3.290000241890616962e+03 5.572661074890777888e-01
3.295000120945308481e+03 5.570744785383019426e-01
3.299999999999999545e+03 5.568879138195560463e-01
3.304999879054691519e+03 5.567076220946186593e-01
3.309999758109383038e+03 5.565264587150594577e-01
3.314999637164074102e+03 5.563395283599545937e-01
3.319999516218766075e+03 5.561513616007617289e-01
3.324999395273457139e+03 5.559691450828376791e-01
3.329999274328148658e+03 5.557921146002583468e-01
3.334999153382840632e+03 5.556127589263687439e-01
3.339999032437531696e+03 5.554279365076777442e-01
3.344998911492223215e+03 5.552434505024117506e-01
3.350001209453085266e+03 5.550654194045001599e-01
3.355001088507776785e+03 5.548912730872977983e-01
3.360000967562467849e+03 5.547136192237049901e-01
3.365000846617159823e+03 5.545311566568362771e-01
3.370000725671851342e+03 5.543505202761848105e-01
3.375000604726542406e+03 5.541764414875867129e-01
3.380000483781234379e+03 5.540048157339140245e-01
3.385000362835925444e+03 5.538288311095675986e-01
3.390000241890616962e+03 5.536490024107526553e-01
3.395000120945308936e+03 5.534723254002918980e-01
3.399999999999999545e+03 5.533019189844199381e-01
3.404999879054691519e+03 5.531324888761798286e-01
3.409999758109382583e+03 5.529582071757010997e-01
3.414999637164074102e+03 5.527812790245651975e-01
3.419999516218766075e+03 5.526085999793486359e-01
3.424999395273457139e+03 5.524415591788227609e-01
3.429999274328148658e+03 5.522740619150460217e-01
3.434999153382839722e+03 5.521015792596690730e-01
3.439999032437531696e+03 5.519277882736194352e-01
3.444998911492223215e+03 5.517590650769897964e-01
3.450001209453085266e+03 5.515950700137157714e-01
3.455001088507776785e+03 5.514293193331774035e-01
3.460000967562467849e+03 5.512587900826673160e-01
3.465000846617159823e+03 5.510883301372969667e-01
3.470000725671850887e+03 5.509234392266325608e-01
3.475000604726542406e+03 5.507621668721733865e-01
3.480000483781234379e+03 5.505980552175659959e-01
3.485000362835925444e+03 5.504296819090649384e-01
3.490000241890616962e+03 5.502626991544531387e-01
3.495000120945308026e+03 5.501014465279149279e-01
3.500000000000000000e+03 5.499425821553245441e-01
3.504999879054691519e+03 5.497800731791783191e-01
3.509999758109382583e+03 5.496140877729239760e-01
3.514999637164074556e+03 5.494506778552128434e-01
3.519999516218765621e+03 5.492928188936444522e-01
3.524999395273457139e+03 5.491360724373908209e-01
3.529999274328149113e+03 5.489751899127730539e-01
3.534999153382840177e+03 5.488118288735535089e-01
3.539999032437531696e+03 5.486520319090985032e-01
3.544998911492222760e+03 5.484972936514282971e-01
3.550001209453085266e+03 5.483424192933292751e-01
3.555001088507776331e+03 5.481832381060665060e-01
3.560000967562468304e+03 5.480227177239096470e-01
3.565000846617159823e+03 5.478665112297641526e-01
3.570000725671850887e+03 5.477146105292116651e-01
3.575000604726542861e+03 5.475614240166309932e-01
3.580000483781233925e+03 5.474040644022726276e-01
3.585000362835925444e+03 5.472465629090287331e-01
3.590000241890617417e+03 5.470938569492118653e-01
3.595000120945308481e+03 5.469445123549748766e-01
3.600000000000000000e+03 5.467929000368310088e-01
3.604999879054691064e+03 5.466375220203502083e-01
3.609999758109383038e+03 5.464831710300257495e-01
3.614999637164074556e+03 5.463338108642964430e-01
3.619999516218765621e+03 5.461867506337744205e-01
3.624999395273457594e+03 5.460366678036878696e-01
3.629999274328148658e+03 5.458834611155700678e-01
3.634999153382840177e+03 5.457323440526890002e-01
3.639999032437532151e+03 5.455861223641897961e-01
3.644998911492222760e+03 5.454410932993064565e-01
3.649998790546914734e+03 5.452925543976957501e-01
3.655001088507776331e+03 5.451417216694255385e-01
3.660000967562468304e+03 5.449938741487149185e-01
3.665000846617159368e+03 5.448505502516128862e-01
3.670000725671850887e+03 5.447073301132474565e-01
3.675000604726542861e+03 5.445603964527533369e-01
3.680000483781233925e+03 5.444121319458873343e-01
3.685000362835925444e+03 5.442675402373446936e-01
3.690000241890616508e+03 5.441268603100770651e-01
3.695000120945308481e+03 5.439852725064099337e-01
3.700000000000000000e+03 5.438400422845599547e-01
3.704999879054691064e+03 5.436945118615557071e-01
3.709999758109383038e+03 5.435531095661650935e-01
3.714999637164074102e+03 5.434148225163905055e-01
3.719999516218765621e+03 5.432747482614772583e-01
3.724999395273457594e+03 5.431313499892068686e-01
3.729999274328148658e+03 5.429886776251915403e-01
3.734999153382840177e+03 5.428503442105968579e-01
3.739999032437531241e+03 5.427142114128020722e-01
3.744998911492223215e+03 5.425755944954506749e-01
3.750001209453084812e+03 5.424341810163861854e-01
3.755001088507776785e+03 5.422944438502625975e-01
3.760000967562468304e+03 5.421590094452316544e-01
3.765000846617159368e+03 5.420248106034168956e-01
3.770000725671851342e+03 5.418876528819718263e-01
3.775000604726542406e+03 5.417483920789056828e-01
3.780000483781233925e+03 5.416116216466143607e-01
3.785000362835925898e+03 5.414788795393452592e-01
3.790000241890616962e+03 5.413464189242184199e-01
3.795000120945308481e+03 5.412107692683639781e-01
3.799999999999999545e+03 5.410738295387941266e-01
3.804999879054691519e+03 5.409400145984434305e-01
3.809999758109383038e+03 5.408097390753301426e-01
3.814999637164074102e+03 5.406788544195331170e-01
3.819999516218766075e+03 5.405447960383396033e-01
3.824999395273457139e+03 5.404103287108920073e-01
3.829999274328148658e+03 5.402794162859793081e-01
3.834999153382840632e+03 5.401513805102325927e-01
3.839999032437531696e+03 5.400219534980139624e-01
3.844998911492223215e+03 5.398895938434229436e-01
3.850001209453085266e+03 5.397577173895734548e-01
3.855001088507776785e+03 5.396296121625904219e-01
3.860000967562467849e+03 5.395036014661080959e-01
3.865000846617159823e+03 5.393755657233962886e-01
3.870000725671851342e+03 5.392450299051947393e-01
3.875000604726542406e+03 5.391158203410438832e-01
3.880000483781234379e+03 5.389903854800200955e-01
3.885000362835924989e+03 5.388662048260205450e-01
3.890000241890616962e+03 5.387395473777665256e-01
3.895000120945308936e+03 5.386109724574612567e-01
3.899999999999999545e+03 5.384844614497604764e-01
3.904999879054691519e+03 5.383615244938025901e-01
3.909999758109382583e+03 5.382390022642200567e-01
3.914999637164074102e+03 5.381137572140175518e-01
3.919999516218766075e+03 5.379872841482221668e-01
3.924999395273457139e+03 5.378634623326256081e-01
3.929999274328148658e+03 5.377428273682434146e-01
3.934999153382839722e+03 5.376218191364976473e-01
3.939999032437531696e+03 5.374980560750425296e-01
3.944998911492223215e+03 5.373738176331094296e-01
3.950001209453085266e+03 5.372526392628445002e-01
3.955001088507776785e+03 5.371341028560243647e-01
3.960000967562467849e+03 5.370144973340518213e-01
3.965000846617159823e+03 5.368923089594775933e-01
3.970000725671850887e+03 5.367704155931267707e-01
3.975000604726542406e+03 5.366518013790747554e-01
3.980000483781234379e+03 5.365351678823992998e-01
3.985000362835925444e+03 5.364168939285626214e-01
3.990000241890616962e+03 5.362963864797480884e-01
3.995000120945308026e+03 5.361769143496381007e-01
4.000000000000000000e+03 5.360607526042824311e-01
4.004999879054691519e+03 5.359458449188496676e-01
4.009999758109382583e+03 5.358288762438662145e-01
4.014999637164074556e+03 5.357101634076386620e-01
4.019999516218765621e+03 5.355931480668282285e-01
4.024999395273457139e+03 5.354792969897632648e-01
4.029999274328149113e+03 5.353659617808801396e-01
4.034999153382840177e+03 5.352503160467216858e-01
4.039999032437531696e+03 5.351335140284391167e-01
4.044998911492222760e+03 5.350189509089995354e-01
4.050001209453085266e+03 5.349072448481581032e-01
4.055001088507776331e+03 5.347953543955120681e-01
4.060000967562468304e+03 5.346810858271041633e-01
4.065000846617159823e+03 5.345663067143003877e-01
4.070000725671850887e+03 5.344541560602804608e-01
4.075000604726542861e+03 5.343444167242867859e-01
4.080000483781233925e+03 5.342338706259965875e-01
4.085000362835925444e+03 5.341210585687570234e-01
4.090000241890617417e+03 5.340084006451429888e-01
4.095000120945308481e+03 5.338985932600583961e-01
4.100000000000000000e+03 5.337906436216983685e-01
4.104999879054691519e+03 5.336813722328522802e-01
4.109999758109383038e+03 5.335701095300147134e-01
4.114999637164074556e+03 5.334596463645266962e-01
4.119999516218766075e+03 5.333520875434694108e-01
4.124999395273457594e+03 5.332457645307265848e-01
4.129999274328148203e+03 5.331377332860836038e-01
4.134999153382839722e+03 5.330281176545892396e-01
4.139999032437532151e+03 5.329198892804737353e-01
4.144998911492222760e+03 5.328144611005882769e-01
4.149998790546914279e+03 5.327096238997269806e-01
4.155001088507776331e+03 5.326028355528512614e-01
4.160000967562467849e+03 5.324949643083128903e-01
4.165000846617159368e+03 5.323889737039123604e-01
4.170000725671850887e+03 5.322855379397197773e-01
4.175000604726542406e+03 5.321820711882618848e-01
4.180000483781233925e+03 5.320765632884486562e-01
4.185000362835925444e+03 5.319705294913242843e-01
4.190000241890616962e+03 5.318667448217975213e-01
4.195000120945308481e+03 5.317651490969003136e-01
4.200000000000000000e+03 5.316629630487217373e-01
4.204999879054691519e+03 5.315588001717012068e-01
4.209999758109383038e+03 5.314546874264117760e-01
4.214999637164073647e+03 5.313530480098809239e-01
4.219999516218766075e+03 5.312531357215131145e-01
4.224999395273457594e+03 5.311521662686281564e-01
4.229999274328148203e+03 5.310494291190644978e-01
4.234999153382840632e+03 5.309473042038970192e-01
4.239999032437531241e+03 5.308477268395107584e-01
4.244998911492222760e+03 5.307493489159673672e-01
4.249998790546915188e+03 5.306495591032612813e-01
4.255001088507776331e+03 5.305483340336364373e-01
4.260000967562468759e+03 5.304482386786001369e-01
4.265000846617159368e+03 5.303506221339608917e-01
4.270000725671850887e+03 5.302536472877988905e-01
4.275000604726542406e+03 5.301550295060245555e-01
4.280000483781233925e+03 5.300554010858022913e-01
4.285000362835925444e+03 5.299573459022599575e-01
4.290000241890616962e+03 5.298615736975850199e-01
4.295000120945308481e+03 5.297658944506317136e-01
4.300000000000000000e+03 5.296684709747934150e-01
4.304999879054691519e+03 5.295705177290896959e-01
4.309999758109383038e+03 5.294744808053369889e-01
4.314999637164074556e+03 5.293804243558659639e-01
4.319999516218766075e+03 5.292859584904618941e-01
4.324999395273456685e+03 5.291897779854377593e-01
4.329999274328149113e+03 5.290935696229180918e-01
4.334999153382840632e+03 5.289995000581253493e-01
4.339999032437531241e+03 5.289070242400127908e-01
4.344998911492223669e+03 5.288137136071470179e-01
4.350001209453084812e+03 5.287188434105888346e-01
4.355001088507777240e+03 5.286244371243368212e-01
4.360000967562467849e+03 5.285322614879037761e-01
4.365000846617159368e+03 5.284412331612637903e-01
4.370000725671851797e+03 5.283490423868186792e-01
4.375000604726542406e+03 5.282555585475006144e-01
4.380000483781233925e+03 5.281629936390349611e-01
4.385000362835925444e+03 5.280726224471481434e-01
4.390000241890616962e+03 5.279829201538469574e-01
4.395000120945308481e+03 5.278918366880132051e-01
4.400000000000000000e+03 5.277998147888236513e-01
4.404999879054691519e+03 5.277091067521525458e-01
4.409999758109382128e+03 5.276204390996243054e-01
4.414999637164074556e+03 5.275319609935573695e-01
4.419999516218766075e+03 5.274419958723406410e-01
4.424999395273456685e+03 5.273515048539102468e-01
4.429999274328149113e+03 5.272626415045814641e-01
4.434999153382839722e+03 5.271755679067436917e-01
4.439999032437531241e+03 5.270882358709890747e-01
4.444998911492223669e+03 5.269994230127440504e-01
4.450001209453084812e+03 5.269105220792484889e-01
4.455001088507777240e+03 5.268234637293707223e-01
4.460000967562467849e+03 5.267378690875804681e-01
4.465000846617159368e+03 5.266516287184209721e-01
4.470000725671850887e+03 5.265640210254534104e-01
4.475000604726542406e+03 5.264767579052546109e-01
4.480000483781233925e+03 5.263914417132355972e-01
4.485000362835925444e+03 5.263072101254872015e-01
4.490000241890616962e+03 5.262220284948585514e-01
4.495000120945308481e+03 5.261356905352911895e-01
4.500000000000000000e+03 5.260500991550215444e-01
4.504999879054691519e+03 5.259664456884064476e-01
4.509999758109383038e+03 5.258834675125846347e-01
4.514999637164074556e+03 5.257993309608397503e-01
4.519999516218765166e+03 5.257143301220962295e-01
4.524999395273457594e+03 5.256304268824056880e-01
4.529999274328149113e+03 5.255483464327107557e-01
4.534999153382839722e+03 5.254665260474535859e-01
4.539999032437532151e+03 5.253834392129208553e-01
4.544998911492222760e+03 5.252998379224160796e-01
4.550001209453085721e+03 5.252176177029158621e-01
4.555001088507776331e+03 5.251370146646912040e-01
4.560000967562467849e+03 5.250562764031370122e-01
4.565000846617160278e+03 5.249742619572550506e-01
4.570000725671850887e+03 5.248921128224464105e-01
4.575000604726542406e+03 5.248115468259837435e-01
4.580000483781233925e+03 5.247323223517241786e-01
4.585000362835925444e+03 5.246526129458320975e-01
4.590000241890616962e+03 5.245717102379204855e-01
4.595000120945308481e+03 5.244910539876803668e-01
4.600000000000000000e+03 5.244120910284786330e-01
4.604999879054691519e+03 5.243341455559520359e-01
4.609999758109383038e+03 5.242554330327682255e-01
4.614999637164074556e+03 5.241756940781769902e-01
4.619999516218765166e+03 5.240965588423864840e-01
4.624999395273457594e+03 5.240191300741332547e-01
4.629999274328148203e+03 5.239423673216538901e-01
4.634999153382839722e+03 5.238646379961405808e-01
4.639999032437532151e+03 5.237861208307673655e-01
4.644998911492222760e+03 5.237085209544855013e-01
4.649998790546914279e+03 5.236325462760680338e-01
4.655001088507776331e+03 5.235568788665067030e-01
4.660000967562467849e+03 5.234801345509301207e-01
4.665000846617159368e+03 5.234028956073596417e-01
4.670000725671850887e+03 5.233268293160132645e-01
4.675000604726542406e+03 5.232522232121029626e-01
4.680000483781233925e+03 5.231775786899318659e-01
4.685000362835925444e+03 5.231018350967816533e-01
4.690000241890616962e+03 5.230259228070263111e-01
4.695000120945308481e+03 5.229513696937445610e-01
4.700000000000000000e+03 5.228780452134204060e-01
4.704999879054691519e+03 5.228043702893748756e-01
4.709999758109383038e+03 5.227296561603913538e-01
4.714999637164073647e+03 5.226551072987315472e-01
4.719999516218766075e+03 5.225820274341669291e-01
4.724999395273457594e+03 5.225098984199213481e-01
4.729999274328148203e+03 5.224371600813136896e-01
4.734999153382840632e+03 5.223635154613469611e-01
4.739999032437531241e+03 5.222903541089339852e-01
4.744998911492222760e+03 5.222186900823482247e-01
4.750001209453084812e+03 5.221476731841214747e-01
4.755001088507776331e+03 5.220758567370816783e-01
4.760000967562468759e+03 5.220033292015721083e-01
4.765000846617159368e+03 5.219315668522556129e-01
4.770000725671850887e+03 5.218612485492518660e-01
4.775000604726542406e+03 5.217912663064770973e-01
4.780000483781233925e+03 5.217203719589402766e-01
4.785000362835925444e+03 5.216490107729743197e-01
4.790000241890616962e+03 5.215786460579580064e-01
4.795000120945308481e+03 5.215095966712796072e-01
4.800000000000000000e+03 5.214405818788115932e-01
4.804999879054691519e+03 5.213706216055350451e-01
4.809999758109383038e+03 5.213004712858962941e-01
4.814999637164074556e+03 5.212314887697652166e-01
4.819999516218766075e+03 5.211636300169435465e-01
4.824999395273456685e+03 5.210955302277913148e-01
4.829999274328149113e+03 5.210265258783726150e-01
4.834999153382840632e+03 5.209576211249485889e-01
4.839999032437531241e+03 5.208899898890284597e-01
4.844998911492223669e+03 5.208232454382331067e-01
4.850001209453084812e+03 5.207560257873556919e-01
4.855001088507777240e+03 5.206880078668889578e-01
4.860000967562467849e+03 5.206203710448172872e-01
4.865000846617159368e+03 5.205540447303999008e-01
4.870000725671851797e+03 5.204883419061693273e-01
4.875000604726542406e+03 5.204219851880815817e-01
4.880000483781233925e+03 5.203549911168120490e-01
4.885000362835925444e+03 5.202886320117979801e-01
4.890000241890616962e+03 5.202235512164489206e-01
4.895000120945308481e+03 5.201588224679700723e-01
4.900000000000000000e+03 5.200933266247069753e-01
4.904999879054691519e+03 5.200273973101242619e-01
4.909999758109382128e+03 5.199623139714429909e-01
4.914999637164074556e+03 5.198984108754798328e-01
4.919999516218766075e+03 5.198345960011940825e-01
4.924999395273456685e+03 5.197699705226987987e-01
4.929999274328149113e+03 5.197051453839659496e-01
4.934999153382839722e+03 5.196413245217227361e-01
4.939999032437531241e+03 5.195785283578452374e-01
4.944998911492223669e+03 5.195155777391670116e-01
4.950001209453084812e+03 5.194518404328862804e-01
4.955001088507777240e+03 5.193881521533934009e-01
4.960000967562467849e+03 5.193255687698485890e-01
4.965000846617159368e+03 5.192638103305420305e-01
4.970000725671850887e+03 5.192016881484647906e-01
4.975000604726542406e+03 5.191388631561170142e-01
4.980000483781233925e+03 5.190763337966745050e-01
4.985000362835925444e+03 5.190149505796681773e-01
4.990000241890616962e+03 5.189541650004984019e-01
