5.000000000000000000e+01 8.314757271520238745e-08
1.000000000000000000e+02 7.821994946205640184e-08
2.000000000000000000e+02 7.468713511001899099e-08
4.000000000000000000e+02 7.247884052939615980e-08
6.000000000000000000e+02 7.163713970990002981e-08
8.000000000000000000e+02 7.118549896416224321e-08
1.000000000000000000e+03 7.090136148565205117e-08
1.200000000000000000e+03 7.070489741546936326e-08
1.400000000000000000e+03 7.056039195799184807e-08
1.600000000000000000e+03 7.044942189652815576e-08
1.800000000000000000e+03 7.036136861216519198e-08
2.000000000000000000e+03 7.028961974510818602e-08
