1.000000000000000048e-04 9.101937447007875757e-08
5.000000000000000104e-04 9.426172252644524195e-08
1.000000000000000021e-03 9.455817446253232124e-08
1.500000000000000031e-03 9.102477660784660988e-08
2.000000000000000042e-03 8.648761831077684224e-08
2.500000000000000052e-03 8.221636970309020800e-08
3.000000000000000062e-03 7.860867541572001012e-08
3.500000000000000073e-03 7.569472138192710058e-08
4.000000000000000083e-03 7.337911164171015291e-08
4.499999999999999660e-03 7.154362897836301928e-08
5.000000000000000104e-03 7.008207965631188593e-08
5.499999999999999681e-03 6.890993093596379384e-08
6.000000000000000125e-03 6.796200803416728342e-08
6.499999999999999702e-03 6.719144416722621268e-08
